6.000000000000000000e+00
7.000000000000000000e+00
2.400000000000000000e+01
2.500000000000000000e+01
3.400000000000000000e+01
4.400000000000000000e+01
4.500000000000000000e+01
6.400000000000000000e+01
6.500000000000000000e+01
7.100000000000000000e+01
7.200000000000000000e+01
1.570000000000000000e+02
1.580000000000000000e+02
1.890000000000000000e+02
2.000000000000000000e+02
2.010000000000000000e+02
3.100000000000000000e+02
3.110000000000000000e+02
3.460000000000000000e+02
4.050000000000000000e+02
4.060000000000000000e+02
4.270000000000000000e+02
4.280000000000000000e+02
4.630000000000000000e+02
4.980000000000000000e+02
5.470000000000000000e+02
5.480000000000000000e+02
5.950000000000000000e+02
5.960000000000000000e+02
7.750000000000000000e+02
7.760000000000000000e+02
7.830000000000000000e+02
7.840000000000000000e+02
8.610000000000000000e+02
8.620000000000000000e+02
8.890000000000000000e+02
8.900000000000000000e+02
9.380000000000000000e+02
9.390000000000000000e+02
1.018000000000000000e+03
1.019000000000000000e+03
1.129000000000000000e+03
1.130000000000000000e+03
1.154000000000000000e+03
1.182000000000000000e+03
1.208000000000000000e+03
1.209000000000000000e+03
1.285000000000000000e+03
1.286000000000000000e+03
1.290000000000000000e+03
1.291000000000000000e+03
1.357000000000000000e+03
1.358000000000000000e+03
1.363000000000000000e+03
1.375000000000000000e+03
1.392000000000000000e+03
1.393000000000000000e+03
1.432000000000000000e+03
1.501000000000000000e+03
1.535000000000000000e+03
1.580000000000000000e+03
1.621000000000000000e+03
1.663000000000000000e+03
1.680000000000000000e+03
1.681000000000000000e+03
1.694000000000000000e+03
1.695000000000000000e+03
1.833000000000000000e+03
1.929000000000000000e+03
1.974000000000000000e+03
2.049000000000000000e+03
2.135000000000000000e+03
2.136000000000000000e+03
2.203000000000000000e+03
2.204000000000000000e+03
2.207000000000000000e+03
2.208000000000000000e+03
2.221000000000000000e+03
2.251000000000000000e+03
2.440000000000000000e+03
2.441000000000000000e+03
2.487000000000000000e+03
2.501000000000000000e+03
2.523000000000000000e+03
2.527000000000000000e+03
2.543000000000000000e+03
2.647000000000000000e+03
2.648000000000000000e+03
2.681000000000000000e+03
2.708000000000000000e+03
2.759000000000000000e+03
2.770000000000000000e+03
2.782000000000000000e+03
2.783000000000000000e+03
2.786000000000000000e+03
2.814000000000000000e+03
2.832000000000000000e+03
2.833000000000000000e+03
3.020000000000000000e+03
3.021000000000000000e+03
3.053000000000000000e+03
3.074000000000000000e+03
3.121000000000000000e+03
3.144000000000000000e+03
3.152000000000000000e+03
3.214000000000000000e+03
3.247000000000000000e+03
3.286000000000000000e+03
3.287000000000000000e+03
3.290000000000000000e+03
3.328000000000000000e+03
3.350000000000000000e+03
3.416000000000000000e+03
3.417000000000000000e+03
3.427000000000000000e+03
3.428000000000000000e+03
3.622000000000000000e+03
3.652000000000000000e+03
3.697000000000000000e+03
3.698000000000000000e+03
3.725000000000000000e+03
3.726000000000000000e+03
3.738000000000000000e+03
3.768000000000000000e+03
3.851000000000000000e+03
4.108000000000000000e+03
4.248000000000000000e+03
4.301000000000000000e+03
4.302000000000000000e+03
4.319000000000000000e+03
4.331000000000000000e+03
4.536000000000000000e+03
4.537000000000000000e+03
4.581000000000000000e+03
4.582000000000000000e+03
4.589000000000000000e+03
4.604000000000000000e+03
4.648000000000000000e+03
4.689000000000000000e+03
4.690000000000000000e+03
4.709000000000000000e+03
4.729000000000000000e+03
4.786000000000000000e+03
4.794000000000000000e+03
4.800000000000000000e+03
4.801000000000000000e+03
4.833000000000000000e+03
4.881000000000000000e+03
4.886000000000000000e+03
4.913000000000000000e+03
4.932000000000000000e+03
4.933000000000000000e+03
4.947000000000000000e+03
5.007000000000000000e+03
5.106000000000000000e+03
5.148000000000000000e+03
5.201000000000000000e+03
5.259000000000000000e+03
5.315000000000000000e+03
5.316000000000000000e+03
5.394000000000000000e+03
5.429000000000000000e+03
5.430000000000000000e+03
5.473000000000000000e+03
5.525000000000000000e+03
5.599000000000000000e+03
5.626000000000000000e+03
5.637000000000000000e+03
5.645000000000000000e+03
5.671000000000000000e+03
5.673000000000000000e+03
5.774000000000000000e+03
5.775000000000000000e+03
5.923000000000000000e+03
5.950000000000000000e+03
6.002000000000000000e+03
6.022000000000000000e+03
6.039000000000000000e+03
6.114000000000000000e+03
6.340000000000000000e+03
6.350000000000000000e+03
6.377000000000000000e+03
6.434000000000000000e+03
6.609000000000000000e+03
6.659000000000000000e+03
6.699000000000000000e+03
6.714000000000000000e+03
6.740000000000000000e+03
6.778000000000000000e+03
6.814000000000000000e+03
6.837000000000000000e+03
6.838000000000000000e+03
6.850000000000000000e+03
6.859000000000000000e+03
6.913000000000000000e+03
6.915000000000000000e+03
6.929000000000000000e+03
6.945000000000000000e+03
6.990000000000000000e+03
6.991000000000000000e+03
7.017000000000000000e+03
7.020000000000000000e+03
7.074000000000000000e+03
7.109000000000000000e+03
7.115000000000000000e+03
7.214000000000000000e+03
7.236000000000000000e+03
7.330000000000000000e+03
7.353000000000000000e+03
7.384000000000000000e+03
7.439000000000000000e+03
7.489000000000000000e+03
7.588000000000000000e+03
7.605000000000000000e+03
7.619000000000000000e+03
7.620000000000000000e+03
7.627000000000000000e+03
7.629000000000000000e+03
7.641000000000000000e+03
7.759000000000000000e+03
7.795000000000000000e+03
7.796000000000000000e+03
7.812000000000000000e+03
7.901000000000000000e+03
7.919000000000000000e+03
7.920000000000000000e+03
7.922000000000000000e+03
7.938000000000000000e+03
7.943000000000000000e+03
7.976000000000000000e+03
7.979000000000000000e+03
7.998000000000000000e+03
8.164000000000000000e+03
8.179000000000000000e+03
8.191000000000000000e+03
8.229000000000000000e+03
8.274000000000000000e+03
8.370000000000000000e+03
8.375000000000000000e+03
8.445000000000000000e+03
8.476000000000000000e+03
8.481000000000000000e+03
8.523000000000000000e+03
8.572000000000000000e+03
8.576000000000000000e+03
8.582000000000000000e+03
8.602000000000000000e+03
8.603000000000000000e+03
8.677000000000000000e+03
8.749000000000000000e+03
8.806000000000000000e+03
8.892000000000000000e+03
8.931000000000000000e+03
8.933000000000000000e+03
8.936000000000000000e+03
8.994000000000000000e+03
9.057000000000000000e+03
9.066000000000000000e+03
9.085000000000000000e+03
9.150000000000000000e+03
9.160000000000000000e+03
9.164000000000000000e+03
9.265000000000000000e+03
9.275000000000000000e+03
9.385000000000000000e+03
9.386000000000000000e+03
9.411000000000000000e+03
9.428000000000000000e+03
9.429000000000000000e+03
9.435000000000000000e+03
9.457000000000000000e+03
9.494000000000000000e+03
9.516000000000000000e+03
9.566000000000000000e+03
9.610000000000000000e+03
9.626000000000000000e+03
9.643000000000000000e+03
9.663000000000000000e+03
9.693000000000000000e+03
9.699000000000000000e+03
9.708000000000000000e+03
9.745000000000000000e+03
9.788000000000000000e+03
9.832000000000000000e+03
9.836000000000000000e+03
9.837000000000000000e+03
9.855000000000000000e+03
9.879000000000000000e+03
9.949000000000000000e+03
9.999000000000000000e+03
1.001400000000000000e+04
1.001500000000000000e+04
1.020400000000000000e+04
1.022300000000000000e+04
1.023300000000000000e+04
1.024200000000000000e+04
1.025500000000000000e+04
1.030300000000000000e+04
1.031600000000000000e+04
1.031700000000000000e+04
1.032500000000000000e+04
1.036400000000000000e+04
1.037800000000000000e+04
1.039500000000000000e+04
1.041000000000000000e+04
1.043600000000000000e+04
1.047400000000000000e+04
1.048200000000000000e+04
1.048900000000000000e+04
1.050900000000000000e+04
1.057400000000000000e+04
1.061100000000000000e+04
1.067000000000000000e+04
1.073700000000000000e+04
1.077500000000000000e+04
1.078100000000000000e+04
1.079100000000000000e+04
1.082900000000000000e+04
1.084700000000000000e+04
1.084800000000000000e+04
1.086200000000000000e+04
1.086800000000000000e+04
1.087600000000000000e+04
1.094800000000000000e+04
1.096100000000000000e+04
1.098500000000000000e+04
1.101600000000000000e+04
1.102600000000000000e+04
1.111200000000000000e+04
1.111900000000000000e+04
1.119200000000000000e+04
1.124100000000000000e+04
1.124200000000000000e+04
1.131900000000000000e+04
1.146200000000000000e+04
1.148100000000000000e+04
1.149500000000000000e+04
1.150600000000000000e+04
1.151900000000000000e+04
1.154900000000000000e+04
1.156200000000000000e+04
1.163600000000000000e+04
1.166400000000000000e+04
1.168800000000000000e+04
1.169100000000000000e+04
1.172700000000000000e+04
1.175800000000000000e+04
1.178100000000000000e+04
1.184300000000000000e+04
1.186500000000000000e+04
1.187100000000000000e+04
1.188800000000000000e+04
1.191100000000000000e+04
1.191500000000000000e+04
1.199200000000000000e+04
1.203600000000000000e+04
1.203800000000000000e+04
1.205700000000000000e+04
1.208500000000000000e+04
1.211300000000000000e+04
1.213000000000000000e+04
1.213100000000000000e+04
1.215400000000000000e+04
1.217100000000000000e+04
1.218200000000000000e+04
1.222500000000000000e+04
1.223300000000000000e+04
1.224600000000000000e+04
1.227600000000000000e+04
1.228200000000000000e+04
1.233100000000000000e+04
1.235800000000000000e+04
1.237500000000000000e+04
1.237600000000000000e+04
1.239200000000000000e+04
1.241000000000000000e+04
1.247700000000000000e+04
1.247800000000000000e+04
1.249000000000000000e+04
1.251000000000000000e+04
1.252500000000000000e+04
1.255300000000000000e+04
1.258900000000000000e+04
1.260300000000000000e+04
1.260600000000000000e+04
1.261500000000000000e+04
1.263400000000000000e+04
1.265200000000000000e+04
1.273400000000000000e+04
1.276100000000000000e+04
1.276300000000000000e+04
1.276400000000000000e+04
1.278300000000000000e+04
1.283100000000000000e+04
1.284500000000000000e+04
1.288300000000000000e+04
1.293500000000000000e+04
1.293700000000000000e+04
1.295400000000000000e+04
1.299800000000000000e+04
1.302800000000000000e+04
1.304600000000000000e+04
1.309700000000000000e+04
1.310600000000000000e+04
1.316200000000000000e+04
1.316900000000000000e+04
1.318700000000000000e+04
1.326100000000000000e+04
1.327000000000000000e+04
1.329000000000000000e+04
1.332800000000000000e+04
1.342100000000000000e+04
1.342200000000000000e+04
1.343800000000000000e+04
1.352100000000000000e+04
1.360000000000000000e+04
1.360100000000000000e+04
1.367400000000000000e+04
1.368900000000000000e+04
1.381200000000000000e+04
1.381300000000000000e+04
1.385400000000000000e+04
1.386500000000000000e+04
1.386600000000000000e+04
1.389100000000000000e+04
1.393500000000000000e+04
1.394800000000000000e+04
1.398600000000000000e+04
1.403900000000000000e+04
1.406500000000000000e+04
1.411400000000000000e+04
1.418700000000000000e+04
1.422300000000000000e+04
1.442100000000000000e+04
1.442700000000000000e+04
1.446400000000000000e+04
1.448300000000000000e+04
1.448700000000000000e+04
1.454700000000000000e+04
1.455900000000000000e+04
1.456500000000000000e+04
1.458600000000000000e+04
1.459300000000000000e+04
1.465800000000000000e+04
1.468400000000000000e+04
1.471300000000000000e+04
1.471500000000000000e+04
1.473500000000000000e+04
1.475800000000000000e+04
1.476900000000000000e+04
1.483400000000000000e+04
1.487700000000000000e+04
1.491400000000000000e+04
1.496300000000000000e+04
1.499100000000000000e+04
1.508800000000000000e+04
1.510500000000000000e+04
1.516700000000000000e+04
1.517400000000000000e+04
1.519300000000000000e+04
1.521700000000000000e+04
1.522200000000000000e+04
1.526100000000000000e+04
1.530100000000000000e+04
1.531800000000000000e+04
1.533500000000000000e+04
1.537100000000000000e+04
1.543000000000000000e+04
1.545300000000000000e+04
1.546400000000000000e+04
1.550700000000000000e+04
1.559000000000000000e+04
1.564600000000000000e+04
1.567600000000000000e+04
1.572500000000000000e+04
1.575500000000000000e+04
1.577300000000000000e+04
1.581400000000000000e+04
1.585700000000000000e+04
1.587500000000000000e+04
1.588100000000000000e+04
1.588500000000000000e+04
1.590300000000000000e+04
1.591300000000000000e+04
1.591600000000000000e+04
1.592100000000000000e+04
1.597100000000000000e+04
1.607300000000000000e+04
1.607800000000000000e+04
1.608700000000000000e+04
1.614800000000000000e+04
1.618300000000000000e+04
1.621100000000000000e+04
1.622600000000000000e+04
1.622900000000000000e+04
1.628300000000000000e+04
1.631100000000000000e+04
1.631300000000000000e+04
1.640400000000000000e+04
1.640700000000000000e+04
1.641400000000000000e+04
1.646800000000000000e+04
1.648200000000000000e+04
1.649600000000000000e+04
1.651600000000000000e+04
1.654300000000000000e+04
1.654400000000000000e+04
1.658500000000000000e+04
1.660800000000000000e+04
1.665200000000000000e+04
1.666300000000000000e+04
1.670600000000000000e+04
1.672400000000000000e+04
1.675600000000000000e+04
1.676300000000000000e+04
1.677800000000000000e+04
1.679300000000000000e+04
1.679700000000000000e+04
1.687300000000000000e+04
1.688100000000000000e+04
1.688400000000000000e+04
1.691900000000000000e+04
1.692100000000000000e+04
1.692600000000000000e+04
1.694200000000000000e+04
1.696500000000000000e+04
1.702700000000000000e+04
1.706500000000000000e+04
1.712400000000000000e+04
1.714000000000000000e+04
1.717400000000000000e+04
1.721500000000000000e+04
1.721900000000000000e+04
1.724000000000000000e+04
1.725000000000000000e+04
1.725300000000000000e+04
1.726800000000000000e+04
1.727100000000000000e+04
1.728000000000000000e+04
1.729100000000000000e+04
1.733800000000000000e+04
1.739400000000000000e+04
1.748100000000000000e+04
1.748300000000000000e+04
1.750200000000000000e+04
1.750300000000000000e+04
1.753000000000000000e+04
1.755400000000000000e+04
1.757700000000000000e+04
1.763700000000000000e+04
1.768600000000000000e+04
1.775200000000000000e+04
1.783300000000000000e+04
1.790000000000000000e+04
1.790500000000000000e+04
1.797100000000000000e+04
1.798500000000000000e+04
1.800300000000000000e+04
1.803200000000000000e+04
1.804200000000000000e+04
1.804400000000000000e+04
1.806400000000000000e+04
1.812000000000000000e+04
1.821500000000000000e+04
1.825200000000000000e+04
1.826200000000000000e+04
1.830100000000000000e+04
1.845800000000000000e+04
1.846000000000000000e+04
1.846300000000000000e+04
1.846800000000000000e+04
1.847800000000000000e+04
1.850200000000000000e+04
1.854200000000000000e+04
1.861000000000000000e+04
1.868600000000000000e+04
1.870400000000000000e+04
1.882600000000000000e+04
1.885400000000000000e+04
1.890000000000000000e+04
1.897200000000000000e+04
1.908000000000000000e+04
1.908100000000000000e+04
1.911300000000000000e+04
1.917200000000000000e+04
1.923400000000000000e+04
1.928100000000000000e+04
1.928300000000000000e+04
1.930800000000000000e+04
1.946700000000000000e+04
1.947500000000000000e+04
1.950400000000000000e+04
1.951900000000000000e+04
1.954900000000000000e+04
1.959400000000000000e+04
1.965500000000000000e+04
1.965600000000000000e+04
1.967900000000000000e+04
1.971200000000000000e+04
1.971300000000000000e+04
1.976900000000000000e+04
1.982200000000000000e+04
1.982300000000000000e+04
1.985200000000000000e+04
1.987400000000000000e+04
1.988400000000000000e+04
1.990200000000000000e+04
1.994800000000000000e+04
1.996000000000000000e+04
1.997400000000000000e+04
1.998900000000000000e+04
2.001000000000000000e+04
2.001900000000000000e+04
2.004900000000000000e+04
2.006800000000000000e+04
2.011700000000000000e+04
2.012500000000000000e+04
2.012700000000000000e+04
2.030500000000000000e+04
2.031500000000000000e+04
2.031900000000000000e+04
2.037200000000000000e+04
2.043900000000000000e+04
2.044200000000000000e+04
2.049700000000000000e+04
2.054500000000000000e+04
2.055000000000000000e+04
2.056100000000000000e+04
2.058200000000000000e+04
2.061700000000000000e+04
2.064800000000000000e+04
2.071700000000000000e+04
2.071800000000000000e+04
2.072300000000000000e+04
2.076200000000000000e+04
2.087700000000000000e+04
2.089700000000000000e+04
2.093100000000000000e+04
2.093800000000000000e+04
2.094400000000000000e+04
2.094600000000000000e+04
2.095900000000000000e+04
2.096400000000000000e+04
2.100900000000000000e+04
2.101900000000000000e+04
2.102900000000000000e+04
2.103700000000000000e+04
2.105800000000000000e+04
2.106200000000000000e+04
2.109200000000000000e+04
2.111400000000000000e+04
2.113000000000000000e+04
2.118600000000000000e+04
2.120800000000000000e+04
2.122900000000000000e+04
2.123000000000000000e+04
2.123300000000000000e+04
2.125500000000000000e+04
2.126600000000000000e+04
2.127100000000000000e+04
2.129300000000000000e+04
2.132600000000000000e+04
2.133700000000000000e+04
2.135200000000000000e+04
2.136400000000000000e+04
2.136500000000000000e+04
2.140900000000000000e+04
2.143300000000000000e+04
2.143400000000000000e+04
2.147100000000000000e+04
2.148300000000000000e+04
2.152600000000000000e+04
2.154100000000000000e+04
2.156600000000000000e+04
2.157500000000000000e+04
2.162200000000000000e+04
2.164400000000000000e+04
2.167700000000000000e+04
2.179100000000000000e+04
2.183200000000000000e+04
2.183300000000000000e+04
2.184300000000000000e+04
2.185800000000000000e+04
2.194400000000000000e+04
2.195600000000000000e+04
2.199900000000000000e+04
2.200300000000000000e+04
2.201300000000000000e+04
2.210300000000000000e+04
2.224100000000000000e+04
2.227900000000000000e+04
2.229800000000000000e+04
2.233100000000000000e+04
2.233200000000000000e+04
2.233400000000000000e+04
2.234100000000000000e+04
2.234700000000000000e+04
2.241600000000000000e+04
2.241700000000000000e+04
2.242400000000000000e+04
2.245000000000000000e+04
2.250600000000000000e+04
2.254600000000000000e+04
2.259600000000000000e+04
2.259800000000000000e+04
2.262100000000000000e+04
2.272300000000000000e+04
2.274200000000000000e+04
2.276700000000000000e+04
2.278900000000000000e+04
2.291300000000000000e+04
2.292400000000000000e+04
2.292700000000000000e+04
2.297500000000000000e+04
2.300500000000000000e+04
2.302800000000000000e+04
2.303800000000000000e+04
2.304800000000000000e+04
2.314200000000000000e+04
2.319200000000000000e+04
2.320100000000000000e+04
2.320200000000000000e+04
2.324200000000000000e+04
2.324600000000000000e+04
2.324900000000000000e+04
2.325100000000000000e+04
2.333400000000000000e+04
2.334800000000000000e+04
2.340100000000000000e+04
2.345600000000000000e+04
2.346700000000000000e+04
2.347000000000000000e+04
2.349400000000000000e+04
2.350000000000000000e+04
2.356700000000000000e+04
2.358600000000000000e+04
2.358800000000000000e+04
2.359500000000000000e+04
2.361200000000000000e+04
2.364000000000000000e+04
2.365500000000000000e+04
2.369000000000000000e+04
2.370800000000000000e+04
2.371000000000000000e+04
2.372300000000000000e+04
2.373300000000000000e+04
2.374800000000000000e+04
2.379000000000000000e+04
2.382800000000000000e+04
2.384300000000000000e+04
2.385000000000000000e+04
2.385100000000000000e+04
2.391300000000000000e+04
2.391700000000000000e+04
2.393100000000000000e+04
2.395300000000000000e+04
2.395600000000000000e+04
2.395800000000000000e+04
2.396500000000000000e+04
2.398700000000000000e+04
2.402200000000000000e+04
2.405100000000000000e+04
2.409100000000000000e+04
2.411000000000000000e+04
2.412500000000000000e+04
2.412700000000000000e+04
2.414800000000000000e+04
2.415300000000000000e+04
2.416700000000000000e+04
2.418100000000000000e+04
2.423800000000000000e+04
2.424300000000000000e+04
2.425000000000000000e+04
2.425800000000000000e+04
2.426000000000000000e+04
2.426600000000000000e+04
2.427000000000000000e+04
2.428700000000000000e+04
2.432100000000000000e+04
2.436000000000000000e+04
2.444300000000000000e+04
2.446400000000000000e+04
2.449200000000000000e+04
2.451500000000000000e+04
2.451600000000000000e+04
2.452500000000000000e+04
2.457900000000000000e+04
2.465600000000000000e+04
2.466900000000000000e+04
2.467000000000000000e+04
2.470200000000000000e+04
2.470500000000000000e+04
2.472000000000000000e+04
2.473400000000000000e+04
2.483600000000000000e+04
2.486000000000000000e+04
2.491700000000000000e+04
2.496300000000000000e+04
2.497100000000000000e+04
2.498100000000000000e+04
2.498500000000000000e+04
2.498600000000000000e+04
2.501600000000000000e+04
2.506500000000000000e+04
2.506600000000000000e+04
2.520100000000000000e+04
2.523000000000000000e+04
2.523700000000000000e+04
2.524200000000000000e+04
2.524300000000000000e+04
2.528700000000000000e+04
2.533300000000000000e+04
2.533400000000000000e+04
2.537000000000000000e+04
2.537100000000000000e+04
2.538100000000000000e+04
2.541200000000000000e+04
2.545600000000000000e+04
2.546600000000000000e+04
2.548400000000000000e+04
2.548500000000000000e+04
2.551200000000000000e+04
2.556100000000000000e+04
2.559500000000000000e+04
2.560600000000000000e+04
2.560900000000000000e+04
2.563700000000000000e+04
2.565100000000000000e+04
2.570600000000000000e+04
2.572600000000000000e+04
2.573100000000000000e+04
2.576200000000000000e+04
2.576900000000000000e+04
2.578100000000000000e+04
2.579000000000000000e+04
2.581000000000000000e+04
2.581200000000000000e+04
2.584800000000000000e+04
2.587200000000000000e+04
2.588700000000000000e+04
2.589800000000000000e+04
2.597500000000000000e+04
2.604300000000000000e+04
2.607600000000000000e+04
2.609400000000000000e+04
2.612100000000000000e+04
2.612600000000000000e+04
2.612900000000000000e+04
2.613200000000000000e+04
2.618800000000000000e+04
2.623000000000000000e+04
2.623600000000000000e+04
2.629900000000000000e+04
2.630100000000000000e+04
2.632000000000000000e+04
2.632800000000000000e+04
2.633200000000000000e+04
2.640700000000000000e+04
2.642700000000000000e+04
2.647800000000000000e+04
2.648800000000000000e+04
2.653100000000000000e+04
2.660800000000000000e+04
2.661800000000000000e+04
2.662100000000000000e+04
2.666900000000000000e+04
2.672800000000000000e+04
2.675500000000000000e+04
2.681900000000000000e+04
2.683900000000000000e+04
2.684000000000000000e+04
2.696500000000000000e+04
2.696700000000000000e+04
2.699900000000000000e+04
2.703300000000000000e+04
2.707800000000000000e+04
2.710100000000000000e+04
2.715500000000000000e+04
2.715600000000000000e+04
2.716900000000000000e+04
2.723600000000000000e+04
2.727000000000000000e+04
2.729800000000000000e+04
2.735100000000000000e+04
2.740800000000000000e+04
2.745000000000000000e+04
2.748900000000000000e+04
2.749300000000000000e+04
2.752900000000000000e+04
2.759500000000000000e+04
2.760200000000000000e+04
2.760400000000000000e+04
2.763800000000000000e+04
2.764400000000000000e+04
2.773100000000000000e+04
2.774700000000000000e+04
2.774900000000000000e+04
2.775700000000000000e+04
2.778100000000000000e+04
2.780200000000000000e+04
2.781900000000000000e+04
2.787000000000000000e+04
2.789000000000000000e+04
2.791500000000000000e+04
2.794500000000000000e+04
2.798000000000000000e+04
2.798900000000000000e+04
2.799000000000000000e+04
2.801600000000000000e+04
2.805500000000000000e+04
2.806600000000000000e+04
2.809100000000000000e+04
2.809400000000000000e+04
2.815800000000000000e+04
2.816800000000000000e+04
2.818000000000000000e+04
2.818300000000000000e+04
2.820600000000000000e+04
2.823000000000000000e+04
2.826500000000000000e+04
2.828700000000000000e+04
2.830200000000000000e+04
2.838900000000000000e+04
2.839600000000000000e+04
2.840100000000000000e+04
2.840200000000000000e+04
2.844500000000000000e+04
2.846400000000000000e+04
2.848900000000000000e+04
2.855000000000000000e+04
2.855300000000000000e+04
2.856400000000000000e+04
2.856500000000000000e+04
2.857600000000000000e+04
2.865900000000000000e+04
2.866100000000000000e+04
2.866700000000000000e+04
2.880700000000000000e+04
2.881200000000000000e+04
2.883200000000000000e+04
2.884100000000000000e+04
2.884200000000000000e+04
2.884600000000000000e+04
2.885200000000000000e+04
2.886800000000000000e+04
2.886900000000000000e+04
2.887400000000000000e+04
2.887800000000000000e+04
2.896300000000000000e+04
2.900300000000000000e+04
2.900400000000000000e+04
2.902300000000000000e+04
2.915200000000000000e+04
2.924700000000000000e+04
2.925100000000000000e+04
2.940000000000000000e+04
2.943900000000000000e+04
2.952200000000000000e+04
2.954900000000000000e+04
2.957500000000000000e+04
2.957600000000000000e+04
2.960400000000000000e+04
2.961000000000000000e+04
2.971400000000000000e+04
2.976600000000000000e+04
2.981300000000000000e+04
2.983900000000000000e+04
2.992000000000000000e+04
3.007400000000000000e+04
3.016300000000000000e+04
3.020000000000000000e+04
3.021600000000000000e+04
3.021700000000000000e+04
3.023700000000000000e+04
3.029500000000000000e+04
3.035700000000000000e+04
3.036700000000000000e+04
3.040100000000000000e+04
3.044000000000000000e+04
3.045700000000000000e+04
3.046600000000000000e+04
3.048800000000000000e+04
3.056700000000000000e+04
3.058600000000000000e+04
3.059200000000000000e+04
3.069300000000000000e+04
3.071800000000000000e+04
3.072000000000000000e+04
3.076700000000000000e+04
3.080200000000000000e+04
3.080700000000000000e+04
3.081500000000000000e+04
3.082300000000000000e+04
3.087000000000000000e+04
3.090400000000000000e+04
3.092900000000000000e+04
3.093600000000000000e+04
3.095800000000000000e+04
3.099100000000000000e+04
3.099200000000000000e+04
3.100200000000000000e+04
3.100400000000000000e+04
3.106400000000000000e+04
3.106800000000000000e+04
3.109200000000000000e+04
3.112300000000000000e+04
3.113500000000000000e+04
3.113600000000000000e+04
3.114500000000000000e+04
3.116900000000000000e+04
3.122000000000000000e+04
3.122400000000000000e+04
3.123100000000000000e+04
3.123900000000000000e+04
3.125800000000000000e+04
3.126200000000000000e+04
3.128000000000000000e+04
3.129200000000000000e+04
3.140600000000000000e+04
3.140900000000000000e+04
3.141900000000000000e+04
3.144400000000000000e+04
3.146000000000000000e+04
3.155300000000000000e+04
3.156400000000000000e+04
3.163000000000000000e+04
3.163900000000000000e+04
3.167600000000000000e+04
3.168700000000000000e+04
3.170500000000000000e+04
3.172000000000000000e+04
3.173600000000000000e+04
3.174500000000000000e+04
3.175300000000000000e+04
3.176100000000000000e+04
3.178400000000000000e+04
3.180400000000000000e+04
3.183800000000000000e+04
3.183900000000000000e+04
3.189000000000000000e+04
3.195800000000000000e+04
3.201500000000000000e+04
3.204100000000000000e+04
3.207100000000000000e+04
3.208100000000000000e+04
3.209400000000000000e+04
3.218700000000000000e+04
3.220000000000000000e+04
3.223000000000000000e+04
3.223900000000000000e+04
3.226000000000000000e+04
3.226500000000000000e+04
3.229900000000000000e+04
3.231300000000000000e+04
3.234900000000000000e+04
3.237000000000000000e+04
3.238500000000000000e+04
3.239200000000000000e+04
3.241300000000000000e+04
3.242500000000000000e+04
3.245200000000000000e+04
3.245400000000000000e+04
3.245900000000000000e+04
3.246800000000000000e+04
3.247400000000000000e+04
3.253000000000000000e+04
3.254300000000000000e+04
3.255800000000000000e+04
3.255900000000000000e+04
3.258200000000000000e+04
3.260600000000000000e+04
3.265000000000000000e+04
3.268000000000000000e+04
3.270600000000000000e+04
3.276500000000000000e+04
3.277900000000000000e+04
3.281300000000000000e+04
3.286200000000000000e+04
3.289100000000000000e+04
3.291900000000000000e+04
3.293400000000000000e+04
3.293500000000000000e+04
3.300500000000000000e+04
3.301600000000000000e+04
3.309200000000000000e+04
3.310400000000000000e+04
3.313100000000000000e+04
3.313900000000000000e+04
3.315200000000000000e+04
3.318100000000000000e+04
3.318200000000000000e+04
3.324600000000000000e+04
3.329200000000000000e+04
3.329700000000000000e+04
3.330400000000000000e+04
3.330900000000000000e+04
3.331500000000000000e+04
3.332800000000000000e+04
3.333000000000000000e+04
3.334200000000000000e+04
3.336900000000000000e+04
3.343000000000000000e+04
3.345800000000000000e+04
3.349200000000000000e+04
3.349600000000000000e+04
3.353700000000000000e+04
3.355900000000000000e+04
3.358400000000000000e+04
3.360000000000000000e+04
3.360500000000000000e+04
3.370500000000000000e+04
3.372700000000000000e+04
3.373900000000000000e+04
3.374800000000000000e+04
3.374900000000000000e+04
3.380800000000000000e+04
3.381800000000000000e+04
3.385000000000000000e+04
3.388000000000000000e+04
3.388400000000000000e+04
3.391700000000000000e+04
3.392000000000000000e+04
3.393400000000000000e+04
3.393500000000000000e+04
3.396300000000000000e+04
3.399000000000000000e+04
3.403700000000000000e+04
3.407900000000000000e+04
3.412300000000000000e+04
3.426200000000000000e+04
3.428300000000000000e+04
3.428700000000000000e+04
3.429700000000000000e+04
3.437100000000000000e+04
3.437700000000000000e+04
3.442200000000000000e+04
3.445100000000000000e+04
3.445200000000000000e+04
3.445600000000000000e+04
3.445700000000000000e+04
3.447400000000000000e+04
3.448000000000000000e+04
3.449500000000000000e+04
3.449900000000000000e+04
3.455400000000000000e+04
3.458000000000000000e+04
3.461200000000000000e+04
3.462000000000000000e+04
3.468000000000000000e+04
3.475800000000000000e+04
3.477000000000000000e+04
3.479300000000000000e+04
3.479800000000000000e+04
3.486000000000000000e+04
3.486100000000000000e+04
3.487200000000000000e+04
3.490500000000000000e+04
3.491200000000000000e+04
3.498300000000000000e+04
3.501100000000000000e+04
3.504700000000000000e+04
3.505500000000000000e+04
3.507700000000000000e+04
3.516900000000000000e+04
3.517100000000000000e+04
3.518300000000000000e+04
3.519100000000000000e+04
3.520200000000000000e+04
3.528200000000000000e+04
3.536700000000000000e+04
3.538300000000000000e+04
3.547100000000000000e+04
3.548400000000000000e+04
3.548500000000000000e+04
3.551100000000000000e+04
3.552400000000000000e+04
3.553200000000000000e+04
3.554500000000000000e+04
3.562600000000000000e+04
3.562700000000000000e+04
3.564800000000000000e+04
3.566000000000000000e+04
3.566400000000000000e+04
3.568000000000000000e+04
3.568100000000000000e+04
3.570800000000000000e+04
3.571200000000000000e+04
3.572700000000000000e+04
3.575000000000000000e+04
3.575400000000000000e+04
3.587500000000000000e+04
3.587600000000000000e+04
3.588500000000000000e+04
3.590000000000000000e+04
3.593600000000000000e+04
3.593900000000000000e+04
3.594000000000000000e+04
3.596100000000000000e+04
3.596200000000000000e+04
3.597700000000000000e+04
3.600300000000000000e+04
3.601100000000000000e+04
3.602700000000000000e+04
3.606600000000000000e+04
3.607200000000000000e+04
3.618000000000000000e+04
3.621800000000000000e+04
3.630400000000000000e+04
3.635200000000000000e+04
3.635800000000000000e+04
3.639000000000000000e+04
3.639400000000000000e+04
3.642400000000000000e+04
3.643500000000000000e+04
3.645500000000000000e+04
3.648900000000000000e+04
3.650800000000000000e+04
3.651800000000000000e+04
3.654300000000000000e+04
3.663000000000000000e+04
3.667200000000000000e+04
3.672400000000000000e+04
3.676100000000000000e+04
3.676600000000000000e+04
3.679100000000000000e+04
3.682100000000000000e+04
3.691400000000000000e+04
3.694700000000000000e+04
3.697300000000000000e+04
3.701200000000000000e+04
3.706600000000000000e+04
3.708500000000000000e+04
3.711600000000000000e+04
3.712500000000000000e+04
3.715400000000000000e+04
3.720200000000000000e+04
3.723400000000000000e+04
3.723500000000000000e+04
3.726300000000000000e+04
3.729500000000000000e+04
3.732000000000000000e+04
3.732500000000000000e+04
3.736100000000000000e+04
3.751700000000000000e+04
3.757400000000000000e+04
3.763500000000000000e+04
3.764000000000000000e+04
3.766600000000000000e+04
3.766900000000000000e+04
3.767500000000000000e+04
3.777000000000000000e+04
3.778500000000000000e+04
3.781500000000000000e+04
3.783200000000000000e+04
3.783700000000000000e+04
3.783900000000000000e+04
3.788400000000000000e+04
3.790300000000000000e+04
3.790400000000000000e+04
3.792000000000000000e+04
3.793000000000000000e+04
3.802900000000000000e+04
3.804300000000000000e+04
3.806000000000000000e+04
3.807800000000000000e+04
3.816600000000000000e+04
3.819300000000000000e+04
3.820500000000000000e+04
3.820900000000000000e+04
3.821500000000000000e+04
3.822400000000000000e+04
3.823800000000000000e+04
3.825800000000000000e+04
3.827300000000000000e+04
3.827500000000000000e+04
3.828400000000000000e+04
3.836900000000000000e+04
3.842000000000000000e+04
3.846100000000000000e+04
3.848400000000000000e+04
3.849600000000000000e+04
3.850400000000000000e+04
3.855300000000000000e+04
3.860700000000000000e+04
3.870500000000000000e+04
3.871400000000000000e+04
3.872300000000000000e+04
3.875100000000000000e+04
3.876200000000000000e+04
3.877100000000000000e+04
3.878300000000000000e+04
3.879100000000000000e+04
3.888800000000000000e+04
3.888900000000000000e+04
3.891700000000000000e+04
3.893200000000000000e+04
3.893500000000000000e+04
3.894200000000000000e+04
3.902400000000000000e+04
3.906100000000000000e+04
3.906900000000000000e+04
3.907900000000000000e+04
3.908400000000000000e+04
3.910100000000000000e+04
3.910400000000000000e+04
3.911500000000000000e+04
3.912200000000000000e+04
3.919000000000000000e+04
3.919700000000000000e+04
3.921600000000000000e+04
3.923300000000000000e+04
3.933400000000000000e+04
3.933500000000000000e+04
3.934900000000000000e+04
3.935300000000000000e+04
3.935900000000000000e+04
3.938400000000000000e+04
3.941900000000000000e+04
3.942700000000000000e+04
3.944100000000000000e+04
3.944700000000000000e+04
3.947200000000000000e+04
3.948700000000000000e+04
3.948900000000000000e+04
3.951700000000000000e+04
3.952000000000000000e+04
3.954800000000000000e+04
3.957900000000000000e+04
3.958800000000000000e+04
3.962600000000000000e+04
3.963000000000000000e+04
3.965300000000000000e+04
3.967700000000000000e+04
3.971900000000000000e+04
3.976800000000000000e+04
3.980500000000000000e+04
3.981000000000000000e+04
3.984800000000000000e+04
3.987900000000000000e+04
3.988700000000000000e+04
3.993800000000000000e+04
3.999600000000000000e+04
4.001900000000000000e+04
4.008000000000000000e+04
4.016300000000000000e+04
4.018000000000000000e+04
4.023200000000000000e+04
4.023500000000000000e+04
4.025300000000000000e+04
4.028500000000000000e+04
4.032500000000000000e+04
4.037800000000000000e+04
4.053700000000000000e+04
4.058700000000000000e+04
4.060300000000000000e+04
4.061600000000000000e+04
4.064000000000000000e+04
4.065000000000000000e+04
4.065600000000000000e+04
4.069200000000000000e+04
4.071400000000000000e+04
4.071700000000000000e+04
4.071800000000000000e+04
4.072200000000000000e+04
4.072300000000000000e+04
4.075300000000000000e+04
4.075500000000000000e+04
4.077500000000000000e+04
4.079300000000000000e+04
4.082000000000000000e+04
4.082200000000000000e+04
4.086100000000000000e+04
4.098300000000000000e+04
4.107700000000000000e+04
4.108600000000000000e+04
4.111200000000000000e+04
4.113800000000000000e+04
4.118800000000000000e+04
4.120700000000000000e+04
4.125400000000000000e+04
4.129100000000000000e+04
4.132900000000000000e+04
4.133100000000000000e+04
4.134500000000000000e+04
4.135500000000000000e+04
4.137100000000000000e+04
4.140600000000000000e+04
4.141200000000000000e+04
4.141700000000000000e+04
4.147800000000000000e+04
4.149500000000000000e+04
4.153500000000000000e+04
4.153600000000000000e+04
4.155300000000000000e+04
4.155400000000000000e+04
4.158300000000000000e+04
4.160600000000000000e+04
4.168100000000000000e+04
4.169300000000000000e+04
4.177100000000000000e+04
4.178000000000000000e+04
4.178100000000000000e+04
4.188400000000000000e+04
4.198600000000000000e+04
4.198900000000000000e+04
4.199900000000000000e+04
4.201300000000000000e+04
4.202400000000000000e+04
4.202800000000000000e+04
4.205100000000000000e+04
4.207800000000000000e+04
4.214000000000000000e+04
4.214500000000000000e+04
4.217000000000000000e+04
4.218100000000000000e+04
4.218500000000000000e+04
4.218900000000000000e+04
4.219800000000000000e+04
4.221400000000000000e+04
4.223300000000000000e+04
4.223600000000000000e+04
4.225100000000000000e+04
4.226400000000000000e+04
4.233900000000000000e+04
4.240100000000000000e+04
4.240400000000000000e+04
4.242400000000000000e+04
4.242900000000000000e+04
4.243600000000000000e+04
4.245700000000000000e+04
4.245800000000000000e+04
4.252500000000000000e+04
4.252900000000000000e+04
4.258000000000000000e+04
4.258800000000000000e+04
4.261400000000000000e+04
4.268400000000000000e+04
4.278100000000000000e+04
4.278300000000000000e+04
4.278400000000000000e+04
4.283300000000000000e+04
4.283400000000000000e+04
4.287600000000000000e+04
4.288100000000000000e+04
4.289400000000000000e+04
4.291400000000000000e+04
4.291500000000000000e+04
4.292300000000000000e+04
4.293600000000000000e+04
4.294300000000000000e+04
4.295600000000000000e+04
4.297700000000000000e+04
4.299900000000000000e+04
4.307500000000000000e+04
4.307600000000000000e+04
4.310400000000000000e+04
4.311700000000000000e+04
4.318300000000000000e+04
4.322200000000000000e+04
4.325900000000000000e+04
4.330200000000000000e+04
4.337600000000000000e+04
4.337700000000000000e+04
4.341100000000000000e+04
4.345600000000000000e+04
4.346500000000000000e+04
4.348400000000000000e+04
4.349400000000000000e+04
4.349900000000000000e+04
4.350800000000000000e+04
4.352500000000000000e+04
4.352600000000000000e+04
4.355100000000000000e+04
4.360300000000000000e+04
4.361500000000000000e+04
4.369200000000000000e+04
4.371100000000000000e+04
4.371800000000000000e+04
4.372800000000000000e+04
4.378300000000000000e+04
4.382300000000000000e+04
4.384700000000000000e+04
4.386300000000000000e+04
4.386700000000000000e+04
4.393100000000000000e+04
4.395100000000000000e+04
4.402900000000000000e+04
4.403000000000000000e+04
4.405600000000000000e+04
4.407300000000000000e+04
4.407600000000000000e+04
4.408900000000000000e+04
4.410100000000000000e+04
4.421900000000000000e+04
4.424600000000000000e+04
4.424700000000000000e+04
4.426000000000000000e+04
4.428400000000000000e+04
4.436900000000000000e+04
4.437100000000000000e+04
4.444000000000000000e+04
4.444800000000000000e+04
4.460400000000000000e+04
4.461200000000000000e+04
4.462400000000000000e+04
4.465900000000000000e+04
4.466900000000000000e+04
4.473400000000000000e+04
4.476900000000000000e+04
4.479400000000000000e+04
4.481400000000000000e+04
4.482800000000000000e+04
4.483000000000000000e+04
4.486300000000000000e+04
4.487700000000000000e+04
4.491000000000000000e+04
4.497600000000000000e+04
4.500200000000000000e+04
4.501400000000000000e+04
4.505000000000000000e+04
4.507700000000000000e+04
4.508400000000000000e+04
4.509200000000000000e+04
4.509800000000000000e+04
4.510300000000000000e+04
4.514300000000000000e+04
4.514900000000000000e+04
4.515700000000000000e+04
4.517000000000000000e+04
4.517200000000000000e+04
4.531900000000000000e+04
4.532200000000000000e+04
4.533100000000000000e+04
4.535900000000000000e+04
4.544000000000000000e+04
4.545100000000000000e+04
4.548500000000000000e+04
4.550000000000000000e+04
4.553700000000000000e+04
4.555700000000000000e+04
4.558100000000000000e+04
4.559000000000000000e+04
4.561500000000000000e+04
4.562100000000000000e+04
4.567200000000000000e+04
4.570600000000000000e+04
4.572200000000000000e+04
4.573700000000000000e+04
4.574300000000000000e+04
4.577100000000000000e+04
4.580700000000000000e+04
4.582900000000000000e+04
4.583600000000000000e+04
4.583800000000000000e+04
4.584900000000000000e+04
4.597200000000000000e+04
4.597700000000000000e+04
4.604500000000000000e+04
4.604600000000000000e+04
4.607200000000000000e+04
4.610300000000000000e+04
4.611000000000000000e+04
4.611900000000000000e+04
4.613300000000000000e+04
4.613400000000000000e+04
4.616500000000000000e+04
4.616600000000000000e+04
4.617200000000000000e+04
4.618100000000000000e+04
4.619500000000000000e+04
4.620300000000000000e+04
4.628200000000000000e+04
4.630100000000000000e+04
4.630800000000000000e+04
4.636300000000000000e+04
4.642500000000000000e+04
4.647300000000000000e+04
4.647500000000000000e+04
4.651200000000000000e+04
4.651600000000000000e+04
4.652200000000000000e+04
4.653500000000000000e+04
4.654800000000000000e+04
4.655700000000000000e+04
4.660000000000000000e+04
4.664300000000000000e+04
4.664500000000000000e+04
4.665800000000000000e+04
4.669000000000000000e+04
4.669500000000000000e+04
4.673400000000000000e+04
4.676300000000000000e+04
4.677700000000000000e+04
4.678200000000000000e+04
4.683700000000000000e+04
4.686200000000000000e+04
4.686300000000000000e+04
4.689000000000000000e+04
4.692800000000000000e+04
4.697700000000000000e+04
4.699000000000000000e+04
4.700200000000000000e+04
4.701600000000000000e+04
4.706400000000000000e+04
4.708500000000000000e+04
4.708900000000000000e+04
4.710400000000000000e+04
4.711900000000000000e+04
4.716700000000000000e+04
4.725000000000000000e+04
4.727200000000000000e+04
4.728400000000000000e+04
4.730900000000000000e+04
4.735500000000000000e+04
4.735600000000000000e+04
4.736000000000000000e+04
4.746200000000000000e+04
4.748400000000000000e+04
4.749000000000000000e+04
4.750600000000000000e+04
4.754800000000000000e+04
4.757400000000000000e+04
4.759100000000000000e+04
4.759900000000000000e+04
4.760500000000000000e+04
4.761100000000000000e+04
4.762700000000000000e+04
4.764600000000000000e+04
4.766000000000000000e+04
4.766300000000000000e+04
4.769300000000000000e+04
4.779300000000000000e+04
4.779800000000000000e+04
4.782700000000000000e+04
4.783300000000000000e+04
4.789300000000000000e+04
4.793000000000000000e+04
4.793200000000000000e+04
4.802800000000000000e+04
4.809800000000000000e+04
4.811800000000000000e+04
4.818300000000000000e+04
4.820600000000000000e+04
4.821100000000000000e+04
4.823000000000000000e+04
4.823100000000000000e+04
4.824700000000000000e+04
4.824900000000000000e+04
4.829000000000000000e+04
4.830500000000000000e+04
4.835100000000000000e+04
4.837700000000000000e+04
4.839000000000000000e+04
4.840400000000000000e+04
4.840800000000000000e+04
4.842300000000000000e+04
4.844100000000000000e+04
4.848500000000000000e+04
4.849800000000000000e+04
4.851600000000000000e+04
4.855800000000000000e+04
4.858300000000000000e+04
4.858900000000000000e+04
4.861300000000000000e+04
4.861800000000000000e+04
4.865200000000000000e+04
4.865700000000000000e+04
4.865900000000000000e+04
4.866300000000000000e+04
4.868500000000000000e+04
4.870400000000000000e+04
4.877500000000000000e+04
4.893400000000000000e+04
4.893800000000000000e+04
4.894000000000000000e+04
4.894300000000000000e+04
4.899700000000000000e+04
4.902100000000000000e+04
4.902400000000000000e+04
4.902500000000000000e+04
4.903700000000000000e+04
4.906200000000000000e+04
4.906800000000000000e+04
4.908200000000000000e+04
4.910300000000000000e+04
4.916600000000000000e+04
4.925200000000000000e+04
4.926400000000000000e+04
4.932100000000000000e+04
4.933100000000000000e+04
4.933200000000000000e+04
4.936400000000000000e+04
4.936500000000000000e+04
4.940600000000000000e+04
4.942400000000000000e+04
4.943900000000000000e+04
4.946000000000000000e+04
4.947800000000000000e+04
4.952100000000000000e+04
4.956500000000000000e+04
4.957000000000000000e+04
4.957900000000000000e+04
4.958900000000000000e+04
4.959000000000000000e+04
4.959200000000000000e+04
4.965300000000000000e+04
4.981200000000000000e+04
4.984400000000000000e+04
4.986000000000000000e+04
4.986100000000000000e+04
4.990200000000000000e+04
4.991600000000000000e+04
4.996100000000000000e+04
4.999200000000000000e+04
5.000200000000000000e+04
5.001200000000000000e+04
5.001900000000000000e+04
5.006600000000000000e+04
5.006900000000000000e+04
5.007500000000000000e+04
5.011300000000000000e+04
5.014200000000000000e+04
5.027500000000000000e+04
5.027600000000000000e+04
5.030200000000000000e+04
5.030700000000000000e+04
5.031200000000000000e+04
5.040000000000000000e+04
5.040800000000000000e+04
5.041700000000000000e+04
5.045300000000000000e+04
5.046000000000000000e+04
5.047500000000000000e+04
5.048000000000000000e+04
5.049000000000000000e+04
5.054500000000000000e+04
5.057200000000000000e+04
5.057600000000000000e+04
5.061200000000000000e+04
5.061600000000000000e+04
5.064100000000000000e+04
5.068000000000000000e+04
5.069800000000000000e+04
5.070100000000000000e+04
5.071500000000000000e+04
5.075800000000000000e+04
5.077100000000000000e+04
5.077200000000000000e+04
5.078300000000000000e+04
5.078500000000000000e+04
5.079000000000000000e+04
5.080800000000000000e+04
5.081600000000000000e+04
5.082800000000000000e+04
5.083300000000000000e+04
5.085600000000000000e+04
5.087600000000000000e+04
5.089900000000000000e+04
5.090100000000000000e+04
5.091700000000000000e+04
5.092500000000000000e+04
5.092800000000000000e+04
5.094600000000000000e+04
5.094700000000000000e+04
5.095700000000000000e+04
5.099700000000000000e+04
5.100000000000000000e+04
5.100300000000000000e+04
5.101000000000000000e+04
5.101200000000000000e+04
5.102300000000000000e+04
5.106600000000000000e+04
5.106700000000000000e+04
5.109200000000000000e+04
5.111200000000000000e+04
5.112700000000000000e+04
5.117900000000000000e+04
5.121200000000000000e+04
5.122300000000000000e+04
5.123100000000000000e+04
5.123600000000000000e+04
5.123700000000000000e+04
5.128900000000000000e+04
5.129100000000000000e+04
5.129800000000000000e+04
5.130000000000000000e+04
5.130100000000000000e+04
5.131000000000000000e+04
5.132400000000000000e+04
5.132700000000000000e+04
5.133300000000000000e+04
5.134900000000000000e+04
5.141700000000000000e+04
5.143900000000000000e+04
5.144200000000000000e+04
5.145800000000000000e+04
5.146600000000000000e+04
5.147600000000000000e+04
5.148400000000000000e+04
5.149200000000000000e+04
5.153400000000000000e+04
5.154000000000000000e+04
5.154800000000000000e+04
5.156900000000000000e+04
5.157700000000000000e+04
5.158300000000000000e+04
5.160000000000000000e+04
5.161800000000000000e+04
5.162100000000000000e+04
5.162900000000000000e+04
5.164700000000000000e+04
5.165100000000000000e+04
5.181600000000000000e+04
5.181900000000000000e+04
5.185600000000000000e+04
5.190100000000000000e+04
5.192500000000000000e+04
5.199000000000000000e+04
5.200900000000000000e+04
5.204100000000000000e+04
5.206200000000000000e+04
5.208500000000000000e+04
5.218400000000000000e+04
5.222100000000000000e+04
5.222400000000000000e+04
5.223200000000000000e+04
5.223300000000000000e+04
5.224500000000000000e+04
5.224700000000000000e+04
5.226700000000000000e+04
5.228600000000000000e+04
5.233600000000000000e+04
5.234500000000000000e+04
5.235300000000000000e+04
5.236200000000000000e+04
5.236500000000000000e+04
5.236800000000000000e+04
5.239200000000000000e+04
5.245000000000000000e+04
5.245200000000000000e+04
5.245500000000000000e+04
5.246100000000000000e+04
5.246600000000000000e+04
5.247900000000000000e+04
5.257100000000000000e+04
5.260200000000000000e+04
5.260700000000000000e+04
5.264500000000000000e+04
5.266900000000000000e+04
5.270600000000000000e+04
5.280100000000000000e+04
5.284900000000000000e+04
5.285600000000000000e+04
5.285800000000000000e+04
5.286200000000000000e+04
5.289100000000000000e+04
5.291100000000000000e+04
5.292500000000000000e+04
5.294800000000000000e+04
5.295700000000000000e+04
5.303300000000000000e+04
5.307900000000000000e+04
5.309000000000000000e+04
5.309800000000000000e+04
5.309900000000000000e+04
5.315000000000000000e+04
5.315200000000000000e+04
5.320700000000000000e+04
5.321900000000000000e+04
5.326000000000000000e+04
5.328200000000000000e+04
5.328300000000000000e+04
5.331300000000000000e+04
5.332200000000000000e+04
5.333900000000000000e+04
5.336500000000000000e+04
5.338200000000000000e+04
5.338600000000000000e+04
5.339400000000000000e+04
5.340400000000000000e+04
5.342700000000000000e+04
5.344900000000000000e+04
5.345600000000000000e+04
5.348200000000000000e+04
5.348500000000000000e+04
5.353100000000000000e+04
5.354300000000000000e+04
5.355300000000000000e+04
5.355400000000000000e+04
5.355500000000000000e+04
5.357200000000000000e+04
5.358800000000000000e+04
5.360800000000000000e+04
5.364200000000000000e+04
5.365100000000000000e+04
5.365300000000000000e+04
5.366500000000000000e+04
5.367600000000000000e+04
5.369100000000000000e+04
5.369200000000000000e+04
5.370800000000000000e+04
5.372300000000000000e+04
5.373000000000000000e+04
5.373900000000000000e+04
5.374100000000000000e+04
5.376200000000000000e+04
5.380100000000000000e+04
5.383400000000000000e+04
5.385300000000000000e+04
5.392400000000000000e+04
5.392900000000000000e+04
5.393300000000000000e+04
5.393500000000000000e+04
5.395300000000000000e+04
5.399300000000000000e+04
5.416500000000000000e+04
5.417900000000000000e+04
5.419500000000000000e+04
5.425200000000000000e+04
5.435600000000000000e+04
5.437100000000000000e+04
5.438400000000000000e+04
5.443000000000000000e+04
5.444000000000000000e+04
5.446800000000000000e+04
5.452100000000000000e+04
5.455300000000000000e+04
5.457900000000000000e+04
5.472100000000000000e+04
5.473900000000000000e+04
5.475000000000000000e+04
5.482300000000000000e+04
5.484000000000000000e+04
5.484300000000000000e+04
5.487800000000000000e+04
5.487900000000000000e+04
5.491300000000000000e+04
5.491400000000000000e+04
5.500000000000000000e+04
5.501900000000000000e+04
5.507300000000000000e+04
5.510500000000000000e+04
5.515500000000000000e+04
5.515700000000000000e+04
5.522800000000000000e+04
5.526400000000000000e+04
5.527800000000000000e+04
5.529800000000000000e+04
5.529900000000000000e+04
5.530100000000000000e+04
5.531600000000000000e+04
5.534700000000000000e+04
5.535100000000000000e+04
5.535300000000000000e+04
5.537900000000000000e+04
5.540100000000000000e+04
5.543300000000000000e+04
5.544800000000000000e+04
5.548000000000000000e+04
5.551700000000000000e+04
5.556400000000000000e+04
5.560600000000000000e+04
5.561600000000000000e+04
5.565900000000000000e+04
5.567000000000000000e+04
5.567700000000000000e+04
5.568300000000000000e+04
5.568600000000000000e+04
5.573100000000000000e+04
5.573500000000000000e+04
5.573900000000000000e+04
5.574900000000000000e+04
5.575200000000000000e+04
5.579200000000000000e+04
5.580400000000000000e+04
5.581300000000000000e+04
5.584100000000000000e+04
5.592500000000000000e+04
5.593200000000000000e+04
5.593700000000000000e+04
5.594100000000000000e+04
5.595100000000000000e+04
5.597100000000000000e+04
5.598000000000000000e+04
5.598500000000000000e+04
5.601300000000000000e+04
5.603800000000000000e+04
5.604400000000000000e+04
5.605800000000000000e+04
5.606800000000000000e+04
5.609300000000000000e+04
5.610300000000000000e+04
5.611100000000000000e+04
5.614900000000000000e+04
5.616700000000000000e+04
5.622700000000000000e+04
5.623300000000000000e+04
5.627600000000000000e+04
5.628100000000000000e+04
5.631300000000000000e+04
5.634500000000000000e+04
5.634600000000000000e+04
5.635600000000000000e+04
5.636300000000000000e+04
5.636500000000000000e+04
5.637500000000000000e+04
5.637600000000000000e+04
5.638800000000000000e+04
5.645800000000000000e+04
5.647500000000000000e+04
5.649500000000000000e+04
5.650500000000000000e+04
5.653300000000000000e+04
5.654100000000000000e+04
5.664600000000000000e+04
5.664700000000000000e+04
5.664900000000000000e+04
5.669300000000000000e+04
5.670200000000000000e+04
5.671600000000000000e+04
5.671900000000000000e+04
5.674600000000000000e+04
5.675200000000000000e+04
5.680400000000000000e+04
5.682000000000000000e+04
5.682600000000000000e+04
5.686800000000000000e+04
5.691000000000000000e+04
5.691100000000000000e+04
5.694700000000000000e+04
5.695600000000000000e+04
5.703500000000000000e+04
5.709300000000000000e+04
5.709900000000000000e+04
5.713500000000000000e+04
5.717600000000000000e+04
5.717800000000000000e+04
5.721700000000000000e+04
5.722100000000000000e+04
5.724100000000000000e+04
5.724900000000000000e+04
5.726200000000000000e+04
5.728900000000000000e+04
5.730900000000000000e+04
5.731000000000000000e+04
5.731700000000000000e+04
5.732300000000000000e+04
5.734200000000000000e+04
5.735000000000000000e+04
5.735500000000000000e+04
5.738800000000000000e+04
5.741500000000000000e+04
5.744500000000000000e+04
5.747100000000000000e+04
5.750600000000000000e+04
5.752000000000000000e+04
5.754300000000000000e+04
5.755400000000000000e+04
5.755500000000000000e+04
5.755900000000000000e+04
5.756900000000000000e+04
5.765100000000000000e+04
5.766900000000000000e+04
5.771100000000000000e+04
5.771200000000000000e+04
5.772700000000000000e+04
5.772800000000000000e+04
5.776500000000000000e+04
5.776900000000000000e+04
5.780400000000000000e+04
5.784500000000000000e+04
5.785800000000000000e+04
5.786100000000000000e+04
5.788300000000000000e+04
5.789200000000000000e+04
5.789400000000000000e+04
5.797600000000000000e+04
5.800100000000000000e+04
5.803500000000000000e+04
5.804900000000000000e+04
5.809000000000000000e+04
5.809200000000000000e+04
5.813700000000000000e+04
5.814400000000000000e+04
5.815900000000000000e+04
5.818000000000000000e+04
5.818100000000000000e+04
5.818700000000000000e+04
5.819400000000000000e+04
5.820100000000000000e+04
5.820500000000000000e+04
5.821000000000000000e+04
5.827200000000000000e+04
5.830000000000000000e+04
5.831100000000000000e+04
5.832500000000000000e+04
5.835800000000000000e+04
5.839000000000000000e+04
5.849000000000000000e+04
5.849900000000000000e+04
5.853200000000000000e+04
5.855300000000000000e+04
5.855600000000000000e+04
5.857200000000000000e+04
5.857600000000000000e+04
5.858100000000000000e+04
5.858600000000000000e+04
5.862100000000000000e+04
5.864500000000000000e+04
5.865000000000000000e+04
5.866300000000000000e+04
5.867200000000000000e+04
5.868100000000000000e+04
5.868700000000000000e+04
5.869800000000000000e+04
5.870100000000000000e+04
5.871900000000000000e+04
5.873000000000000000e+04
5.875400000000000000e+04
5.876200000000000000e+04
5.876900000000000000e+04
5.877100000000000000e+04
5.881400000000000000e+04
5.887600000000000000e+04
5.887800000000000000e+04
5.888000000000000000e+04
5.888100000000000000e+04
5.891500000000000000e+04
5.893400000000000000e+04
5.893900000000000000e+04
5.897400000000000000e+04
5.897500000000000000e+04
5.900200000000000000e+04
5.902200000000000000e+04
5.902300000000000000e+04
5.904400000000000000e+04
5.904900000000000000e+04
5.910400000000000000e+04
5.910800000000000000e+04
5.917300000000000000e+04
5.917800000000000000e+04
5.918000000000000000e+04
5.922300000000000000e+04
5.922400000000000000e+04
5.923700000000000000e+04
5.925400000000000000e+04
5.929300000000000000e+04
5.946900000000000000e+04
5.948500000000000000e+04
5.948600000000000000e+04
5.952000000000000000e+04
5.952500000000000000e+04
5.953900000000000000e+04
5.956800000000000000e+04
5.957100000000000000e+04
5.958000000000000000e+04
5.958600000000000000e+04
5.959500000000000000e+04
5.960200000000000000e+04
5.967000000000000000e+04
5.967900000000000000e+04
5.969400000000000000e+04
5.979500000000000000e+04
5.987800000000000000e+04
5.988000000000000000e+04
5.988300000000000000e+04
5.990600000000000000e+04
5.991600000000000000e+04
5.992400000000000000e+04
5.993200000000000000e+04
5.994500000000000000e+04
5.995500000000000000e+04
5.996700000000000000e+04
5.997700000000000000e+04
5.998000000000000000e+04
6.001000000000000000e+04
6.004800000000000000e+04
6.009800000000000000e+04
6.015000000000000000e+04
6.019000000000000000e+04
6.023600000000000000e+04
6.025800000000000000e+04
6.030300000000000000e+04
6.030600000000000000e+04
6.035600000000000000e+04
6.037700000000000000e+04
6.038000000000000000e+04
6.041000000000000000e+04
6.041700000000000000e+04
6.047600000000000000e+04
6.047900000000000000e+04
6.050500000000000000e+04
6.052500000000000000e+04
6.054100000000000000e+04
6.054300000000000000e+04
6.054800000000000000e+04
6.057300000000000000e+04
6.060300000000000000e+04
6.064300000000000000e+04
6.064800000000000000e+04
6.073800000000000000e+04
6.076400000000000000e+04
6.078200000000000000e+04
6.080100000000000000e+04
6.080500000000000000e+04
6.084300000000000000e+04
6.085300000000000000e+04
6.086200000000000000e+04
6.088000000000000000e+04
6.088200000000000000e+04
6.088400000000000000e+04
6.090700000000000000e+04
6.091400000000000000e+04
6.092000000000000000e+04
6.094300000000000000e+04
6.099900000000000000e+04
6.102700000000000000e+04
6.103800000000000000e+04
6.107400000000000000e+04
6.108100000000000000e+04
6.108600000000000000e+04
6.109400000000000000e+04
6.112100000000000000e+04
6.112400000000000000e+04
6.113600000000000000e+04
6.116300000000000000e+04
6.116600000000000000e+04
6.117200000000000000e+04
6.117800000000000000e+04
6.118500000000000000e+04
6.120400000000000000e+04
6.120800000000000000e+04
6.127000000000000000e+04
6.128400000000000000e+04
6.128800000000000000e+04
6.129100000000000000e+04
6.131100000000000000e+04
6.134500000000000000e+04
6.136900000000000000e+04
6.137200000000000000e+04
6.141100000000000000e+04
6.143400000000000000e+04
6.144100000000000000e+04
6.144500000000000000e+04
6.145700000000000000e+04
6.146900000000000000e+04
6.147300000000000000e+04
6.148800000000000000e+04
6.150700000000000000e+04
6.152500000000000000e+04
6.153900000000000000e+04
6.154400000000000000e+04
6.156300000000000000e+04
6.160400000000000000e+04
6.161000000000000000e+04
6.164400000000000000e+04
6.165000000000000000e+04
6.167500000000000000e+04
6.169900000000000000e+04
6.171600000000000000e+04
6.173100000000000000e+04
6.176100000000000000e+04
6.178800000000000000e+04
6.179300000000000000e+04
6.181900000000000000e+04
6.182900000000000000e+04
6.183400000000000000e+04
6.186000000000000000e+04
6.187800000000000000e+04
6.191800000000000000e+04
6.192600000000000000e+04
6.195500000000000000e+04
6.200200000000000000e+04
6.202900000000000000e+04
6.203300000000000000e+04
6.206700000000000000e+04
6.208400000000000000e+04
6.210400000000000000e+04
6.213600000000000000e+04
6.215300000000000000e+04
6.216400000000000000e+04
6.216600000000000000e+04
6.220800000000000000e+04
6.222700000000000000e+04
6.224700000000000000e+04
6.225800000000000000e+04
6.228900000000000000e+04
6.236100000000000000e+04
6.237100000000000000e+04
6.239000000000000000e+04
6.239200000000000000e+04
6.246500000000000000e+04
6.247400000000000000e+04
6.250700000000000000e+04
6.251500000000000000e+04
6.252100000000000000e+04
6.256000000000000000e+04
6.257400000000000000e+04
6.258500000000000000e+04
6.259100000000000000e+04
6.264400000000000000e+04
6.265600000000000000e+04
6.268800000000000000e+04
6.271800000000000000e+04
6.272300000000000000e+04
6.278100000000000000e+04
6.283800000000000000e+04
6.285400000000000000e+04
6.286300000000000000e+04
6.287700000000000000e+04
6.289000000000000000e+04
6.299100000000000000e+04
6.302100000000000000e+04
6.302200000000000000e+04
6.304200000000000000e+04
6.305500000000000000e+04
6.306900000000000000e+04
6.308100000000000000e+04
6.309000000000000000e+04
6.309300000000000000e+04
6.309400000000000000e+04
6.312400000000000000e+04
6.313900000000000000e+04
6.320000000000000000e+04
6.320900000000000000e+04
6.325300000000000000e+04
6.325900000000000000e+04
6.326100000000000000e+04
6.327900000000000000e+04
6.328700000000000000e+04
6.331700000000000000e+04
6.331800000000000000e+04
6.333500000000000000e+04
6.336000000000000000e+04
6.339500000000000000e+04
6.340400000000000000e+04
6.344300000000000000e+04
6.349800000000000000e+04
6.355800000000000000e+04
6.365100000000000000e+04
6.366100000000000000e+04
6.369200000000000000e+04
6.370800000000000000e+04
6.373800000000000000e+04
6.375000000000000000e+04
6.375300000000000000e+04
6.376900000000000000e+04
6.377900000000000000e+04
6.381600000000000000e+04
6.383300000000000000e+04
6.386600000000000000e+04
6.387600000000000000e+04
6.390500000000000000e+04
6.391900000000000000e+04
6.395900000000000000e+04
6.397300000000000000e+04
6.398800000000000000e+04
6.401700000000000000e+04
6.403500000000000000e+04
6.408600000000000000e+04
6.411000000000000000e+04
6.411300000000000000e+04
6.412900000000000000e+04
6.413100000000000000e+04
6.415600000000000000e+04
6.417000000000000000e+04
6.417600000000000000e+04
6.419600000000000000e+04
6.420700000000000000e+04
6.423400000000000000e+04
6.423700000000000000e+04
6.427500000000000000e+04
6.430400000000000000e+04
6.435500000000000000e+04
6.436500000000000000e+04
6.439500000000000000e+04
6.440800000000000000e+04
6.441100000000000000e+04
6.441200000000000000e+04
6.442200000000000000e+04
6.445300000000000000e+04
6.451000000000000000e+04
6.453500000000000000e+04
6.459100000000000000e+04
6.464000000000000000e+04
6.464700000000000000e+04
6.464800000000000000e+04
6.466000000000000000e+04
6.466100000000000000e+04
6.466500000000000000e+04
6.472800000000000000e+04
6.476500000000000000e+04
6.480400000000000000e+04
6.481700000000000000e+04
6.486600000000000000e+04
6.488500000000000000e+04
6.489200000000000000e+04
6.490600000000000000e+04
6.498300000000000000e+04
6.498400000000000000e+04
6.500700000000000000e+04
6.501100000000000000e+04
6.512200000000000000e+04
6.512300000000000000e+04
6.518100000000000000e+04
6.518900000000000000e+04
6.523700000000000000e+04
6.524300000000000000e+04
6.525900000000000000e+04
6.526800000000000000e+04
6.528900000000000000e+04
6.533200000000000000e+04
6.535600000000000000e+04
6.537100000000000000e+04
6.538900000000000000e+04
6.539700000000000000e+04
6.546400000000000000e+04
6.547200000000000000e+04
6.547600000000000000e+04
6.547800000000000000e+04
6.550100000000000000e+04
6.551800000000000000e+04
6.553000000000000000e+04
6.553900000000000000e+04
6.556300000000000000e+04
6.566600000000000000e+04
6.569200000000000000e+04
6.570300000000000000e+04
6.575000000000000000e+04
6.576600000000000000e+04
6.578100000000000000e+04
6.588400000000000000e+04
6.590300000000000000e+04
6.593000000000000000e+04
6.596300000000000000e+04
6.596900000000000000e+04
6.599300000000000000e+04
6.599600000000000000e+04
6.606900000000000000e+04
6.613300000000000000e+04
6.620700000000000000e+04
6.623300000000000000e+04
6.625800000000000000e+04
6.628300000000000000e+04
6.636700000000000000e+04
6.637000000000000000e+04
6.638300000000000000e+04
6.642200000000000000e+04
6.642600000000000000e+04
6.643600000000000000e+04
6.644000000000000000e+04
6.651600000000000000e+04
6.658800000000000000e+04
6.661300000000000000e+04
6.665900000000000000e+04
6.668200000000000000e+04
6.670900000000000000e+04
6.672400000000000000e+04
6.672600000000000000e+04
6.672800000000000000e+04
6.675800000000000000e+04
6.676900000000000000e+04
6.678500000000000000e+04
6.680100000000000000e+04
6.680700000000000000e+04
6.682600000000000000e+04
6.684700000000000000e+04
6.685400000000000000e+04
6.691900000000000000e+04
6.693000000000000000e+04
6.698600000000000000e+04
6.701000000000000000e+04
6.703200000000000000e+04
6.707100000000000000e+04
6.708200000000000000e+04
6.710900000000000000e+04
6.711000000000000000e+04
6.717700000000000000e+04
6.718900000000000000e+04
6.719000000000000000e+04
6.720300000000000000e+04
6.726400000000000000e+04
6.728100000000000000e+04
6.730500000000000000e+04
6.732200000000000000e+04
6.733400000000000000e+04
6.735900000000000000e+04
6.737600000000000000e+04
6.744800000000000000e+04
6.747200000000000000e+04
6.747400000000000000e+04
6.755300000000000000e+04
6.756200000000000000e+04
6.756800000000000000e+04
6.758300000000000000e+04
6.758500000000000000e+04
6.762900000000000000e+04
6.766400000000000000e+04
6.770800000000000000e+04
6.772500000000000000e+04
6.772900000000000000e+04
6.774200000000000000e+04
6.776500000000000000e+04
6.777200000000000000e+04
6.778400000000000000e+04
6.783500000000000000e+04
6.786100000000000000e+04
6.792800000000000000e+04
6.793100000000000000e+04
6.793800000000000000e+04
6.796700000000000000e+04
6.799200000000000000e+04
6.800300000000000000e+04
6.801200000000000000e+04
6.802100000000000000e+04
6.803500000000000000e+04
6.805000000000000000e+04
6.814300000000000000e+04
6.819400000000000000e+04
6.820600000000000000e+04
6.822000000000000000e+04
6.822500000000000000e+04
6.829000000000000000e+04
6.829500000000000000e+04
6.836900000000000000e+04
6.837000000000000000e+04
6.839500000000000000e+04
6.840100000000000000e+04
6.843000000000000000e+04
6.846700000000000000e+04
6.848800000000000000e+04
6.858300000000000000e+04
6.859100000000000000e+04
6.859500000000000000e+04
6.860200000000000000e+04
6.862900000000000000e+04
6.863600000000000000e+04
6.863900000000000000e+04
6.864700000000000000e+04
6.865300000000000000e+04
6.867400000000000000e+04
6.868700000000000000e+04
6.869000000000000000e+04
6.879400000000000000e+04
6.884300000000000000e+04
6.885300000000000000e+04
6.885400000000000000e+04
6.886700000000000000e+04
6.889300000000000000e+04
6.890400000000000000e+04
6.900100000000000000e+04
6.901500000000000000e+04
6.903400000000000000e+04
6.904700000000000000e+04
6.905100000000000000e+04
6.905200000000000000e+04
6.909100000000000000e+04
6.909800000000000000e+04
6.910500000000000000e+04
6.913000000000000000e+04
6.915400000000000000e+04
6.918200000000000000e+04
6.919000000000000000e+04
6.919600000000000000e+04
6.921800000000000000e+04
6.924400000000000000e+04
6.928700000000000000e+04
6.930900000000000000e+04
6.933400000000000000e+04
6.935000000000000000e+04
6.935300000000000000e+04
6.938100000000000000e+04
6.948100000000000000e+04
6.948900000000000000e+04
6.951800000000000000e+04
6.952000000000000000e+04
6.953100000000000000e+04
6.953300000000000000e+04
6.954300000000000000e+04
6.955100000000000000e+04
6.955300000000000000e+04
6.955400000000000000e+04
6.960000000000000000e+04
6.962900000000000000e+04
6.964500000000000000e+04
6.969200000000000000e+04
6.970700000000000000e+04
6.971900000000000000e+04
6.975900000000000000e+04
6.982600000000000000e+04
6.985700000000000000e+04
6.987600000000000000e+04
6.996800000000000000e+04
6.998900000000000000e+04
7.002400000000000000e+04
7.002900000000000000e+04
7.005400000000000000e+04
7.007700000000000000e+04
7.014100000000000000e+04
7.014400000000000000e+04
7.015000000000000000e+04
7.025100000000000000e+04
7.025200000000000000e+04
7.029000000000000000e+04
7.035500000000000000e+04
7.036900000000000000e+04
7.037300000000000000e+04
7.039100000000000000e+04
7.042500000000000000e+04
7.042900000000000000e+04
7.043200000000000000e+04
7.044900000000000000e+04
7.046700000000000000e+04
7.047400000000000000e+04
7.051500000000000000e+04
7.052300000000000000e+04
7.055400000000000000e+04
7.055600000000000000e+04
7.056300000000000000e+04
7.056400000000000000e+04
7.056600000000000000e+04
7.058100000000000000e+04
7.058400000000000000e+04
7.060900000000000000e+04
7.061300000000000000e+04
7.063100000000000000e+04
7.065000000000000000e+04
7.069100000000000000e+04
7.069300000000000000e+04
7.071100000000000000e+04
7.071700000000000000e+04
7.075400000000000000e+04
7.077500000000000000e+04
7.082500000000000000e+04
7.084900000000000000e+04
7.089400000000000000e+04
7.090400000000000000e+04
7.094000000000000000e+04
7.094700000000000000e+04
7.097200000000000000e+04
7.099000000000000000e+04
7.099500000000000000e+04
7.099700000000000000e+04
7.100000000000000000e+04
7.100200000000000000e+04
7.100600000000000000e+04
7.103100000000000000e+04
7.104100000000000000e+04
7.106900000000000000e+04
7.108400000000000000e+04
7.111300000000000000e+04
7.111900000000000000e+04
7.122100000000000000e+04
7.122200000000000000e+04
7.126300000000000000e+04
7.126600000000000000e+04
7.126700000000000000e+04
7.127200000000000000e+04
7.127400000000000000e+04
7.127800000000000000e+04
7.129400000000000000e+04
7.132200000000000000e+04
7.133800000000000000e+04
7.134100000000000000e+04
7.137100000000000000e+04
7.138500000000000000e+04
7.143600000000000000e+04
7.145200000000000000e+04
7.145600000000000000e+04
7.145700000000000000e+04
7.146400000000000000e+04
7.148000000000000000e+04
7.148100000000000000e+04
7.149300000000000000e+04
7.150600000000000000e+04
7.153100000000000000e+04
7.158500000000000000e+04
7.158800000000000000e+04
7.159000000000000000e+04
7.159300000000000000e+04
7.161100000000000000e+04
7.166200000000000000e+04
7.166900000000000000e+04
7.167000000000000000e+04
7.167500000000000000e+04
7.170200000000000000e+04
7.174600000000000000e+04
7.176500000000000000e+04
7.176700000000000000e+04
7.176900000000000000e+04
7.181300000000000000e+04
7.187300000000000000e+04
7.188300000000000000e+04
7.190200000000000000e+04
7.191300000000000000e+04
7.191700000000000000e+04
7.194300000000000000e+04
7.196200000000000000e+04
7.197800000000000000e+04
7.199000000000000000e+04
7.201400000000000000e+04
7.201900000000000000e+04
7.203400000000000000e+04
7.203900000000000000e+04
7.204100000000000000e+04
7.205900000000000000e+04
7.206000000000000000e+04
7.212300000000000000e+04
7.213700000000000000e+04
7.215100000000000000e+04
7.215500000000000000e+04
7.217100000000000000e+04
7.222800000000000000e+04
7.223000000000000000e+04
7.223100000000000000e+04
7.225000000000000000e+04
7.229000000000000000e+04
7.230100000000000000e+04
7.232900000000000000e+04
7.236600000000000000e+04
7.239000000000000000e+04
7.239200000000000000e+04
7.241000000000000000e+04
7.242200000000000000e+04
7.245400000000000000e+04
7.246800000000000000e+04
7.248100000000000000e+04
7.258100000000000000e+04
7.258400000000000000e+04
7.260300000000000000e+04
7.262200000000000000e+04
7.264700000000000000e+04
7.270200000000000000e+04
7.271000000000000000e+04
7.273700000000000000e+04
7.275800000000000000e+04
7.276100000000000000e+04
7.277700000000000000e+04
7.278900000000000000e+04
7.281100000000000000e+04
7.282100000000000000e+04
7.284200000000000000e+04
7.287000000000000000e+04
7.287200000000000000e+04
7.290300000000000000e+04
7.293500000000000000e+04
7.294300000000000000e+04
7.294400000000000000e+04
7.295600000000000000e+04
7.301100000000000000e+04
7.301800000000000000e+04
7.303600000000000000e+04
7.306900000000000000e+04
7.307900000000000000e+04
7.308900000000000000e+04
7.310300000000000000e+04
7.310900000000000000e+04
7.315100000000000000e+04
7.318100000000000000e+04
7.325800000000000000e+04
7.326400000000000000e+04
7.328200000000000000e+04
7.329000000000000000e+04
7.337400000000000000e+04
7.338300000000000000e+04
7.338800000000000000e+04
7.342200000000000000e+04
7.342800000000000000e+04
7.345100000000000000e+04
7.345300000000000000e+04
7.345400000000000000e+04
7.347000000000000000e+04
7.348200000000000000e+04
7.349000000000000000e+04
7.349500000000000000e+04
7.350200000000000000e+04
7.357700000000000000e+04
7.363900000000000000e+04
7.364500000000000000e+04
7.364900000000000000e+04
7.367400000000000000e+04
7.367600000000000000e+04
7.370100000000000000e+04
7.371200000000000000e+04
7.372100000000000000e+04
7.372900000000000000e+04
7.373400000000000000e+04
7.374400000000000000e+04
7.374700000000000000e+04
7.375600000000000000e+04
7.377200000000000000e+04
7.377400000000000000e+04
7.378800000000000000e+04
7.386500000000000000e+04
7.387800000000000000e+04
7.388900000000000000e+04
7.389300000000000000e+04
7.389400000000000000e+04
7.393100000000000000e+04
7.395800000000000000e+04
7.398000000000000000e+04
7.398900000000000000e+04
7.399600000000000000e+04
7.404100000000000000e+04
7.405900000000000000e+04
7.408600000000000000e+04
7.411100000000000000e+04
7.414600000000000000e+04
7.415500000000000000e+04
7.416500000000000000e+04
7.420200000000000000e+04
7.420700000000000000e+04
7.425100000000000000e+04
7.425700000000000000e+04
7.425900000000000000e+04
7.428000000000000000e+04
7.429000000000000000e+04
7.430600000000000000e+04
7.431300000000000000e+04
7.431400000000000000e+04
7.433700000000000000e+04
7.436200000000000000e+04
7.443000000000000000e+04
7.443300000000000000e+04
7.443600000000000000e+04
7.447000000000000000e+04
7.450900000000000000e+04
7.465300000000000000e+04
7.479200000000000000e+04
7.482000000000000000e+04
7.482900000000000000e+04
7.487100000000000000e+04
7.487800000000000000e+04
7.491000000000000000e+04
7.495700000000000000e+04
7.495800000000000000e+04
7.497000000000000000e+04
7.497600000000000000e+04
7.505200000000000000e+04
7.507500000000000000e+04
7.510600000000000000e+04
7.513900000000000000e+04
7.514200000000000000e+04
7.514300000000000000e+04
7.514600000000000000e+04
7.516300000000000000e+04
7.517600000000000000e+04
7.519000000000000000e+04
7.520800000000000000e+04
7.525200000000000000e+04
7.526600000000000000e+04
7.527400000000000000e+04
7.529200000000000000e+04
7.529700000000000000e+04
7.530400000000000000e+04
7.531600000000000000e+04
7.532500000000000000e+04
7.535500000000000000e+04
7.535600000000000000e+04
7.537500000000000000e+04
7.539800000000000000e+04
7.541900000000000000e+04
7.542800000000000000e+04
7.544400000000000000e+04
7.544900000000000000e+04
7.547100000000000000e+04
7.549300000000000000e+04
7.550400000000000000e+04
7.556800000000000000e+04
7.558100000000000000e+04
7.559400000000000000e+04
7.563700000000000000e+04
7.565200000000000000e+04
7.566700000000000000e+04
7.576400000000000000e+04
7.579000000000000000e+04
7.588300000000000000e+04
7.588600000000000000e+04
7.594300000000000000e+04
7.599400000000000000e+04
7.602100000000000000e+04
7.604900000000000000e+04
7.605000000000000000e+04
7.605100000000000000e+04
7.605800000000000000e+04
7.605900000000000000e+04
7.606700000000000000e+04
7.616400000000000000e+04
7.618800000000000000e+04
7.621000000000000000e+04
7.623300000000000000e+04
7.623700000000000000e+04
7.626000000000000000e+04
7.627100000000000000e+04
7.628200000000000000e+04
7.628300000000000000e+04
7.632600000000000000e+04
7.633400000000000000e+04
7.633900000000000000e+04
7.636000000000000000e+04
7.638300000000000000e+04
7.645500000000000000e+04
7.647000000000000000e+04
7.650300000000000000e+04
7.656800000000000000e+04
7.657400000000000000e+04
7.658000000000000000e+04
7.667500000000000000e+04
7.667900000000000000e+04
7.669000000000000000e+04
7.669200000000000000e+04
7.674500000000000000e+04
7.675000000000000000e+04
7.677600000000000000e+04
7.677900000000000000e+04
7.683100000000000000e+04
7.684000000000000000e+04
7.684100000000000000e+04
7.688000000000000000e+04
7.689200000000000000e+04
7.691700000000000000e+04
7.700300000000000000e+04
7.700700000000000000e+04
7.701900000000000000e+04
7.703200000000000000e+04
7.705700000000000000e+04
7.705900000000000000e+04
7.706300000000000000e+04
7.706900000000000000e+04
7.707200000000000000e+04
7.711200000000000000e+04
7.717000000000000000e+04
7.718600000000000000e+04
7.720300000000000000e+04
7.722100000000000000e+04
7.722800000000000000e+04
7.723300000000000000e+04
7.724700000000000000e+04
7.725700000000000000e+04
7.731700000000000000e+04
7.737300000000000000e+04
7.739300000000000000e+04
7.742500000000000000e+04
7.743300000000000000e+04
7.745000000000000000e+04
7.747600000000000000e+04
7.750000000000000000e+04
7.750300000000000000e+04
7.751800000000000000e+04
7.754700000000000000e+04
7.756200000000000000e+04
7.758500000000000000e+04
7.769900000000000000e+04
7.770500000000000000e+04
7.771500000000000000e+04
7.772200000000000000e+04
7.772300000000000000e+04
7.773700000000000000e+04
7.774700000000000000e+04
7.778200000000000000e+04
7.778500000000000000e+04
7.781400000000000000e+04
7.782400000000000000e+04
7.783300000000000000e+04
7.783800000000000000e+04
7.784400000000000000e+04
7.785500000000000000e+04
7.788800000000000000e+04
7.790300000000000000e+04
7.798000000000000000e+04
7.800600000000000000e+04
7.802000000000000000e+04
7.806300000000000000e+04
7.812700000000000000e+04
7.814100000000000000e+04
7.814800000000000000e+04
7.815700000000000000e+04
7.816000000000000000e+04
7.817100000000000000e+04
7.818700000000000000e+04
7.819200000000000000e+04
7.821600000000000000e+04
7.829000000000000000e+04
7.831300000000000000e+04
7.833800000000000000e+04
7.835200000000000000e+04
7.837600000000000000e+04
7.838100000000000000e+04
7.841800000000000000e+04
7.843800000000000000e+04
7.847000000000000000e+04
7.847700000000000000e+04
7.851000000000000000e+04
7.851100000000000000e+04
7.851400000000000000e+04
7.851600000000000000e+04
7.854300000000000000e+04
7.856300000000000000e+04
7.859500000000000000e+04
7.861000000000000000e+04
7.864000000000000000e+04
7.868100000000000000e+04
7.872300000000000000e+04
7.874900000000000000e+04
7.876200000000000000e+04
7.878600000000000000e+04
7.879200000000000000e+04
7.885300000000000000e+04
7.886200000000000000e+04
7.887400000000000000e+04
7.887600000000000000e+04
7.893400000000000000e+04
7.893900000000000000e+04
7.897800000000000000e+04
7.899400000000000000e+04
7.902900000000000000e+04
7.903900000000000000e+04
7.909700000000000000e+04
7.911900000000000000e+04
7.914800000000000000e+04
7.918100000000000000e+04
7.919600000000000000e+04
7.921200000000000000e+04
7.926300000000000000e+04
7.934100000000000000e+04
7.934200000000000000e+04
7.935000000000000000e+04
7.939000000000000000e+04
7.940800000000000000e+04
7.941900000000000000e+04
7.945200000000000000e+04
7.945600000000000000e+04
7.947500000000000000e+04
7.948400000000000000e+04
7.954500000000000000e+04
7.956100000000000000e+04
7.957600000000000000e+04
7.957800000000000000e+04
7.959800000000000000e+04
7.960200000000000000e+04
7.961100000000000000e+04
7.961900000000000000e+04
7.962000000000000000e+04
7.964200000000000000e+04
7.971100000000000000e+04
7.971700000000000000e+04
7.973000000000000000e+04
7.974600000000000000e+04
7.975300000000000000e+04
7.975500000000000000e+04
7.976500000000000000e+04
7.982400000000000000e+04
7.983300000000000000e+04
7.984600000000000000e+04
7.985200000000000000e+04
7.987700000000000000e+04
7.990200000000000000e+04
7.990700000000000000e+04
7.990800000000000000e+04
7.991000000000000000e+04
7.991500000000000000e+04
7.995700000000000000e+04
7.996000000000000000e+04
7.997700000000000000e+04
8.007000000000000000e+04
8.007400000000000000e+04
8.008800000000000000e+04
8.014100000000000000e+04
8.014900000000000000e+04
8.016000000000000000e+04
8.018200000000000000e+04
8.018800000000000000e+04
8.019300000000000000e+04
8.027600000000000000e+04
8.027700000000000000e+04
8.037500000000000000e+04
8.037900000000000000e+04
8.043100000000000000e+04
8.044000000000000000e+04
8.045300000000000000e+04
8.045700000000000000e+04
8.047100000000000000e+04
8.047600000000000000e+04
8.052200000000000000e+04
8.056500000000000000e+04
8.056800000000000000e+04
8.057500000000000000e+04
8.065000000000000000e+04
8.065100000000000000e+04
8.065500000000000000e+04
8.070800000000000000e+04
8.075400000000000000e+04
8.076700000000000000e+04
8.082300000000000000e+04
8.085000000000000000e+04
8.087900000000000000e+04
8.089200000000000000e+04
8.089800000000000000e+04
8.090800000000000000e+04
8.091100000000000000e+04
8.092400000000000000e+04
8.093700000000000000e+04
8.094300000000000000e+04
8.098700000000000000e+04
8.100400000000000000e+04
8.103400000000000000e+04
8.106400000000000000e+04
8.108300000000000000e+04
8.108700000000000000e+04
8.114100000000000000e+04
8.115900000000000000e+04
8.116100000000000000e+04
8.117600000000000000e+04
8.117700000000000000e+04
8.123200000000000000e+04
8.123600000000000000e+04
8.124800000000000000e+04
8.130800000000000000e+04
8.133100000000000000e+04
8.133300000000000000e+04
8.133400000000000000e+04
8.133900000000000000e+04
8.139500000000000000e+04
8.141000000000000000e+04
8.141900000000000000e+04
8.144400000000000000e+04
8.144900000000000000e+04
8.145300000000000000e+04
8.147500000000000000e+04
8.149600000000000000e+04
8.150100000000000000e+04
8.155400000000000000e+04
8.155900000000000000e+04
8.163200000000000000e+04
8.164400000000000000e+04
8.168500000000000000e+04
8.169500000000000000e+04
8.170800000000000000e+04
8.175500000000000000e+04
8.176300000000000000e+04
8.176700000000000000e+04
8.179400000000000000e+04
8.180600000000000000e+04
8.183300000000000000e+04
8.183500000000000000e+04
8.184400000000000000e+04
8.186100000000000000e+04
8.186300000000000000e+04
8.192100000000000000e+04
8.195300000000000000e+04
8.196100000000000000e+04
8.197200000000000000e+04
8.197400000000000000e+04
8.198200000000000000e+04
8.201200000000000000e+04
8.202500000000000000e+04
8.210400000000000000e+04
8.212800000000000000e+04
8.213700000000000000e+04
8.220500000000000000e+04
8.221200000000000000e+04
8.229000000000000000e+04
8.230200000000000000e+04
8.230800000000000000e+04
8.231600000000000000e+04
8.236100000000000000e+04
8.236400000000000000e+04
8.236900000000000000e+04
8.237000000000000000e+04
8.240800000000000000e+04
8.241200000000000000e+04
8.241400000000000000e+04
8.248100000000000000e+04
8.249700000000000000e+04
8.250300000000000000e+04
8.253700000000000000e+04
8.254500000000000000e+04
8.256900000000000000e+04
8.257800000000000000e+04
8.259700000000000000e+04
8.264800000000000000e+04
8.265000000000000000e+04
8.268900000000000000e+04
8.270000000000000000e+04
8.272100000000000000e+04
8.275500000000000000e+04
8.275900000000000000e+04
8.276700000000000000e+04
8.280600000000000000e+04
8.288300000000000000e+04
8.289700000000000000e+04
8.289800000000000000e+04
8.291700000000000000e+04
8.294900000000000000e+04
8.296400000000000000e+04
8.298700000000000000e+04
8.299700000000000000e+04
8.300300000000000000e+04
8.300600000000000000e+04
8.301100000000000000e+04
8.301400000000000000e+04
8.305200000000000000e+04
8.309700000000000000e+04
8.313400000000000000e+04
8.313800000000000000e+04
8.314600000000000000e+04
8.316100000000000000e+04
8.319900000000000000e+04
8.321600000000000000e+04
8.323600000000000000e+04
8.324600000000000000e+04
8.325900000000000000e+04
8.329900000000000000e+04
8.330000000000000000e+04
8.333000000000000000e+04
8.337700000000000000e+04
8.340100000000000000e+04
8.342000000000000000e+04
8.342500000000000000e+04
8.345300000000000000e+04
8.345400000000000000e+04
8.346000000000000000e+04
8.348100000000000000e+04
8.353400000000000000e+04
8.353700000000000000e+04
8.362300000000000000e+04
8.362600000000000000e+04
8.362700000000000000e+04
8.365300000000000000e+04
8.365900000000000000e+04
8.372200000000000000e+04
8.378700000000000000e+04
8.380100000000000000e+04
8.386600000000000000e+04
8.389800000000000000e+04
8.390300000000000000e+04
8.390700000000000000e+04
8.391100000000000000e+04
8.391900000000000000e+04
8.393000000000000000e+04
8.393100000000000000e+04
8.394100000000000000e+04
8.395700000000000000e+04
8.402900000000000000e+04
8.404800000000000000e+04
8.406200000000000000e+04
8.407500000000000000e+04
8.410900000000000000e+04
8.412500000000000000e+04
8.414400000000000000e+04
8.419000000000000000e+04
8.419200000000000000e+04
8.419300000000000000e+04
8.421000000000000000e+04
8.424500000000000000e+04
8.425700000000000000e+04
8.426800000000000000e+04
8.427500000000000000e+04
8.430000000000000000e+04
8.431200000000000000e+04
8.432400000000000000e+04
8.437000000000000000e+04
8.439200000000000000e+04
8.440200000000000000e+04
8.441100000000000000e+04
8.444300000000000000e+04
8.446100000000000000e+04
8.448900000000000000e+04
8.450900000000000000e+04
8.456900000000000000e+04
8.462600000000000000e+04
8.469100000000000000e+04
8.470600000000000000e+04
8.471600000000000000e+04
8.471800000000000000e+04
8.472400000000000000e+04
8.476300000000000000e+04
8.478800000000000000e+04
8.479800000000000000e+04
8.480500000000000000e+04
8.480800000000000000e+04
8.481000000000000000e+04
8.483100000000000000e+04
8.487400000000000000e+04
8.487500000000000000e+04
8.487600000000000000e+04
8.488600000000000000e+04
8.491200000000000000e+04
8.498500000000000000e+04
8.501400000000000000e+04
8.504700000000000000e+04
8.506800000000000000e+04
8.507000000000000000e+04
8.509800000000000000e+04
8.512600000000000000e+04
8.513700000000000000e+04
8.518400000000000000e+04
8.522700000000000000e+04
8.525900000000000000e+04
8.526700000000000000e+04
8.528800000000000000e+04
8.534100000000000000e+04
8.534900000000000000e+04
8.535100000000000000e+04
8.538600000000000000e+04
8.544500000000000000e+04
8.545300000000000000e+04
8.549000000000000000e+04
8.550500000000000000e+04
8.554400000000000000e+04
8.557000000000000000e+04
8.561400000000000000e+04
8.565800000000000000e+04
8.566400000000000000e+04
8.566900000000000000e+04
8.567100000000000000e+04
8.569200000000000000e+04
8.579000000000000000e+04
8.579400000000000000e+04
8.581200000000000000e+04
8.582800000000000000e+04
8.587800000000000000e+04
8.590100000000000000e+04
8.590500000000000000e+04
8.591500000000000000e+04
8.597600000000000000e+04
8.604000000000000000e+04
8.615400000000000000e+04
8.616500000000000000e+04
8.620100000000000000e+04
8.622100000000000000e+04
8.624000000000000000e+04
8.625700000000000000e+04
8.626100000000000000e+04
8.627000000000000000e+04
8.627800000000000000e+04
8.628800000000000000e+04
8.630800000000000000e+04
8.632100000000000000e+04
8.632900000000000000e+04
8.635000000000000000e+04
8.635100000000000000e+04
8.639600000000000000e+04
8.641000000000000000e+04
8.641200000000000000e+04
8.642000000000000000e+04
8.642200000000000000e+04
8.646100000000000000e+04
8.646700000000000000e+04
8.649500000000000000e+04
8.651500000000000000e+04
8.653600000000000000e+04
8.654600000000000000e+04
8.656000000000000000e+04
8.656300000000000000e+04
8.656500000000000000e+04
8.657500000000000000e+04
8.658300000000000000e+04
8.660400000000000000e+04
8.661400000000000000e+04
8.663300000000000000e+04
8.666900000000000000e+04
8.668800000000000000e+04
8.669000000000000000e+04
8.669700000000000000e+04
8.671400000000000000e+04
8.672600000000000000e+04
8.673200000000000000e+04
8.674000000000000000e+04
8.677500000000000000e+04
8.679900000000000000e+04
8.683300000000000000e+04
8.693100000000000000e+04
8.696600000000000000e+04
8.698400000000000000e+04
8.699200000000000000e+04
8.703200000000000000e+04
8.705300000000000000e+04
8.707100000000000000e+04
8.707500000000000000e+04
8.708200000000000000e+04
8.709400000000000000e+04
8.710000000000000000e+04
8.710700000000000000e+04
8.710900000000000000e+04
8.711800000000000000e+04
8.713900000000000000e+04
8.715100000000000000e+04
8.716600000000000000e+04
8.718500000000000000e+04
8.719800000000000000e+04
8.720600000000000000e+04
8.721300000000000000e+04
8.721600000000000000e+04
8.723900000000000000e+04
8.726600000000000000e+04
8.728100000000000000e+04
8.730000000000000000e+04
8.734600000000000000e+04
8.734800000000000000e+04
8.736200000000000000e+04
8.737000000000000000e+04
8.738800000000000000e+04
8.740700000000000000e+04
8.746800000000000000e+04
8.750000000000000000e+04
8.751800000000000000e+04
8.752900000000000000e+04
8.758900000000000000e+04
8.759000000000000000e+04
8.760600000000000000e+04
8.763900000000000000e+04
8.766800000000000000e+04
8.768200000000000000e+04
8.771600000000000000e+04
8.773500000000000000e+04
8.784600000000000000e+04
8.784800000000000000e+04
8.787300000000000000e+04
8.788100000000000000e+04
8.789100000000000000e+04
8.789300000000000000e+04
8.790100000000000000e+04
8.790400000000000000e+04
8.791800000000000000e+04
8.794800000000000000e+04
8.794900000000000000e+04
8.796100000000000000e+04
8.796800000000000000e+04
8.798100000000000000e+04
8.798700000000000000e+04
8.799300000000000000e+04
8.802000000000000000e+04
8.802800000000000000e+04
8.803300000000000000e+04
8.803800000000000000e+04
8.808200000000000000e+04
8.808800000000000000e+04
8.810600000000000000e+04
8.812800000000000000e+04
8.813100000000000000e+04
8.814800000000000000e+04
8.816200000000000000e+04
8.821800000000000000e+04
8.822800000000000000e+04
8.825100000000000000e+04
8.825300000000000000e+04
8.826800000000000000e+04
8.831200000000000000e+04
8.831300000000000000e+04
8.836700000000000000e+04
8.838200000000000000e+04
8.838300000000000000e+04
8.838600000000000000e+04
8.840000000000000000e+04
8.843200000000000000e+04
8.843800000000000000e+04
8.844000000000000000e+04
8.847600000000000000e+04
8.848200000000000000e+04
8.852600000000000000e+04
8.852900000000000000e+04
8.855100000000000000e+04
8.855500000000000000e+04
8.856100000000000000e+04
8.860800000000000000e+04
8.863400000000000000e+04
8.864000000000000000e+04
8.883000000000000000e+04
8.883100000000000000e+04
8.883200000000000000e+04
8.883400000000000000e+04
8.884000000000000000e+04
8.885600000000000000e+04
8.885900000000000000e+04
8.886600000000000000e+04
8.889000000000000000e+04
8.890600000000000000e+04
8.891000000000000000e+04
8.891400000000000000e+04
8.894100000000000000e+04
8.894800000000000000e+04
8.896000000000000000e+04
8.898800000000000000e+04
8.909200000000000000e+04
8.909300000000000000e+04
8.909400000000000000e+04
8.911000000000000000e+04
8.917400000000000000e+04
8.917800000000000000e+04
8.918500000000000000e+04
8.918600000000000000e+04
8.919700000000000000e+04
8.923700000000000000e+04
