1.900000000000000000e+01
6.700000000000000000e+01
1.230000000000000000e+02
2.020000000000000000e+02
2.030000000000000000e+02
2.240000000000000000e+02
2.250000000000000000e+02
3.820000000000000000e+02
4.370000000000000000e+02
4.750000000000000000e+02
6.920000000000000000e+02
1.028000000000000000e+03
1.029000000000000000e+03
1.146000000000000000e+03
1.207000000000000000e+03
1.235000000000000000e+03
1.464000000000000000e+03
1.465000000000000000e+03
1.589000000000000000e+03
1.590000000000000000e+03
1.743000000000000000e+03
1.744000000000000000e+03
1.881000000000000000e+03
1.918000000000000000e+03
2.022000000000000000e+03
2.042000000000000000e+03
2.050000000000000000e+03
2.066000000000000000e+03
2.219000000000000000e+03
2.220000000000000000e+03
2.400000000000000000e+03
2.587000000000000000e+03
2.804000000000000000e+03
2.816000000000000000e+03
2.817000000000000000e+03
3.180000000000000000e+03
3.185000000000000000e+03
3.186000000000000000e+03
3.422000000000000000e+03
3.518000000000000000e+03
3.669000000000000000e+03
3.713000000000000000e+03
3.721000000000000000e+03
3.722000000000000000e+03
3.982000000000000000e+03
3.983000000000000000e+03
3.986000000000000000e+03
4.077000000000000000e+03
4.167000000000000000e+03
4.182000000000000000e+03
4.203000000000000000e+03
4.462000000000000000e+03
4.523000000000000000e+03
4.652000000000000000e+03
4.653000000000000000e+03
4.710000000000000000e+03
4.807000000000000000e+03
5.069000000000000000e+03
5.410000000000000000e+03
5.909000000000000000e+03
5.910000000000000000e+03
6.017000000000000000e+03
6.208000000000000000e+03
6.219000000000000000e+03
6.226000000000000000e+03
6.227000000000000000e+03
6.236000000000000000e+03
6.237000000000000000e+03
6.366000000000000000e+03
6.367000000000000000e+03
6.368000000000000000e+03
6.382000000000000000e+03
7.250000000000000000e+03
7.373000000000000000e+03
7.513000000000000000e+03
7.575000000000000000e+03
7.594000000000000000e+03
7.595000000000000000e+03
7.690000000000000000e+03
7.691000000000000000e+03
7.742000000000000000e+03
7.750000000000000000e+03
7.782000000000000000e+03
7.955000000000000000e+03
7.958000000000000000e+03
8.165000000000000000e+03
8.260000000000000000e+03
8.261000000000000000e+03
8.328000000000000000e+03
8.376000000000000000e+03
8.377000000000000000e+03
8.442000000000000000e+03
8.483000000000000000e+03
8.484000000000000000e+03
8.655000000000000000e+03
8.844000000000000000e+03
9.184000000000000000e+03
9.185000000000000000e+03
9.231000000000000000e+03
9.264000000000000000e+03
9.273000000000000000e+03
9.350000000000000000e+03
9.351000000000000000e+03
9.430000000000000000e+03
9.436000000000000000e+03
9.505000000000000000e+03
9.615000000000000000e+03
9.679000000000000000e+03
9.802000000000000000e+03
9.820000000000000000e+03
9.961000000000000000e+03
9.962000000000000000e+03
1.005600000000000000e+04
1.005700000000000000e+04
1.020100000000000000e+04
1.034700000000000000e+04
1.044700000000000000e+04
1.055500000000000000e+04
1.055600000000000000e+04
1.056400000000000000e+04
1.056500000000000000e+04
1.057500000000000000e+04
1.057600000000000000e+04
1.059500000000000000e+04
1.069400000000000000e+04
1.070900000000000000e+04
1.072300000000000000e+04
1.073300000000000000e+04
1.080000000000000000e+04
1.087500000000000000e+04
1.097400000000000000e+04
1.099700000000000000e+04
1.109000000000000000e+04
1.137000000000000000e+04
1.147000000000000000e+04
1.151300000000000000e+04
1.151400000000000000e+04
1.151500000000000000e+04
1.187400000000000000e+04
1.187500000000000000e+04
1.240200000000000000e+04
1.250900000000000000e+04
1.255200000000000000e+04
1.266200000000000000e+04
1.266300000000000000e+04
1.280600000000000000e+04
1.285800000000000000e+04
1.319200000000000000e+04
1.319300000000000000e+04
1.329500000000000000e+04
1.329600000000000000e+04
1.352900000000000000e+04
1.353000000000000000e+04
1.364500000000000000e+04
1.364600000000000000e+04
1.379900000000000000e+04
1.387700000000000000e+04
1.387800000000000000e+04
1.392800000000000000e+04
1.412900000000000000e+04
1.434500000000000000e+04
1.442600000000000000e+04
1.443800000000000000e+04
1.443900000000000000e+04
1.464500000000000000e+04
1.468600000000000000e+04
1.472500000000000000e+04
1.486400000000000000e+04
1.488000000000000000e+04
1.490200000000000000e+04
1.506000000000000000e+04
1.506100000000000000e+04
1.518800000000000000e+04
1.518900000000000000e+04
1.521500000000000000e+04
1.525100000000000000e+04
1.538600000000000000e+04
1.546300000000000000e+04
1.555100000000000000e+04
1.555300000000000000e+04
1.564400000000000000e+04
1.572300000000000000e+04
1.575800000000000000e+04
1.600300000000000000e+04
1.600400000000000000e+04
1.620400000000000000e+04
1.620900000000000000e+04
1.629800000000000000e+04
1.629900000000000000e+04
1.630600000000000000e+04
1.637100000000000000e+04
1.637300000000000000e+04
1.637400000000000000e+04
1.640900000000000000e+04
1.653900000000000000e+04
1.656900000000000000e+04
1.660700000000000000e+04
1.662400000000000000e+04
1.662500000000000000e+04
1.671600000000000000e+04
1.683300000000000000e+04
1.683400000000000000e+04
1.713500000000000000e+04
1.713700000000000000e+04
1.720400000000000000e+04
1.732100000000000000e+04
1.732200000000000000e+04
1.738800000000000000e+04
1.745800000000000000e+04
1.755900000000000000e+04
1.761500000000000000e+04
1.765700000000000000e+04
1.765800000000000000e+04
1.776500000000000000e+04
1.793100000000000000e+04
1.799200000000000000e+04
1.818100000000000000e+04
1.818200000000000000e+04
1.819000000000000000e+04
1.824300000000000000e+04
1.848600000000000000e+04
1.864800000000000000e+04
1.878200000000000000e+04
1.878300000000000000e+04
1.879900000000000000e+04
1.896000000000000000e+04
1.896100000000000000e+04
1.910400000000000000e+04
1.911700000000000000e+04
1.919200000000000000e+04
1.920000000000000000e+04
1.922700000000000000e+04
1.938700000000000000e+04
1.968300000000000000e+04
1.968400000000000000e+04
1.970200000000000000e+04
1.970300000000000000e+04
1.971900000000000000e+04
1.986300000000000000e+04
1.986400000000000000e+04
1.989400000000000000e+04
2.017400000000000000e+04
2.035400000000000000e+04
2.035500000000000000e+04
2.049200000000000000e+04
2.068900000000000000e+04
2.069000000000000000e+04
2.075400000000000000e+04
2.079600000000000000e+04
2.079700000000000000e+04
2.086100000000000000e+04
2.090400000000000000e+04
2.099300000000000000e+04
2.105400000000000000e+04
2.105500000000000000e+04
2.110100000000000000e+04
2.110900000000000000e+04
2.117000000000000000e+04
2.130700000000000000e+04
2.130800000000000000e+04
2.138800000000000000e+04
2.153100000000000000e+04
2.169000000000000000e+04
2.178300000000000000e+04
2.181700000000000000e+04
2.185000000000000000e+04
2.199600000000000000e+04
2.217200000000000000e+04
2.218700000000000000e+04
2.225800000000000000e+04
2.235600000000000000e+04
2.241100000000000000e+04
2.243500000000000000e+04
2.246500000000000000e+04
2.262300000000000000e+04
2.277500000000000000e+04
2.298000000000000000e+04
2.323500000000000000e+04
2.345200000000000000e+04
2.355800000000000000e+04
2.363700000000000000e+04
2.381000000000000000e+04
2.381100000000000000e+04
2.382700000000000000e+04
2.394400000000000000e+04
2.448400000000000000e+04
2.467100000000000000e+04
2.467200000000000000e+04
2.468600000000000000e+04
2.473200000000000000e+04
2.475100000000000000e+04
2.484000000000000000e+04
2.485700000000000000e+04
2.485800000000000000e+04
2.489300000000000000e+04
2.499800000000000000e+04
2.509200000000000000e+04
2.536800000000000000e+04
2.589000000000000000e+04
2.589100000000000000e+04
2.604100000000000000e+04
2.611900000000000000e+04
2.617100000000000000e+04
2.638900000000000000e+04
2.650300000000000000e+04
2.650400000000000000e+04
2.657600000000000000e+04
2.668000000000000000e+04
2.725100000000000000e+04
2.733100000000000000e+04
2.733200000000000000e+04
2.734600000000000000e+04
2.734700000000000000e+04
2.738300000000000000e+04
2.755100000000000000e+04
2.755200000000000000e+04
2.766800000000000000e+04
2.768000000000000000e+04
2.801300000000000000e+04
2.804200000000000000e+04
2.811000000000000000e+04
2.811100000000000000e+04
2.815400000000000000e+04
2.825300000000000000e+04
2.831300000000000000e+04
2.840900000000000000e+04
2.841000000000000000e+04
2.846300000000000000e+04
2.849500000000000000e+04
2.852400000000000000e+04
2.853100000000000000e+04
2.853200000000000000e+04
2.866400000000000000e+04
2.876400000000000000e+04
2.881500000000000000e+04
2.881600000000000000e+04
2.882300000000000000e+04
2.882400000000000000e+04
2.888600000000000000e+04
2.892000000000000000e+04
2.901100000000000000e+04
2.908000000000000000e+04
2.909300000000000000e+04
2.912200000000000000e+04
2.912300000000000000e+04
2.936200000000000000e+04
2.949000000000000000e+04
2.952600000000000000e+04
2.956800000000000000e+04
2.977700000000000000e+04
2.979200000000000000e+04
2.979300000000000000e+04
2.999700000000000000e+04
3.003200000000000000e+04
3.017600000000000000e+04
3.018600000000000000e+04
3.018700000000000000e+04
3.040400000000000000e+04
3.046400000000000000e+04
3.074400000000000000e+04
3.074500000000000000e+04
3.074600000000000000e+04
3.079500000000000000e+04
3.090900000000000000e+04
3.092100000000000000e+04
3.093000000000000000e+04
3.100300000000000000e+04
3.118900000000000000e+04
3.119000000000000000e+04
3.124600000000000000e+04
3.139200000000000000e+04
3.153100000000000000e+04
3.158400000000000000e+04
3.160200000000000000e+04
3.160300000000000000e+04
3.169000000000000000e+04
3.191200000000000000e+04
3.191300000000000000e+04
3.196000000000000000e+04
3.199600000000000000e+04
3.199700000000000000e+04
3.200000000000000000e+04
3.212200000000000000e+04
3.218800000000000000e+04
3.220100000000000000e+04
3.230400000000000000e+04
3.241900000000000000e+04
3.242000000000000000e+04
3.256700000000000000e+04
3.256800000000000000e+04
3.276100000000000000e+04
3.291000000000000000e+04
3.332600000000000000e+04
3.335000000000000000e+04
3.337900000000000000e+04
3.361500000000000000e+04
3.362400000000000000e+04
3.393800000000000000e+04
3.401500000000000000e+04
3.401900000000000000e+04
3.421300000000000000e+04
3.429900000000000000e+04
3.437900000000000000e+04
3.440700000000000000e+04
3.461100000000000000e+04
3.472900000000000000e+04
3.474100000000000000e+04
3.476800000000000000e+04
3.476900000000000000e+04
3.480500000000000000e+04
3.499100000000000000e+04
3.502900000000000000e+04
3.503000000000000000e+04
3.514100000000000000e+04
3.528000000000000000e+04
3.528700000000000000e+04
3.529400000000000000e+04
3.538800000000000000e+04
3.540200000000000000e+04
3.540800000000000000e+04
3.541300000000000000e+04
3.551600000000000000e+04
3.565700000000000000e+04
3.570000000000000000e+04
3.584200000000000000e+04
3.584600000000000000e+04
3.586300000000000000e+04
3.587300000000000000e+04
3.594700000000000000e+04
3.596700000000000000e+04
3.603200000000000000e+04
3.617800000000000000e+04
3.621600000000000000e+04
3.642700000000000000e+04
3.651700000000000000e+04
3.658200000000000000e+04
3.663900000000000000e+04
3.667700000000000000e+04
3.673200000000000000e+04
3.673400000000000000e+04
3.677300000000000000e+04
3.677400000000000000e+04
3.677900000000000000e+04
3.686600000000000000e+04
3.702600000000000000e+04
3.713600000000000000e+04
3.726700000000000000e+04
3.737100000000000000e+04
3.749300000000000000e+04
3.754800000000000000e+04
3.757500000000000000e+04
3.757600000000000000e+04
3.761900000000000000e+04
3.762100000000000000e+04
3.767900000000000000e+04
3.772000000000000000e+04
3.788100000000000000e+04
3.800800000000000000e+04
3.807700000000000000e+04
3.817600000000000000e+04
3.820000000000000000e+04
3.822500000000000000e+04
3.827400000000000000e+04
3.832900000000000000e+04
3.855400000000000000e+04
3.855600000000000000e+04
3.855800000000000000e+04
3.859000000000000000e+04
3.873100000000000000e+04
3.873300000000000000e+04
3.875300000000000000e+04
3.877800000000000000e+04
3.885900000000000000e+04
3.892500000000000000e+04
3.909600000000000000e+04
3.909700000000000000e+04
3.934700000000000000e+04
3.968600000000000000e+04
3.968800000000000000e+04
3.974000000000000000e+04
3.975600000000000000e+04
4.003600000000000000e+04
4.003700000000000000e+04
4.010200000000000000e+04
4.010300000000000000e+04
4.011400000000000000e+04
4.024300000000000000e+04
4.032200000000000000e+04
4.041400000000000000e+04
4.050000000000000000e+04
4.050100000000000000e+04
4.055600000000000000e+04
4.056100000000000000e+04
4.056200000000000000e+04
4.072800000000000000e+04
4.086300000000000000e+04
4.087100000000000000e+04
4.092000000000000000e+04
4.096000000000000000e+04
4.096100000000000000e+04
4.099400000000000000e+04
4.099800000000000000e+04
4.102300000000000000e+04
4.107800000000000000e+04
4.107900000000000000e+04
4.111500000000000000e+04
4.115500000000000000e+04
4.117200000000000000e+04
4.119500000000000000e+04
4.130300000000000000e+04
4.130400000000000000e+04
4.151500000000000000e+04
4.152900000000000000e+04
4.156800000000000000e+04
4.169600000000000000e+04
4.172600000000000000e+04
4.179400000000000000e+04
4.187600000000000000e+04
4.187700000000000000e+04
4.189900000000000000e+04
4.196700000000000000e+04
4.207600000000000000e+04
4.222000000000000000e+04
4.222100000000000000e+04
4.223800000000000000e+04
4.223900000000000000e+04
4.247400000000000000e+04
4.254800000000000000e+04
4.266800000000000000e+04
4.268700000000000000e+04
4.281900000000000000e+04
4.282100000000000000e+04
4.282200000000000000e+04
4.298100000000000000e+04
4.299800000000000000e+04
4.300200000000000000e+04
4.309200000000000000e+04
4.316600000000000000e+04
4.320000000000000000e+04
4.322300000000000000e+04
4.324500000000000000e+04
4.336900000000000000e+04
4.347000000000000000e+04
4.347100000000000000e+04
4.358700000000000000e+04
4.361400000000000000e+04
4.361800000000000000e+04
4.366600000000000000e+04
4.368300000000000000e+04
4.381900000000000000e+04
4.383000000000000000e+04
4.403100000000000000e+04
4.420500000000000000e+04
4.443100000000000000e+04
4.457000000000000000e+04
4.484500000000000000e+04
4.511200000000000000e+04
4.511300000000000000e+04
4.539400000000000000e+04
4.545000000000000000e+04
4.545300000000000000e+04
4.559800000000000000e+04
4.582200000000000000e+04
4.582800000000000000e+04
4.584700000000000000e+04
4.596900000000000000e+04
4.598900000000000000e+04
4.599100000000000000e+04
4.606500000000000000e+04
4.607300000000000000e+04
4.610100000000000000e+04
4.639600000000000000e+04
4.639700000000000000e+04
4.640500000000000000e+04
4.643000000000000000e+04
4.645700000000000000e+04
4.655900000000000000e+04
4.660200000000000000e+04
4.665100000000000000e+04
4.667500000000000000e+04
4.667900000000000000e+04
4.673100000000000000e+04
4.677100000000000000e+04
4.685900000000000000e+04
4.690700000000000000e+04
4.690800000000000000e+04
4.694800000000000000e+04
4.696100000000000000e+04
4.699200000000000000e+04
4.708700000000000000e+04
4.752200000000000000e+04
4.755400000000000000e+04
4.767400000000000000e+04
4.773600000000000000e+04
4.773700000000000000e+04
4.778700000000000000e+04
4.796400000000000000e+04
4.817200000000000000e+04
4.818000000000000000e+04
4.829300000000000000e+04
4.834700000000000000e+04
4.841900000000000000e+04
4.847500000000000000e+04
4.848100000000000000e+04
4.855700000000000000e+04
4.872000000000000000e+04
4.876500000000000000e+04
4.879000000000000000e+04
4.885100000000000000e+04
4.891400000000000000e+04
4.899900000000000000e+04
4.911100000000000000e+04
4.931400000000000000e+04
4.956100000000000000e+04
4.959400000000000000e+04
4.959500000000000000e+04
4.967500000000000000e+04
4.969400000000000000e+04
4.971500000000000000e+04
4.975700000000000000e+04
4.985200000000000000e+04
4.987800000000000000e+04
4.989600000000000000e+04
5.007600000000000000e+04
5.010500000000000000e+04
5.013300000000000000e+04
5.020000000000000000e+04
5.020400000000000000e+04
5.043800000000000000e+04
5.061700000000000000e+04
5.064400000000000000e+04
5.070600000000000000e+04
5.071900000000000000e+04
5.072000000000000000e+04
5.072600000000000000e+04
5.077800000000000000e+04
5.078200000000000000e+04
5.091500000000000000e+04
5.091600000000000000e+04
5.097900000000000000e+04
5.109500000000000000e+04
5.109600000000000000e+04
5.110000000000000000e+04
5.111800000000000000e+04
5.120100000000000000e+04
5.143100000000000000e+04
5.143200000000000000e+04
5.143700000000000000e+04
5.148100000000000000e+04
5.150300000000000000e+04
5.185500000000000000e+04
5.208800000000000000e+04
5.220800000000000000e+04
5.221800000000000000e+04
5.222800000000000000e+04
5.224100000000000000e+04
5.224200000000000000e+04
5.236000000000000000e+04
5.238700000000000000e+04
5.249400000000000000e+04
5.250300000000000000e+04
5.279900000000000000e+04
5.286600000000000000e+04
5.304600000000000000e+04
5.316900000000000000e+04
5.333600000000000000e+04
5.334100000000000000e+04
5.344600000000000000e+04
5.346400000000000000e+04
5.350800000000000000e+04
5.356600000000000000e+04
5.356900000000000000e+04
5.364600000000000000e+04
5.371000000000000000e+04
5.379700000000000000e+04
5.392800000000000000e+04
5.400200000000000000e+04
5.408100000000000000e+04
5.410100000000000000e+04
5.410800000000000000e+04
5.413800000000000000e+04
5.414000000000000000e+04
5.425500000000000000e+04
5.439000000000000000e+04
5.439900000000000000e+04
5.441100000000000000e+04
5.441200000000000000e+04
5.468700000000000000e+04
5.499600000000000000e+04
5.507400000000000000e+04
5.508400000000000000e+04
5.517600000000000000e+04
5.519600000000000000e+04
5.527900000000000000e+04
5.535600000000000000e+04
5.544400000000000000e+04
5.562900000000000000e+04
5.563300000000000000e+04
5.566400000000000000e+04
5.587900000000000000e+04
5.600800000000000000e+04
5.601100000000000000e+04
5.603400000000000000e+04
5.611600000000000000e+04
5.612800000000000000e+04
5.622400000000000000e+04
5.625900000000000000e+04
5.626000000000000000e+04
5.635900000000000000e+04
5.640800000000000000e+04
5.658200000000000000e+04
5.669600000000000000e+04
5.685900000000000000e+04
5.701900000000000000e+04
5.715700000000000000e+04
5.724500000000000000e+04
5.733100000000000000e+04
5.749500000000000000e+04
5.749600000000000000e+04
5.749700000000000000e+04
5.761500000000000000e+04
5.772500000000000000e+04
5.782700000000000000e+04
5.785200000000000000e+04
5.785300000000000000e+04
5.790700000000000000e+04
5.800000000000000000e+04
5.803700000000000000e+04
5.808700000000000000e+04
5.811900000000000000e+04
5.812200000000000000e+04
5.813100000000000000e+04
5.822600000000000000e+04
5.822800000000000000e+04
5.827000000000000000e+04
5.834800000000000000e+04
5.836500000000000000e+04
5.856700000000000000e+04
5.864300000000000000e+04
5.869000000000000000e+04
5.877500000000000000e+04
5.888800000000000000e+04
5.895400000000000000e+04
5.896100000000000000e+04
5.911700000000000000e+04
5.933000000000000000e+04
5.943000000000000000e+04
5.948700000000000000e+04
5.952100000000000000e+04
5.962900000000000000e+04
5.963200000000000000e+04
5.964400000000000000e+04
5.975000000000000000e+04
5.975100000000000000e+04
5.983300000000000000e+04
5.988500000000000000e+04
5.989500000000000000e+04
5.997500000000000000e+04
5.998900000000000000e+04
6.008000000000000000e+04
6.029400000000000000e+04
6.035700000000000000e+04
6.038700000000000000e+04
6.055800000000000000e+04
6.069600000000000000e+04
6.121100000000000000e+04
6.121900000000000000e+04
6.135200000000000000e+04
6.136000000000000000e+04
6.165900000000000000e+04
6.169600000000000000e+04
6.185700000000000000e+04
6.207200000000000000e+04
6.209500000000000000e+04
6.231500000000000000e+04
6.231600000000000000e+04
6.242300000000000000e+04
6.259700000000000000e+04
6.259800000000000000e+04
6.260600000000000000e+04
6.262300000000000000e+04
6.279100000000000000e+04
6.294000000000000000e+04
6.294700000000000000e+04
6.297600000000000000e+04
6.303500000000000000e+04
6.318500000000000000e+04
6.336400000000000000e+04
6.342900000000000000e+04
6.348100000000000000e+04
6.349700000000000000e+04
6.363500000000000000e+04
6.371700000000000000e+04
6.381100000000000000e+04
6.387000000000000000e+04
6.414300000000000000e+04
6.421100000000000000e+04
6.439000000000000000e+04
6.440500000000000000e+04
6.441300000000000000e+04
6.442800000000000000e+04
6.457700000000000000e+04
6.462300000000000000e+04
6.465700000000000000e+04
6.476200000000000000e+04
6.487600000000000000e+04
6.496600000000000000e+04
6.502600000000000000e+04
6.517700000000000000e+04
6.521400000000000000e+04
6.526500000000000000e+04
6.549400000000000000e+04
6.574200000000000000e+04
6.577900000000000000e+04
6.587100000000000000e+04
6.598200000000000000e+04
6.605900000000000000e+04
6.611400000000000000e+04
6.633400000000000000e+04
6.646500000000000000e+04
6.659800000000000000e+04
6.680400000000000000e+04
6.681000000000000000e+04
6.685300000000000000e+04
6.695400000000000000e+04
6.704400000000000000e+04
6.717300000000000000e+04
6.726800000000000000e+04
6.734300000000000000e+04
6.751000000000000000e+04
6.752100000000000000e+04
6.755100000000000000e+04
6.759200000000000000e+04
6.762500000000000000e+04
6.770200000000000000e+04
6.777000000000000000e+04
6.800400000000000000e+04
6.801400000000000000e+04
6.801700000000000000e+04
6.801800000000000000e+04
6.815600000000000000e+04
6.850300000000000000e+04
6.854800000000000000e+04
6.874800000000000000e+04
6.897400000000000000e+04
6.906500000000000000e+04
6.910400000000000000e+04
6.943400000000000000e+04
6.949100000000000000e+04
6.949200000000000000e+04
6.953400000000000000e+04
6.963100000000000000e+04
6.967700000000000000e+04
6.968000000000000000e+04
6.983900000000000000e+04
7.006000000000000000e+04
7.010900000000000000e+04
7.019600000000000000e+04
7.019700000000000000e+04
7.057300000000000000e+04
7.069700000000000000e+04
7.095400000000000000e+04
7.096500000000000000e+04
7.105700000000000000e+04
7.108200000000000000e+04
7.117500000000000000e+04
7.124500000000000000e+04
7.137600000000000000e+04
7.161600000000000000e+04
7.183100000000000000e+04
7.189500000000000000e+04
7.198400000000000000e+04
7.200700000000000000e+04
7.201300000000000000e+04
7.207800000000000000e+04
7.221600000000000000e+04
7.222000000000000000e+04
7.227000000000000000e+04
7.235200000000000000e+04
7.241800000000000000e+04
7.253300000000000000e+04
7.265600000000000000e+04
7.268200000000000000e+04
7.274400000000000000e+04
7.285400000000000000e+04
7.292400000000000000e+04
7.293200000000000000e+04
7.293300000000000000e+04
7.307400000000000000e+04
7.327300000000000000e+04
7.327800000000000000e+04
7.338400000000000000e+04
7.364800000000000000e+04
7.381900000000000000e+04
7.409500000000000000e+04
7.410200000000000000e+04
7.415100000000000000e+04
7.424500000000000000e+04
7.435900000000000000e+04
7.449000000000000000e+04
7.465900000000000000e+04
7.466000000000000000e+04
7.469700000000000000e+04
7.485900000000000000e+04
7.490800000000000000e+04
7.500200000000000000e+04
7.513600000000000000e+04
7.517800000000000000e+04
7.524500000000000000e+04
7.536600000000000000e+04
7.540700000000000000e+04
7.560800000000000000e+04
7.563000000000000000e+04
7.585200000000000000e+04
7.589200000000000000e+04
7.597600000000000000e+04
7.601700000000000000e+04
7.603100000000000000e+04
7.604500000000000000e+04
7.613500000000000000e+04
7.617800000000000000e+04
7.622000000000000000e+04
7.622200000000000000e+04
7.625900000000000000e+04
7.642100000000000000e+04
7.650600000000000000e+04
7.651700000000000000e+04
7.656900000000000000e+04
7.658600000000000000e+04
7.659100000000000000e+04
7.659900000000000000e+04
7.671700000000000000e+04
7.695800000000000000e+04
7.719300000000000000e+04
7.726200000000000000e+04
7.741800000000000000e+04
7.746600000000000000e+04
7.753000000000000000e+04
7.756000000000000000e+04
7.763300000000000000e+04
7.777000000000000000e+04
7.793400000000000000e+04
7.802800000000000000e+04
7.843900000000000000e+04
7.847200000000000000e+04
7.852400000000000000e+04
7.854800000000000000e+04
7.863500000000000000e+04
7.866700000000000000e+04
7.869000000000000000e+04
7.870400000000000000e+04
7.873200000000000000e+04
7.898800000000000000e+04
7.901000000000000000e+04
7.901300000000000000e+04
7.906200000000000000e+04
7.912900000000000000e+04
7.918200000000000000e+04
7.924600000000000000e+04
7.931100000000000000e+04
7.931800000000000000e+04
7.933500000000000000e+04
7.942200000000000000e+04
7.942900000000000000e+04
7.943700000000000000e+04
7.948700000000000000e+04
7.955200000000000000e+04
7.965100000000000000e+04
7.981600000000000000e+04
7.984300000000000000e+04
8.001100000000000000e+04
8.005800000000000000e+04
8.028300000000000000e+04
8.034000000000000000e+04
8.034800000000000000e+04
8.035100000000000000e+04
8.038400000000000000e+04
8.039300000000000000e+04
8.040100000000000000e+04
8.059400000000000000e+04
8.077500000000000000e+04
8.079500000000000000e+04
8.084100000000000000e+04
8.088600000000000000e+04
8.088700000000000000e+04
8.091400000000000000e+04
8.093600000000000000e+04
8.112500000000000000e+04
8.122200000000000000e+04
8.125700000000000000e+04
8.140500000000000000e+04
8.142100000000000000e+04
8.150800000000000000e+04
8.164000000000000000e+04
8.167200000000000000e+04
8.175800000000000000e+04
8.224400000000000000e+04
8.228600000000000000e+04
8.231800000000000000e+04
8.234900000000000000e+04
8.253400000000000000e+04
8.261300000000000000e+04
8.263800000000000000e+04
8.265700000000000000e+04
8.284300000000000000e+04
8.309100000000000000e+04
8.310700000000000000e+04
8.320700000000000000e+04
8.323300000000000000e+04
8.329000000000000000e+04
8.341300000000000000e+04
8.367600000000000000e+04
8.371800000000000000e+04
8.374700000000000000e+04
8.386100000000000000e+04
8.388900000000000000e+04
8.395200000000000000e+04
8.401700000000000000e+04
8.407200000000000000e+04
8.433300000000000000e+04
8.433500000000000000e+04
8.454400000000000000e+04
8.455100000000000000e+04
8.461400000000000000e+04
8.466000000000000000e+04
8.471300000000000000e+04
8.471900000000000000e+04
8.472100000000000000e+04
8.488900000000000000e+04
8.491400000000000000e+04
8.495900000000000000e+04
8.503800000000000000e+04
8.519700000000000000e+04
8.523400000000000000e+04
8.528300000000000000e+04
8.538900000000000000e+04
8.554700000000000000e+04
8.562100000000000000e+04
8.572300000000000000e+04
8.576700000000000000e+04
8.582600000000000000e+04
8.587700000000000000e+04
8.591800000000000000e+04
8.627400000000000000e+04
8.628000000000000000e+04
8.633800000000000000e+04
8.633900000000000000e+04
8.660600000000000000e+04
8.667100000000000000e+04
8.689000000000000000e+04
8.708600000000000000e+04
8.716300000000000000e+04
8.722300000000000000e+04
8.728000000000000000e+04
8.737500000000000000e+04
8.738100000000000000e+04
8.744800000000000000e+04
8.749400000000000000e+04
8.752800000000000000e+04
8.754000000000000000e+04
8.757600000000000000e+04
8.787900000000000000e+04
8.795500000000000000e+04
8.806400000000000000e+04
8.814500000000000000e+04
8.816500000000000000e+04
8.824000000000000000e+04
8.835500000000000000e+04
8.846400000000000000e+04
8.850400000000000000e+04
8.853200000000000000e+04
8.867900000000000000e+04
8.891100000000000000e+04
8.893900000000000000e+04
8.898300000000000000e+04
8.915400000000000000e+04
8.916900000000000000e+04
8.917000000000000000e+04
8.921100000000000000e+04
8.922200000000000000e+04
