2.200000000000000000e+01
4.600000000000000000e+01
5.900000000000000000e+01
1.430000000000000000e+02
1.810000000000000000e+02
2.950000000000000000e+02
3.040000000000000000e+02
4.200000000000000000e+02
4.330000000000000000e+02
4.990000000000000000e+02
5.000000000000000000e+02
5.090000000000000000e+02
7.410000000000000000e+02
7.420000000000000000e+02
8.080000000000000000e+02
8.630000000000000000e+02
9.920000000000000000e+02
1.212000000000000000e+03
1.213000000000000000e+03
1.219000000000000000e+03
1.549000000000000000e+03
1.550000000000000000e+03
1.551000000000000000e+03
1.629000000000000000e+03
1.630000000000000000e+03
1.832000000000000000e+03
1.914000000000000000e+03
1.915000000000000000e+03
2.052000000000000000e+03
2.070000000000000000e+03
2.148000000000000000e+03
2.217000000000000000e+03
2.303000000000000000e+03
2.304000000000000000e+03
2.462000000000000000e+03
2.585000000000000000e+03
2.860000000000000000e+03
2.876000000000000000e+03
2.967000000000000000e+03
2.968000000000000000e+03
3.027000000000000000e+03
3.065000000000000000e+03
3.091000000000000000e+03
3.134000000000000000e+03
3.168000000000000000e+03
3.169000000000000000e+03
3.201000000000000000e+03
3.228000000000000000e+03
3.245000000000000000e+03
3.268000000000000000e+03
3.587000000000000000e+03
3.588000000000000000e+03
3.633000000000000000e+03
3.815000000000000000e+03
3.902000000000000000e+03
4.030000000000000000e+03
4.031000000000000000e+03
4.113000000000000000e+03
4.114000000000000000e+03
4.133000000000000000e+03
4.169000000000000000e+03
4.200000000000000000e+03
4.233000000000000000e+03
4.290000000000000000e+03
4.291000000000000000e+03
4.456000000000000000e+03
4.457000000000000000e+03
4.614000000000000000e+03
4.671000000000000000e+03
4.815000000000000000e+03
4.873000000000000000e+03
4.874000000000000000e+03
4.926000000000000000e+03
4.970000000000000000e+03
5.052000000000000000e+03
5.077000000000000000e+03
5.104000000000000000e+03
5.347000000000000000e+03
5.356000000000000000e+03
5.452000000000000000e+03
5.484000000000000000e+03
5.485000000000000000e+03
5.497000000000000000e+03
5.608000000000000000e+03
5.658000000000000000e+03
5.895000000000000000e+03
6.567000000000000000e+03
6.677000000000000000e+03
6.701000000000000000e+03
6.727000000000000000e+03
7.008000000000000000e+03
7.215000000000000000e+03
7.216000000000000000e+03
7.231000000000000000e+03
7.278000000000000000e+03
7.323000000000000000e+03
7.498000000000000000e+03
7.700000000000000000e+03
7.775000000000000000e+03
7.949000000000000000e+03
8.071000000000000000e+03
8.368000000000000000e+03
8.372000000000000000e+03
8.590000000000000000e+03
8.591000000000000000e+03
8.689000000000000000e+03
8.709000000000000000e+03
8.756000000000000000e+03
8.801000000000000000e+03
8.821000000000000000e+03
8.822000000000000000e+03
8.827000000000000000e+03
8.849000000000000000e+03
9.089000000000000000e+03
9.136000000000000000e+03
9.324000000000000000e+03
9.325000000000000000e+03
9.361000000000000000e+03
9.373000000000000000e+03
9.444000000000000000e+03
9.445000000000000000e+03
9.452000000000000000e+03
9.485000000000000000e+03
9.517000000000000000e+03
9.665000000000000000e+03
9.747000000000000000e+03
9.778000000000000000e+03
9.910000000000000000e+03
9.938000000000000000e+03
9.939000000000000000e+03
1.002000000000000000e+04
1.007300000000000000e+04
1.009400000000000000e+04
1.010600000000000000e+04
1.023500000000000000e+04
1.042400000000000000e+04
1.056600000000000000e+04
1.066600000000000000e+04
1.066700000000000000e+04
1.067600000000000000e+04
1.067700000000000000e+04
1.072500000000000000e+04
1.085100000000000000e+04
1.085200000000000000e+04
1.091800000000000000e+04
1.091900000000000000e+04
1.129800000000000000e+04
1.130600000000000000e+04
1.130700000000000000e+04
1.138300000000000000e+04
1.139000000000000000e+04
1.140000000000000000e+04
1.142900000000000000e+04
1.152500000000000000e+04
1.164100000000000000e+04
1.164200000000000000e+04
1.177300000000000000e+04
1.179700000000000000e+04
1.182300000000000000e+04
1.182400000000000000e+04
1.185000000000000000e+04
1.187900000000000000e+04
1.188500000000000000e+04
1.193700000000000000e+04
1.202600000000000000e+04
1.202700000000000000e+04
1.207700000000000000e+04
1.207800000000000000e+04
1.212400000000000000e+04
1.224500000000000000e+04
1.267400000000000000e+04
1.271400000000000000e+04
1.289300000000000000e+04
1.289400000000000000e+04
1.290000000000000000e+04
1.294500000000000000e+04
1.298500000000000000e+04
1.300900000000000000e+04
1.318100000000000000e+04
1.318200000000000000e+04
1.319800000000000000e+04
1.327400000000000000e+04
1.327500000000000000e+04
1.356200000000000000e+04
1.366000000000000000e+04
1.366100000000000000e+04
1.375400000000000000e+04
1.375500000000000000e+04
1.379700000000000000e+04
1.390100000000000000e+04
1.390200000000000000e+04
1.399400000000000000e+04
1.413500000000000000e+04
1.413600000000000000e+04
1.423800000000000000e+04
1.423900000000000000e+04
1.426100000000000000e+04
1.453500000000000000e+04
1.481600000000000000e+04
1.481700000000000000e+04
1.490100000000000000e+04
1.494800000000000000e+04
1.501700000000000000e+04
1.513500000000000000e+04
1.514700000000000000e+04
1.521900000000000000e+04
1.522800000000000000e+04
1.522900000000000000e+04
1.524800000000000000e+04
1.528500000000000000e+04
1.537500000000000000e+04
1.541200000000000000e+04
1.541400000000000000e+04
1.541500000000000000e+04
1.543300000000000000e+04
1.543400000000000000e+04
1.548000000000000000e+04
1.551600000000000000e+04
1.584000000000000000e+04
1.595400000000000000e+04
1.595500000000000000e+04
1.595600000000000000e+04
1.596000000000000000e+04
1.601100000000000000e+04
1.619500000000000000e+04
1.673600000000000000e+04
1.684000000000000000e+04
1.687600000000000000e+04
1.689800000000000000e+04
1.689900000000000000e+04
1.692500000000000000e+04
1.696200000000000000e+04
1.698400000000000000e+04
1.698600000000000000e+04
1.711700000000000000e+04
1.725600000000000000e+04
1.725700000000000000e+04
1.726500000000000000e+04
1.746300000000000000e+04
1.749900000000000000e+04
1.750000000000000000e+04
1.762100000000000000e+04
1.775700000000000000e+04
1.779200000000000000e+04
1.780100000000000000e+04
1.810400000000000000e+04
1.810500000000000000e+04
1.813700000000000000e+04
1.813800000000000000e+04
1.849400000000000000e+04
1.863800000000000000e+04
1.868200000000000000e+04
1.868300000000000000e+04
1.873900000000000000e+04
1.874000000000000000e+04
1.875200000000000000e+04
1.875800000000000000e+04
1.880900000000000000e+04
1.881100000000000000e+04
1.897000000000000000e+04
1.920200000000000000e+04
1.920300000000000000e+04
1.926600000000000000e+04
1.933200000000000000e+04
1.935100000000000000e+04
1.953300000000000000e+04
1.959700000000000000e+04
1.960200000000000000e+04
1.960400000000000000e+04
1.964600000000000000e+04
1.972500000000000000e+04
1.974400000000000000e+04
2.004600000000000000e+04
2.004700000000000000e+04
2.017500000000000000e+04
2.025100000000000000e+04
2.067900000000000000e+04
2.074200000000000000e+04
2.077500000000000000e+04
2.077600000000000000e+04
2.085200000000000000e+04
2.097100000000000000e+04
2.099700000000000000e+04
2.099800000000000000e+04
2.112200000000000000e+04
2.117300000000000000e+04
2.117400000000000000e+04
2.130100000000000000e+04
2.138000000000000000e+04
2.140000000000000000e+04
2.142000000000000000e+04
2.149300000000000000e+04
2.150000000000000000e+04
2.158600000000000000e+04
2.164800000000000000e+04
2.166800000000000000e+04
2.172500000000000000e+04
2.175800000000000000e+04
2.177400000000000000e+04
2.177500000000000000e+04
2.179300000000000000e+04
2.180300000000000000e+04
2.180500000000000000e+04
2.190100000000000000e+04
2.228000000000000000e+04
2.228100000000000000e+04
2.253900000000000000e+04
2.259300000000000000e+04
2.262900000000000000e+04
2.263700000000000000e+04
2.264400000000000000e+04
2.297400000000000000e+04
2.298200000000000000e+04
2.303000000000000000e+04
2.316800000000000000e+04
2.316900000000000000e+04
2.317400000000000000e+04
2.318900000000000000e+04
2.330900000000000000e+04
2.332800000000000000e+04
2.345700000000000000e+04
2.348300000000000000e+04
2.356100000000000000e+04
2.356200000000000000e+04
2.370000000000000000e+04
2.376800000000000000e+04
2.384200000000000000e+04
2.387600000000000000e+04
2.410100000000000000e+04
2.413400000000000000e+04
2.414000000000000000e+04
2.420400000000000000e+04
2.423000000000000000e+04
2.423100000000000000e+04
2.455100000000000000e+04
2.456200000000000000e+04
2.461600000000000000e+04
2.466400000000000000e+04
2.487000000000000000e+04
2.488300000000000000e+04
2.489600000000000000e+04
2.493800000000000000e+04
2.514800000000000000e+04
2.521000000000000000e+04
2.525300000000000000e+04
2.533900000000000000e+04
2.539200000000000000e+04
2.549600000000000000e+04
2.558800000000000000e+04
2.560400000000000000e+04
2.560500000000000000e+04
2.561200000000000000e+04
2.561700000000000000e+04
2.561800000000000000e+04
2.564400000000000000e+04
2.585200000000000000e+04
2.596100000000000000e+04
2.598000000000000000e+04
2.599600000000000000e+04
2.600100000000000000e+04
2.601900000000000000e+04
2.602400000000000000e+04
2.602500000000000000e+04
2.605100000000000000e+04
2.619300000000000000e+04
2.631500000000000000e+04
2.643200000000000000e+04
2.660200000000000000e+04
2.668900000000000000e+04
2.690100000000000000e+04
2.698500000000000000e+04
2.704800000000000000e+04
2.710700000000000000e+04
2.717500000000000000e+04
2.722500000000000000e+04
2.724100000000000000e+04
2.752500000000000000e+04
2.752600000000000000e+04
2.766000000000000000e+04
2.766100000000000000e+04
2.783000000000000000e+04
2.783900000000000000e+04
2.786200000000000000e+04
2.786300000000000000e+04
2.787500000000000000e+04
2.787600000000000000e+04
2.792600000000000000e+04
2.799900000000000000e+04
2.804300000000000000e+04
2.804400000000000000e+04
2.805800000000000000e+04
2.812300000000000000e+04
2.814100000000000000e+04
2.818400000000000000e+04
2.823400000000000000e+04
2.826900000000000000e+04
2.827000000000000000e+04
2.828000000000000000e+04
2.842700000000000000e+04
2.859900000000000000e+04
2.868700000000000000e+04
2.874800000000000000e+04
2.912000000000000000e+04
2.916400000000000000e+04
2.920200000000000000e+04
2.920300000000000000e+04
2.930700000000000000e+04
2.967100000000000000e+04
2.972300000000000000e+04
2.981600000000000000e+04
2.991100000000000000e+04
3.001500000000000000e+04
3.004300000000000000e+04
3.011900000000000000e+04
3.012000000000000000e+04
3.014500000000000000e+04
3.015400000000000000e+04
3.024600000000000000e+04
3.032100000000000000e+04
3.035800000000000000e+04
3.035900000000000000e+04
3.051900000000000000e+04
3.062000000000000000e+04
3.062100000000000000e+04
3.078400000000000000e+04
3.080100000000000000e+04
3.099400000000000000e+04
3.100900000000000000e+04
3.107200000000000000e+04
3.111800000000000000e+04
3.118700000000000000e+04
3.118800000000000000e+04
3.143900000000000000e+04
3.146900000000000000e+04
3.150600000000000000e+04
3.152200000000000000e+04
3.159300000000000000e+04
3.161700000000000000e+04
3.165600000000000000e+04
3.167500000000000000e+04
3.174200000000000000e+04
3.199800000000000000e+04
3.219000000000000000e+04
3.223200000000000000e+04
3.230500000000000000e+04
3.232800000000000000e+04
3.232900000000000000e+04
3.237100000000000000e+04
3.243900000000000000e+04
3.304500000000000000e+04
3.304600000000000000e+04
3.309600000000000000e+04
3.310300000000000000e+04
3.314800000000000000e+04
3.331600000000000000e+04
3.333900000000000000e+04
3.340600000000000000e+04
3.346900000000000000e+04
3.355200000000000000e+04
3.375400000000000000e+04
3.386500000000000000e+04
3.391000000000000000e+04
3.397200000000000000e+04
3.402200000000000000e+04
3.415500000000000000e+04
3.421600000000000000e+04
3.436500000000000000e+04
3.454400000000000000e+04
3.456200000000000000e+04
3.485900000000000000e+04
3.498000000000000000e+04
3.503300000000000000e+04
3.525400000000000000e+04
3.541000000000000000e+04
3.549000000000000000e+04
3.549100000000000000e+04
3.558600000000000000e+04
3.566800000000000000e+04
3.592800000000000000e+04
3.608900000000000000e+04
3.613700000000000000e+04
3.621500000000000000e+04
3.634600000000000000e+04
3.636300000000000000e+04
3.638300000000000000e+04
3.649200000000000000e+04
3.649300000000000000e+04
3.656300000000000000e+04
3.679500000000000000e+04
3.703900000000000000e+04
3.706000000000000000e+04
3.715800000000000000e+04
3.716200000000000000e+04
3.717300000000000000e+04
3.717900000000000000e+04
3.734300000000000000e+04
3.734400000000000000e+04
3.744500000000000000e+04
3.748100000000000000e+04
3.750300000000000000e+04
3.758400000000000000e+04
3.759100000000000000e+04
3.766800000000000000e+04
3.773600000000000000e+04
3.798500000000000000e+04
3.800100000000000000e+04
3.812000000000000000e+04
3.828100000000000000e+04
3.836800000000000000e+04
3.847600000000000000e+04
3.853900000000000000e+04
3.854000000000000000e+04
3.857400000000000000e+04
3.857800000000000000e+04
3.857900000000000000e+04
3.880900000000000000e+04
3.881000000000000000e+04
3.888300000000000000e+04
3.891600000000000000e+04
3.892400000000000000e+04
3.898000000000000000e+04
3.910700000000000000e+04
3.911900000000000000e+04
3.938200000000000000e+04
3.949200000000000000e+04
3.956900000000000000e+04
3.957000000000000000e+04
3.963300000000000000e+04
3.973300000000000000e+04
3.973600000000000000e+04
3.984400000000000000e+04
4.000300000000000000e+04
4.001200000000000000e+04
4.003400000000000000e+04
4.014600000000000000e+04
4.023300000000000000e+04
4.032000000000000000e+04
4.035600000000000000e+04
4.038400000000000000e+04
4.056600000000000000e+04
4.065200000000000000e+04
4.073600000000000000e+04
4.073700000000000000e+04
4.114900000000000000e+04
4.134000000000000000e+04
4.135400000000000000e+04
4.143100000000000000e+04
4.144900000000000000e+04
4.149600000000000000e+04
4.157500000000000000e+04
4.160400000000000000e+04
4.160700000000000000e+04
4.166000000000000000e+04
4.172300000000000000e+04
4.204700000000000000e+04
4.205500000000000000e+04
4.205600000000000000e+04
4.255200000000000000e+04
4.267700000000000000e+04
4.279000000000000000e+04
4.280800000000000000e+04
4.282800000000000000e+04
4.284800000000000000e+04
4.286300000000000000e+04
4.325700000000000000e+04
4.339600000000000000e+04
4.344200000000000000e+04
4.346000000000000000e+04
4.346100000000000000e+04
4.362500000000000000e+04
4.367800000000000000e+04
4.376200000000000000e+04
4.387800000000000000e+04
4.392500000000000000e+04
4.393900000000000000e+04
4.404300000000000000e+04
4.405200000000000000e+04
4.413200000000000000e+04
4.414100000000000000e+04
4.446500000000000000e+04
4.447100000000000000e+04
4.448300000000000000e+04
4.462500000000000000e+04
4.467700000000000000e+04
4.471800000000000000e+04
4.493900000000000000e+04
4.496000000000000000e+04
4.497100000000000000e+04
4.497200000000000000e+04
4.504700000000000000e+04
4.507200000000000000e+04
4.514600000000000000e+04
4.519300000000000000e+04
4.527900000000000000e+04
4.529600000000000000e+04
4.530300000000000000e+04
4.534200000000000000e+04
4.546100000000000000e+04
4.549600000000000000e+04
4.557800000000000000e+04
4.595400000000000000e+04
4.599300000000000000e+04
4.608600000000000000e+04
4.613200000000000000e+04
4.622500000000000000e+04
4.629700000000000000e+04
4.633200000000000000e+04
4.633300000000000000e+04
4.648200000000000000e+04
4.664900000000000000e+04
4.681300000000000000e+04
4.681400000000000000e+04
4.682900000000000000e+04
4.684400000000000000e+04
4.690600000000000000e+04
4.691400000000000000e+04
4.701500000000000000e+04
4.712100000000000000e+04
4.723400000000000000e+04
4.731100000000000000e+04
4.731200000000000000e+04
4.742600000000000000e+04
4.750800000000000000e+04
4.758600000000000000e+04
4.770800000000000000e+04
4.790100000000000000e+04
4.797800000000000000e+04
4.810000000000000000e+04
4.813500000000000000e+04
4.826000000000000000e+04
4.831800000000000000e+04
4.832900000000000000e+04
4.835000000000000000e+04
4.839100000000000000e+04
4.864200000000000000e+04
4.869100000000000000e+04
4.870100000000000000e+04
4.872100000000000000e+04
4.873000000000000000e+04
4.878600000000000000e+04
4.884300000000000000e+04
4.888100000000000000e+04
4.901300000000000000e+04
4.902600000000000000e+04
4.903000000000000000e+04
4.905600000000000000e+04
4.938800000000000000e+04
4.945100000000000000e+04
4.954900000000000000e+04
4.965200000000000000e+04
4.967400000000000000e+04
4.969200000000000000e+04
4.972600000000000000e+04
4.973800000000000000e+04
4.975000000000000000e+04
4.979900000000000000e+04
4.982100000000000000e+04
4.982200000000000000e+04
4.985900000000000000e+04
4.987000000000000000e+04
5.014800000000000000e+04
5.015600000000000000e+04
5.023300000000000000e+04
5.026500000000000000e+04
5.027700000000000000e+04
5.027800000000000000e+04
5.028300000000000000e+04
5.029700000000000000e+04
5.036800000000000000e+04
5.036900000000000000e+04
5.051000000000000000e+04
5.051400000000000000e+04
5.058100000000000000e+04
5.061000000000000000e+04
5.083600000000000000e+04
5.083700000000000000e+04
5.085100000000000000e+04
5.089300000000000000e+04
5.092400000000000000e+04
5.097500000000000000e+04
5.112800000000000000e+04
5.118300000000000000e+04
5.121700000000000000e+04
5.122200000000000000e+04
5.183900000000000000e+04
5.189600000000000000e+04
5.207000000000000000e+04
5.222200000000000000e+04
5.237700000000000000e+04
5.256900000000000000e+04
5.262800000000000000e+04
5.274000000000000000e+04
5.274100000000000000e+04
5.275600000000000000e+04
5.285000000000000000e+04
5.288800000000000000e+04
5.302400000000000000e+04
5.302500000000000000e+04
5.310600000000000000e+04
5.318300000000000000e+04
5.318900000000000000e+04
5.319800000000000000e+04
5.349300000000000000e+04
5.372000000000000000e+04
5.389100000000000000e+04
5.427200000000000000e+04
5.429600000000000000e+04
5.435300000000000000e+04
5.444300000000000000e+04
5.447100000000000000e+04
5.447600000000000000e+04
5.452700000000000000e+04
5.452800000000000000e+04
5.464200000000000000e+04
5.478200000000000000e+04
5.483000000000000000e+04
5.488300000000000000e+04
5.503500000000000000e+04
5.507200000000000000e+04
5.519000000000000000e+04
5.541000000000000000e+04
5.542000000000000000e+04
5.548500000000000000e+04
5.556200000000000000e+04
5.567400000000000000e+04
5.586900000000000000e+04
5.588900000000000000e+04
5.595000000000000000e+04
5.611700000000000000e+04
5.613800000000000000e+04
5.624100000000000000e+04
5.624500000000000000e+04
5.627400000000000000e+04
5.628300000000000000e+04
5.645100000000000000e+04
5.648700000000000000e+04
5.661000000000000000e+04
5.661400000000000000e+04
5.692800000000000000e+04
5.692900000000000000e+04
5.694400000000000000e+04
5.697100000000000000e+04
5.697200000000000000e+04
5.706200000000000000e+04
5.711400000000000000e+04
5.713800000000000000e+04
5.725700000000000000e+04
5.736200000000000000e+04
5.738200000000000000e+04
5.760500000000000000e+04
5.763800000000000000e+04
5.765600000000000000e+04
5.769600000000000000e+04
5.781900000000000000e+04
5.788400000000000000e+04
5.794500000000000000e+04
5.799000000000000000e+04
5.805200000000000000e+04
5.806600000000000000e+04
5.807800000000000000e+04
5.808400000000000000e+04
5.813200000000000000e+04
5.844400000000000000e+04
5.847300000000000000e+04
5.847400000000000000e+04
5.847900000000000000e+04
5.872600000000000000e+04
5.879800000000000000e+04
5.895200000000000000e+04
5.899300000000000000e+04
5.906900000000000000e+04
5.937200000000000000e+04
5.941400000000000000e+04
5.963700000000000000e+04
5.970200000000000000e+04
5.980200000000000000e+04
5.983400000000000000e+04
5.986000000000000000e+04
6.005500000000000000e+04
6.025200000000000000e+04
6.030000000000000000e+04
6.031100000000000000e+04
6.031600000000000000e+04
6.036300000000000000e+04
6.047700000000000000e+04
6.055700000000000000e+04
6.057900000000000000e+04
6.067700000000000000e+04
6.071300000000000000e+04
6.074600000000000000e+04
6.078100000000000000e+04
6.110300000000000000e+04
6.146100000000000000e+04
6.152100000000000000e+04
6.152200000000000000e+04
6.152700000000000000e+04
6.155700000000000000e+04
6.165500000000000000e+04
6.166000000000000000e+04
6.166200000000000000e+04
6.175300000000000000e+04
6.187900000000000000e+04
6.190700000000000000e+04
6.193500000000000000e+04
6.194000000000000000e+04
6.202800000000000000e+04
6.204900000000000000e+04
6.205200000000000000e+04
6.224100000000000000e+04
6.229700000000000000e+04
6.238200000000000000e+04
6.275000000000000000e+04
6.276700000000000000e+04
6.297400000000000000e+04
6.303100000000000000e+04
6.306300000000000000e+04
6.322700000000000000e+04
6.335400000000000000e+04
6.335500000000000000e+04
6.343100000000000000e+04
6.352600000000000000e+04
6.355500000000000000e+04
6.366300000000000000e+04
6.375500000000000000e+04
6.377500000000000000e+04
6.384900000000000000e+04
6.401900000000000000e+04
6.416500000000000000e+04
6.420300000000000000e+04
6.429800000000000000e+04
6.434900000000000000e+04
6.439600000000000000e+04
6.447600000000000000e+04
6.460400000000000000e+04
6.460500000000000000e+04
6.466600000000000000e+04
6.471500000000000000e+04
6.471600000000000000e+04
6.471700000000000000e+04
6.477700000000000000e+04
6.479500000000000000e+04
6.498000000000000000e+04
6.500200000000000000e+04
6.503200000000000000e+04
6.503400000000000000e+04
6.511400000000000000e+04
6.525100000000000000e+04
6.533400000000000000e+04
6.539900000000000000e+04
6.548800000000000000e+04
6.562900000000000000e+04
6.572700000000000000e+04
6.583300000000000000e+04
6.585000000000000000e+04
6.592300000000000000e+04
6.600400000000000000e+04
6.622500000000000000e+04
6.634600000000000000e+04
6.640000000000000000e+04
6.640300000000000000e+04
6.641000000000000000e+04
6.646100000000000000e+04
6.647700000000000000e+04
6.653200000000000000e+04
6.663500000000000000e+04
6.663600000000000000e+04
6.680900000000000000e+04
6.690800000000000000e+04
6.703000000000000000e+04
6.721400000000000000e+04
6.721500000000000000e+04
6.722000000000000000e+04
6.734700000000000000e+04
6.750900000000000000e+04
6.757000000000000000e+04
6.760100000000000000e+04
6.779000000000000000e+04
6.783900000000000000e+04
6.787800000000000000e+04
6.788400000000000000e+04
6.792500000000000000e+04
6.797200000000000000e+04
6.806200000000000000e+04
6.811900000000000000e+04
6.813400000000000000e+04
6.815100000000000000e+04
6.833000000000000000e+04
6.833500000000000000e+04
6.846100000000000000e+04
6.849500000000000000e+04
6.868600000000000000e+04
6.898500000000000000e+04
6.898600000000000000e+04
6.903200000000000000e+04
6.908100000000000000e+04
6.910600000000000000e+04
6.916600000000000000e+04
6.920300000000000000e+04
6.928800000000000000e+04
6.936600000000000000e+04
6.947100000000000000e+04
6.950500000000000000e+04
6.958100000000000000e+04
6.972200000000000000e+04
6.976900000000000000e+04
6.981900000000000000e+04
6.992700000000000000e+04
6.994000000000000000e+04
6.995700000000000000e+04
6.998000000000000000e+04
7.000000000000000000e+04
7.002000000000000000e+04
7.005000000000000000e+04
7.006800000000000000e+04
7.010500000000000000e+04
7.012500000000000000e+04
7.019100000000000000e+04
7.039500000000000000e+04
7.083400000000000000e+04
7.098600000000000000e+04
7.103300000000000000e+04
7.109900000000000000e+04
7.111400000000000000e+04
7.130400000000000000e+04
7.135200000000000000e+04
7.143500000000000000e+04
7.162100000000000000e+04
7.165400000000000000e+04
7.167800000000000000e+04
7.184500000000000000e+04
7.186400000000000000e+04
7.186500000000000000e+04
7.195800000000000000e+04
7.229100000000000000e+04
7.254900000000000000e+04
7.261100000000000000e+04
7.267000000000000000e+04
7.268300000000000000e+04
7.282700000000000000e+04
7.298000000000000000e+04
7.310000000000000000e+04
7.316800000000000000e+04
7.327400000000000000e+04
7.346100000000000000e+04
7.361500000000000000e+04
7.363100000000000000e+04
7.367100000000000000e+04
7.372400000000000000e+04
7.382100000000000000e+04
7.385600000000000000e+04
7.412800000000000000e+04
7.413000000000000000e+04
7.439600000000000000e+04
7.444300000000000000e+04
7.462700000000000000e+04
7.487300000000000000e+04
7.506600000000000000e+04
7.516200000000000000e+04
7.520900000000000000e+04
7.535400000000000000e+04
7.550200000000000000e+04
7.565500000000000000e+04
7.577700000000000000e+04
7.583500000000000000e+04
7.593500000000000000e+04
7.594100000000000000e+04
7.605500000000000000e+04
7.611600000000000000e+04
7.635700000000000000e+04
7.646500000000000000e+04
7.655900000000000000e+04
7.656200000000000000e+04
7.658700000000000000e+04
7.664500000000000000e+04
7.666000000000000000e+04
7.691900000000000000e+04
7.709900000000000000e+04
7.718000000000000000e+04
7.761200000000000000e+04
7.766800000000000000e+04
7.774000000000000000e+04
7.779700000000000000e+04
7.788200000000000000e+04
7.796900000000000000e+04
7.797100000000000000e+04
7.799400000000000000e+04
7.800900000000000000e+04
7.815800000000000000e+04
7.826700000000000000e+04
7.844600000000000000e+04
7.848800000000000000e+04
7.853100000000000000e+04
7.855000000000000000e+04
7.872500000000000000e+04
7.873900000000000000e+04
7.877300000000000000e+04
7.880100000000000000e+04
7.889700000000000000e+04
7.894500000000000000e+04
7.895800000000000000e+04
7.907600000000000000e+04
7.910600000000000000e+04
7.911400000000000000e+04
7.921800000000000000e+04
7.928400000000000000e+04
7.938400000000000000e+04
7.964400000000000000e+04
7.973500000000000000e+04
7.975600000000000000e+04
7.982500000000000000e+04
7.984900000000000000e+04
7.986000000000000000e+04
7.997200000000000000e+04
7.998300000000000000e+04
8.001900000000000000e+04
8.003800000000000000e+04
8.008100000000000000e+04
8.009700000000000000e+04
8.012500000000000000e+04
8.027300000000000000e+04
8.041700000000000000e+04
8.042000000000000000e+04
8.044600000000000000e+04
8.048400000000000000e+04
8.056400000000000000e+04
8.058600000000000000e+04
8.059500000000000000e+04
8.059800000000000000e+04
8.063300000000000000e+04
8.063500000000000000e+04
8.069300000000000000e+04
8.069900000000000000e+04
8.072600000000000000e+04
8.073000000000000000e+04
8.076600000000000000e+04
8.098400000000000000e+04
8.110500000000000000e+04
8.116200000000000000e+04
8.122100000000000000e+04
8.127000000000000000e+04
8.127100000000000000e+04
8.127900000000000000e+04
8.128600000000000000e+04
8.130000000000000000e+04
8.134800000000000000e+04
8.140100000000000000e+04
8.142600000000000000e+04
8.153300000000000000e+04
8.170600000000000000e+04
8.171300000000000000e+04
8.175400000000000000e+04
8.201000000000000000e+04
8.201100000000000000e+04
8.218500000000000000e+04
8.229200000000000000e+04
8.231400000000000000e+04
8.236800000000000000e+04
8.239400000000000000e+04
8.254100000000000000e+04
8.258900000000000000e+04
8.269100000000000000e+04
8.273100000000000000e+04
8.282300000000000000e+04
8.285300000000000000e+04
8.313700000000000000e+04
8.325000000000000000e+04
8.335000000000000000e+04
8.366100000000000000e+04
8.379900000000000000e+04
8.387600000000000000e+04
8.390000000000000000e+04
8.391300000000000000e+04
8.411100000000000000e+04
8.423800000000000000e+04
8.430500000000000000e+04
8.434400000000000000e+04
8.442800000000000000e+04
8.464700000000000000e+04
8.470400000000000000e+04
8.475100000000000000e+04
8.475900000000000000e+04
8.488700000000000000e+04
8.497700000000000000e+04
8.503700000000000000e+04
8.507600000000000000e+04
8.508000000000000000e+04
8.517600000000000000e+04
8.520400000000000000e+04
8.531600000000000000e+04
8.537800000000000000e+04
8.539600000000000000e+04
8.542100000000000000e+04
8.543000000000000000e+04
8.544000000000000000e+04
8.553300000000000000e+04
8.555100000000000000e+04
8.568700000000000000e+04
8.589300000000000000e+04
8.591600000000000000e+04
8.607100000000000000e+04
8.609700000000000000e+04
8.619300000000000000e+04
8.620700000000000000e+04
8.640400000000000000e+04
8.648800000000000000e+04
8.655100000000000000e+04
8.663700000000000000e+04
8.669400000000000000e+04
8.688000000000000000e+04
8.689200000000000000e+04
8.689800000000000000e+04
8.690200000000000000e+04
8.707200000000000000e+04
8.713400000000000000e+04
8.719000000000000000e+04
8.719200000000000000e+04
8.721100000000000000e+04
8.730400000000000000e+04
8.730800000000000000e+04
8.735000000000000000e+04
8.751300000000000000e+04
8.758100000000000000e+04
8.762900000000000000e+04
8.772600000000000000e+04
8.779500000000000000e+04
8.790800000000000000e+04
8.796300000000000000e+04
8.809200000000000000e+04
8.813500000000000000e+04
8.814300000000000000e+04
8.820300000000000000e+04
8.824800000000000000e+04
8.826600000000000000e+04
8.828700000000000000e+04
8.829600000000000000e+04
8.830400000000000000e+04
8.831900000000000000e+04
8.844200000000000000e+04
8.852000000000000000e+04
8.861100000000000000e+04
8.864200000000000000e+04
8.864800000000000000e+04
8.867100000000000000e+04
8.871400000000000000e+04
8.885700000000000000e+04
8.886100000000000000e+04
8.889400000000000000e+04
8.917600000000000000e+04
8.922900000000000000e+04
