1.450000000000000000e+02
1.460000000000000000e+02
2.380000000000000000e+02
4.910000000000000000e+02
4.970000000000000000e+02
6.170000000000000000e+02
6.180000000000000000e+02
1.099000000000000000e+03
1.100000000000000000e+03
1.160000000000000000e+03
1.594000000000000000e+03
1.613000000000000000e+03
1.614000000000000000e+03
1.638000000000000000e+03
1.639000000000000000e+03
1.837000000000000000e+03
2.031000000000000000e+03
2.032000000000000000e+03
2.249000000000000000e+03
2.586000000000000000e+03
2.868000000000000000e+03
2.872000000000000000e+03
2.873000000000000000e+03
3.139000000000000000e+03
3.314000000000000000e+03
3.424000000000000000e+03
3.425000000000000000e+03
3.440000000000000000e+03
3.476000000000000000e+03
3.759000000000000000e+03
3.776000000000000000e+03
4.183000000000000000e+03
4.284000000000000000e+03
4.447000000000000000e+03
4.508000000000000000e+03
4.509000000000000000e+03
4.602000000000000000e+03
4.603000000000000000e+03
4.875000000000000000e+03
5.274000000000000000e+03
5.275000000000000000e+03
5.397000000000000000e+03
5.569000000000000000e+03
5.619000000000000000e+03
5.620000000000000000e+03
5.656000000000000000e+03
5.781000000000000000e+03
5.823000000000000000e+03
6.049000000000000000e+03
6.094000000000000000e+03
6.245000000000000000e+03
6.520000000000000000e+03
6.612000000000000000e+03
6.759000000000000000e+03
6.785000000000000000e+03
6.791000000000000000e+03
6.792000000000000000e+03
7.127000000000000000e+03
7.360000000000000000e+03
7.504000000000000000e+03
8.087000000000000000e+03
8.171000000000000000e+03
8.477000000000000000e+03
8.518000000000000000e+03
8.623000000000000000e+03
8.634000000000000000e+03
8.967000000000000000e+03
9.072000000000000000e+03
9.308000000000000000e+03
9.426000000000000000e+03
9.533000000000000000e+03
9.687000000000000000e+03
9.688000000000000000e+03
9.830000000000000000e+03
9.831000000000000000e+03
1.004200000000000000e+04
1.016000000000000000e+04
1.016100000000000000e+04
1.021400000000000000e+04
1.053700000000000000e+04
1.073100000000000000e+04
1.079600000000000000e+04
1.079700000000000000e+04
1.106900000000000000e+04
1.112900000000000000e+04
1.115700000000000000e+04
1.115800000000000000e+04
1.124900000000000000e+04
1.125000000000000000e+04
1.125100000000000000e+04
1.125200000000000000e+04
1.140200000000000000e+04
1.145900000000000000e+04
1.147700000000000000e+04
1.147800000000000000e+04
1.154000000000000000e+04
1.159000000000000000e+04
1.177100000000000000e+04
1.177200000000000000e+04
1.187300000000000000e+04
1.256800000000000000e+04
1.268400000000000000e+04
1.268500000000000000e+04
1.278700000000000000e+04
1.319100000000000000e+04
1.328100000000000000e+04
1.337000000000000000e+04
1.352500000000000000e+04
1.352600000000000000e+04
1.374400000000000000e+04
1.374700000000000000e+04
1.375000000000000000e+04
1.415100000000000000e+04
1.449200000000000000e+04
1.478800000000000000e+04
1.478900000000000000e+04
1.489400000000000000e+04
1.491600000000000000e+04
1.491700000000000000e+04
1.502000000000000000e+04
1.507600000000000000e+04
1.527300000000000000e+04
1.547600000000000000e+04
1.555400000000000000e+04
1.556400000000000000e+04
1.558200000000000000e+04
1.558400000000000000e+04
1.571500000000000000e+04
1.610900000000000000e+04
1.611000000000000000e+04
1.627600000000000000e+04
1.646000000000000000e+04
1.679200000000000000e+04
1.697900000000000000e+04
1.698700000000000000e+04
1.706700000000000000e+04
1.707600000000000000e+04
1.707700000000000000e+04
1.735900000000000000e+04
1.737100000000000000e+04
1.737300000000000000e+04
1.752300000000000000e+04
1.762900000000000000e+04
1.765200000000000000e+04
1.786500000000000000e+04
1.786600000000000000e+04
1.803600000000000000e+04
1.803700000000000000e+04
1.814000000000000000e+04
1.851600000000000000e+04
1.855400000000000000e+04
1.860000000000000000e+04
1.877200000000000000e+04
1.882400000000000000e+04
1.930400000000000000e+04
1.946300000000000000e+04
1.946400000000000000e+04
1.969500000000000000e+04
1.982500000000000000e+04
1.982600000000000000e+04
1.989000000000000000e+04
1.989100000000000000e+04
2.002200000000000000e+04
2.002300000000000000e+04
2.004100000000000000e+04
2.071200000000000000e+04
2.078000000000000000e+04
2.095300000000000000e+04
2.096100000000000000e+04
2.096700000000000000e+04
2.106600000000000000e+04
2.106700000000000000e+04
2.109100000000000000e+04
2.118900000000000000e+04
2.137400000000000000e+04
2.151000000000000000e+04
2.228600000000000000e+04
2.229200000000000000e+04
2.273800000000000000e+04
2.284900000000000000e+04
2.293300000000000000e+04
2.350600000000000000e+04
2.369800000000000000e+04
2.452300000000000000e+04
2.452400000000000000e+04
2.461100000000000000e+04
2.465500000000000000e+04
2.493300000000000000e+04
2.493600000000000000e+04
2.495400000000000000e+04
2.505600000000000000e+04
2.534200000000000000e+04
2.546100000000000000e+04
2.570000000000000000e+04
2.629400000000000000e+04
2.657700000000000000e+04
2.670500000000000000e+04
2.710600000000000000e+04
2.720300000000000000e+04
2.727800000000000000e+04
2.731100000000000000e+04
2.732200000000000000e+04
2.771400000000000000e+04
2.790900000000000000e+04
2.793700000000000000e+04
2.815000000000000000e+04
2.822600000000000000e+04
2.835700000000000000e+04
2.853600000000000000e+04
2.860700000000000000e+04
2.865800000000000000e+04
2.873700000000000000e+04
2.875100000000000000e+04
2.899800000000000000e+04
2.899900000000000000e+04
2.904200000000000000e+04
2.940700000000000000e+04
2.968200000000000000e+04
2.973900000000000000e+04
2.982600000000000000e+04
2.984500000000000000e+04
2.984600000000000000e+04
2.986900000000000000e+04
2.987000000000000000e+04
3.020500000000000000e+04
3.078100000000000000e+04
3.084600000000000000e+04
3.147000000000000000e+04
3.174700000000000000e+04
3.179200000000000000e+04
3.190400000000000000e+04
3.215900000000000000e+04
3.219800000000000000e+04
3.226100000000000000e+04
3.229100000000000000e+04
3.229200000000000000e+04
3.265600000000000000e+04
3.280400000000000000e+04
3.280500000000000000e+04
3.283500000000000000e+04
3.284100000000000000e+04
3.287100000000000000e+04
3.306100000000000000e+04
3.306400000000000000e+04
3.316500000000000000e+04
3.318700000000000000e+04
3.318800000000000000e+04
3.337000000000000000e+04
3.371300000000000000e+04
3.452000000000000000e+04
3.457300000000000000e+04
3.471900000000000000e+04
3.528900000000000000e+04
3.534400000000000000e+04
3.558800000000000000e+04
3.588100000000000000e+04
3.588200000000000000e+04
3.600000000000000000e+04
3.605100000000000000e+04
3.613900000000000000e+04
3.637800000000000000e+04
3.637900000000000000e+04
3.641000000000000000e+04
3.670700000000000000e+04
3.706400000000000000e+04
3.727900000000000000e+04
3.750400000000000000e+04
3.756600000000000000e+04
3.825100000000000000e+04
3.837100000000000000e+04
3.841200000000000000e+04
3.841300000000000000e+04
3.874600000000000000e+04
3.875400000000000000e+04
3.880600000000000000e+04
3.886400000000000000e+04
3.899200000000000000e+04
3.899300000000000000e+04
3.901700000000000000e+04
3.902900000000000000e+04
3.917300000000000000e+04
3.923700000000000000e+04
3.928600000000000000e+04
3.931100000000000000e+04
3.933000000000000000e+04
3.934000000000000000e+04
3.934100000000000000e+04
3.936000000000000000e+04
3.976900000000000000e+04
3.977000000000000000e+04
3.978600000000000000e+04
3.978700000000000000e+04
3.978900000000000000e+04
4.005600000000000000e+04
4.021600000000000000e+04
4.055900000000000000e+04
4.077600000000000000e+04
4.118200000000000000e+04
4.120500000000000000e+04
4.124700000000000000e+04
4.136600000000000000e+04
4.136700000000000000e+04
4.160000000000000000e+04
4.160100000000000000e+04
4.181000000000000000e+04
4.181800000000000000e+04
4.191500000000000000e+04
4.209400000000000000e+04
4.235000000000000000e+04
4.272800000000000000e+04
4.279700000000000000e+04
4.285500000000000000e+04
4.327700000000000000e+04
4.339400000000000000e+04
4.348500000000000000e+04
4.366800000000000000e+04
4.371000000000000000e+04
4.373700000000000000e+04
4.373800000000000000e+04
4.394300000000000000e+04
4.430200000000000000e+04
4.430300000000000000e+04
4.468100000000000000e+04
4.480500000000000000e+04
4.480600000000000000e+04
4.499900000000000000e+04
4.512300000000000000e+04
4.515400000000000000e+04
4.545700000000000000e+04
4.550600000000000000e+04
4.584200000000000000e+04
4.596500000000000000e+04
4.605700000000000000e+04
4.650200000000000000e+04
4.671800000000000000e+04
4.693700000000000000e+04
4.697800000000000000e+04
4.716900000000000000e+04
4.753600000000000000e+04
4.761200000000000000e+04
4.764700000000000000e+04
4.766400000000000000e+04
4.782400000000000000e+04
4.810800000000000000e+04
4.810900000000000000e+04
4.839700000000000000e+04
4.866400000000000000e+04
4.886000000000000000e+04
4.897500000000000000e+04
4.909500000000000000e+04
4.942000000000000000e+04
4.966700000000000000e+04
4.982500000000000000e+04
5.006300000000000000e+04
5.006400000000000000e+04
5.018200000000000000e+04
5.022100000000000000e+04
5.050900000000000000e+04
5.062200000000000000e+04
5.119800000000000000e+04
5.142600000000000000e+04
5.151600000000000000e+04
5.154500000000000000e+04
5.164500000000000000e+04
5.174900000000000000e+04
5.175200000000000000e+04
5.182400000000000000e+04
5.184600000000000000e+04
5.242600000000000000e+04
5.245900000000000000e+04
5.283600000000000000e+04
5.295900000000000000e+04
5.298200000000000000e+04
5.323800000000000000e+04
5.323900000000000000e+04
5.400600000000000000e+04
5.446700000000000000e+04
5.455700000000000000e+04
5.460800000000000000e+04
5.462900000000000000e+04
5.463800000000000000e+04
5.482000000000000000e+04
5.484100000000000000e+04
5.506500000000000000e+04
5.514600000000000000e+04
5.543900000000000000e+04
5.574600000000000000e+04
5.623200000000000000e+04
5.624700000000000000e+04
5.637300000000000000e+04
5.638600000000000000e+04
5.653900000000000000e+04
5.655900000000000000e+04
5.657100000000000000e+04
5.701300000000000000e+04
5.725200000000000000e+04
5.732800000000000000e+04
5.767400000000000000e+04
5.769100000000000000e+04
5.771900000000000000e+04
5.772000000000000000e+04
5.777400000000000000e+04
5.792100000000000000e+04
5.828300000000000000e+04
5.835300000000000000e+04
5.845000000000000000e+04
5.845200000000000000e+04
5.847100000000000000e+04
5.854400000000000000e+04
5.874300000000000000e+04
5.887500000000000000e+04
5.889700000000000000e+04
5.903700000000000000e+04
5.936000000000000000e+04
5.936800000000000000e+04
5.958300000000000000e+04
5.972100000000000000e+04
5.986600000000000000e+04
6.010100000000000000e+04
6.012900000000000000e+04
6.042400000000000000e+04
6.064600000000000000e+04
6.102500000000000000e+04
6.113300000000000000e+04
6.115200000000000000e+04
6.136400000000000000e+04
6.139000000000000000e+04
6.146400000000000000e+04
6.162800000000000000e+04
6.167700000000000000e+04
6.169700000000000000e+04
6.188800000000000000e+04
6.195700000000000000e+04
6.232600000000000000e+04
6.233100000000000000e+04
6.255800000000000000e+04
6.303200000000000000e+04
6.354900000000000000e+04
6.355400000000000000e+04
6.366500000000000000e+04
6.368800000000000000e+04
6.393400000000000000e+04
6.431400000000000000e+04
6.453600000000000000e+04
6.453700000000000000e+04
6.454500000000000000e+04
6.458900000000000000e+04
6.462000000000000000e+04
6.476000000000000000e+04
6.491500000000000000e+04
6.493100000000000000e+04
6.504600000000000000e+04
6.549100000000000000e+04
6.550500000000000000e+04
6.607400000000000000e+04
6.617600000000000000e+04
6.624700000000000000e+04
6.654900000000000000e+04
6.713200000000000000e+04
6.714000000000000000e+04
6.723800000000000000e+04
6.739400000000000000e+04
6.761500000000000000e+04
6.762600000000000000e+04
6.782500000000000000e+04
6.790400000000000000e+04
6.802000000000000000e+04
6.829400000000000000e+04
6.848400000000000000e+04
6.860500000000000000e+04
6.860900000000000000e+04
6.861000000000000000e+04
6.874100000000000000e+04
6.888300000000000000e+04
6.898800000000000000e+04
6.912100000000000000e+04
6.913400000000000000e+04
6.932700000000000000e+04
6.946200000000000000e+04
6.961800000000000000e+04
6.998300000000000000e+04
7.002800000000000000e+04
7.010100000000000000e+04
7.017800000000000000e+04
7.021100000000000000e+04
7.025000000000000000e+04
7.044700000000000000e+04
7.073400000000000000e+04
7.074000000000000000e+04
7.109100000000000000e+04
7.122300000000000000e+04
7.156700000000000000e+04
7.163700000000000000e+04
7.166600000000000000e+04
7.207300000000000000e+04
7.213600000000000000e+04
7.224100000000000000e+04
7.225800000000000000e+04
7.257900000000000000e+04
7.272000000000000000e+04
7.273600000000000000e+04
7.280100000000000000e+04
7.319000000000000000e+04
7.349200000000000000e+04
7.366700000000000000e+04
7.397200000000000000e+04
7.424700000000000000e+04
7.430400000000000000e+04
7.434600000000000000e+04
7.438300000000000000e+04
7.445400000000000000e+04
7.457900000000000000e+04
7.470600000000000000e+04
7.508300000000000000e+04
7.529900000000000000e+04
7.550000000000000000e+04
7.560000000000000000e+04
7.587600000000000000e+04
7.592000000000000000e+04
7.609300000000000000e+04
7.609400000000000000e+04
7.643500000000000000e+04
7.673900000000000000e+04
7.677400000000000000e+04
7.723400000000000000e+04
7.726900000000000000e+04
7.744900000000000000e+04
7.779900000000000000e+04
7.800200000000000000e+04
7.820200000000000000e+04
7.829400000000000000e+04
7.831800000000000000e+04
7.850100000000000000e+04
7.868300000000000000e+04
7.872000000000000000e+04
7.873500000000000000e+04
7.875100000000000000e+04
7.884600000000000000e+04
7.948000000000000000e+04
7.954200000000000000e+04
7.974400000000000000e+04
8.011200000000000000e+04
8.013300000000000000e+04
8.016400000000000000e+04
8.042700000000000000e+04
8.062200000000000000e+04
8.067100000000000000e+04
8.070100000000000000e+04
8.114700000000000000e+04
8.119200000000000000e+04
8.128800000000000000e+04
8.148400000000000000e+04
8.182500000000000000e+04
8.187600000000000000e+04
8.192700000000000000e+04
8.201500000000000000e+04
8.223500000000000000e+04
8.226000000000000000e+04
8.226300000000000000e+04
8.252800000000000000e+04
8.257300000000000000e+04
8.293600000000000000e+04
8.309600000000000000e+04
8.327600000000000000e+04
8.339800000000000000e+04
8.361900000000000000e+04
8.365700000000000000e+04
8.381400000000000000e+04
8.389600000000000000e+04
8.392900000000000000e+04
8.412900000000000000e+04
8.415300000000000000e+04
8.459200000000000000e+04
8.461100000000000000e+04
8.505100000000000000e+04
8.509500000000000000e+04
8.535500000000000000e+04
8.553900000000000000e+04
8.558500000000000000e+04
8.583800000000000000e+04
8.591100000000000000e+04
8.598700000000000000e+04
8.610700000000000000e+04
8.612400000000000000e+04
8.647500000000000000e+04
8.656800000000000000e+04
8.657100000000000000e+04
8.672800000000000000e+04
8.698600000000000000e+04
8.701200000000000000e+04
8.702200000000000000e+04
8.707300000000000000e+04
8.715900000000000000e+04
8.716400000000000000e+04
8.716900000000000000e+04
8.744500000000000000e+04
8.791700000000000000e+04
8.793800000000000000e+04
8.800900000000000000e+04
8.825200000000000000e+04
8.833800000000000000e+04
8.866900000000000000e+04
8.879400000000000000e+04
8.882600000000000000e+04
8.883500000000000000e+04
8.913800000000000000e+04
