4.000000000000000000e+00
5.000000000000000000e+00
2.200000000000000000e+02
3.620000000000000000e+02
3.630000000000000000e+02
4.140000000000000000e+02
5.340000000000000000e+02
6.110000000000000000e+02
6.120000000000000000e+02
8.280000000000000000e+02
8.290000000000000000e+02
1.075000000000000000e+03
1.198000000000000000e+03
1.199000000000000000e+03
1.267000000000000000e+03
1.335000000000000000e+03
1.336000000000000000e+03
1.345000000000000000e+03
1.346000000000000000e+03
1.386000000000000000e+03
1.387000000000000000e+03
1.474000000000000000e+03
1.475000000000000000e+03
1.634000000000000000e+03
1.635000000000000000e+03
1.684000000000000000e+03
1.704000000000000000e+03
1.705000000000000000e+03
2.001000000000000000e+03
2.261000000000000000e+03
2.262000000000000000e+03
2.313000000000000000e+03
2.314000000000000000e+03
2.493000000000000000e+03
2.494000000000000000e+03
2.506000000000000000e+03
2.507000000000000000e+03
2.642000000000000000e+03
2.643000000000000000e+03
2.767000000000000000e+03
2.768000000000000000e+03
2.788000000000000000e+03
2.828000000000000000e+03
2.829000000000000000e+03
2.830000000000000000e+03
2.903000000000000000e+03
2.904000000000000000e+03
3.142000000000000000e+03
3.143000000000000000e+03
3.145000000000000000e+03
3.146000000000000000e+03
3.160000000000000000e+03
3.161000000000000000e+03
3.301000000000000000e+03
3.302000000000000000e+03
3.326000000000000000e+03
3.327000000000000000e+03
3.383000000000000000e+03
3.384000000000000000e+03
3.408000000000000000e+03
3.409000000000000000e+03
3.483000000000000000e+03
3.662000000000000000e+03
3.663000000000000000e+03
3.676000000000000000e+03
3.677000000000000000e+03
3.856000000000000000e+03
3.857000000000000000e+03
4.010000000000000000e+03
4.011000000000000000e+03
4.022000000000000000e+03
4.218000000000000000e+03
4.279000000000000000e+03
4.408000000000000000e+03
4.583000000000000000e+03
4.639000000000000000e+03
4.797000000000000000e+03
4.810000000000000000e+03
4.811000000000000000e+03
4.828000000000000000e+03
4.829000000000000000e+03
4.840000000000000000e+03
4.841000000000000000e+03
4.997000000000000000e+03
4.998000000000000000e+03
5.124000000000000000e+03
5.129000000000000000e+03
5.130000000000000000e+03
5.147000000000000000e+03
5.197000000000000000e+03
5.208000000000000000e+03
5.209000000000000000e+03
5.330000000000000000e+03
5.331000000000000000e+03
5.540000000000000000e+03
5.541000000000000000e+03
5.627000000000000000e+03
5.644000000000000000e+03
5.754000000000000000e+03
5.755000000000000000e+03
5.856000000000000000e+03
5.857000000000000000e+03
5.918000000000000000e+03
5.919000000000000000e+03
6.021000000000000000e+03
6.129000000000000000e+03
6.130000000000000000e+03
6.506000000000000000e+03
6.507000000000000000e+03
6.788000000000000000e+03
6.964000000000000000e+03
6.965000000000000000e+03
6.979000000000000000e+03
7.094000000000000000e+03
7.095000000000000000e+03
7.119000000000000000e+03
7.242000000000000000e+03
7.243000000000000000e+03
7.397000000000000000e+03
7.480000000000000000e+03
7.481000000000000000e+03
7.604000000000000000e+03
8.028000000000000000e+03
8.029000000000000000e+03
8.305000000000000000e+03
8.561000000000000000e+03
8.562000000000000000e+03
8.699000000000000000e+03
8.732000000000000000e+03
8.922000000000000000e+03
8.960000000000000000e+03
9.652000000000000000e+03
9.653000000000000000e+03
9.815000000000000000e+03
9.891000000000000000e+03
1.006600000000000000e+04
1.028000000000000000e+04
1.028100000000000000e+04
1.036000000000000000e+04
1.036100000000000000e+04
1.039200000000000000e+04
1.047800000000000000e+04
1.048500000000000000e+04
1.061400000000000000e+04
1.096500000000000000e+04
1.098900000000000000e+04
1.099900000000000000e+04
1.103000000000000000e+04
1.105200000000000000e+04
1.116200000000000000e+04
1.141000000000000000e+04
1.144800000000000000e+04
1.159200000000000000e+04
1.167200000000000000e+04
1.175900000000000000e+04
1.176000000000000000e+04
1.195800000000000000e+04
1.210200000000000000e+04
1.210300000000000000e+04
1.258700000000000000e+04
1.265800000000000000e+04
1.265900000000000000e+04
1.278500000000000000e+04
1.301700000000000000e+04
1.301800000000000000e+04
1.318800000000000000e+04
1.332900000000000000e+04
1.341200000000000000e+04
1.352800000000000000e+04
1.357600000000000000e+04
1.357700000000000000e+04
1.361200000000000000e+04
1.362200000000000000e+04
1.368600000000000000e+04
1.368700000000000000e+04
1.418600000000000000e+04
1.422100000000000000e+04
1.422200000000000000e+04
1.428100000000000000e+04
1.445200000000000000e+04
1.445300000000000000e+04
1.463800000000000000e+04
1.469100000000000000e+04
1.480100000000000000e+04
1.487600000000000000e+04
1.488800000000000000e+04
1.488900000000000000e+04
1.492000000000000000e+04
1.513700000000000000e+04
1.529100000000000000e+04
1.529200000000000000e+04
1.542200000000000000e+04
1.552300000000000000e+04
1.552400000000000000e+04
1.563900000000000000e+04
1.574200000000000000e+04
1.589700000000000000e+04
1.615900000000000000e+04
1.632800000000000000e+04
1.632900000000000000e+04
1.635100000000000000e+04
1.635200000000000000e+04
1.639500000000000000e+04
1.641000000000000000e+04
1.649900000000000000e+04
1.664600000000000000e+04
1.664700000000000000e+04
1.664900000000000000e+04
1.668100000000000000e+04
1.693800000000000000e+04
1.693900000000000000e+04
1.694800000000000000e+04
1.694900000000000000e+04
1.696900000000000000e+04
1.740700000000000000e+04
1.745900000000000000e+04
1.748900000000000000e+04
1.749000000000000000e+04
1.760900000000000000e+04
1.761000000000000000e+04
1.777300000000000000e+04
1.780800000000000000e+04
1.781700000000000000e+04
1.781800000000000000e+04
1.784400000000000000e+04
1.784500000000000000e+04
1.797600000000000000e+04
1.800400000000000000e+04
1.800500000000000000e+04
1.819600000000000000e+04
1.819700000000000000e+04
1.823600000000000000e+04
1.831500000000000000e+04
1.837700000000000000e+04
1.839300000000000000e+04
1.869200000000000000e+04
1.873300000000000000e+04
1.886800000000000000e+04
1.889100000000000000e+04
1.889200000000000000e+04
1.895100000000000000e+04
1.904300000000000000e+04
1.946600000000000000e+04
1.962000000000000000e+04
1.962100000000000000e+04
1.964300000000000000e+04
1.967500000000000000e+04
1.971000000000000000e+04
1.971100000000000000e+04
1.980600000000000000e+04
1.986600000000000000e+04
1.986700000000000000e+04
1.990100000000000000e+04
2.039100000000000000e+04
2.050700000000000000e+04
2.050800000000000000e+04
2.073200000000000000e+04
2.076400000000000000e+04
2.101000000000000000e+04
2.106000000000000000e+04
2.119000000000000000e+04
2.119300000000000000e+04
2.133600000000000000e+04
2.152300000000000000e+04
2.156000000000000000e+04
2.160500000000000000e+04
2.176400000000000000e+04
2.201800000000000000e+04
2.270500000000000000e+04
2.270600000000000000e+04
2.287900000000000000e+04
2.314900000000000000e+04
2.326700000000000000e+04
2.326800000000000000e+04
2.333600000000000000e+04
2.346600000000000000e+04
2.353600000000000000e+04
2.361600000000000000e+04
2.361700000000000000e+04
2.364700000000000000e+04
2.370700000000000000e+04
2.386800000000000000e+04
2.388400000000000000e+04
2.388500000000000000e+04
2.404400000000000000e+04
2.404500000000000000e+04
2.422000000000000000e+04
2.426100000000000000e+04
2.426200000000000000e+04
2.426300000000000000e+04
2.441400000000000000e+04
2.464600000000000000e+04
2.473800000000000000e+04
2.476800000000000000e+04
2.595000000000000000e+04
2.619500000000000000e+04
2.620200000000000000e+04
2.646100000000000000e+04
2.646200000000000000e+04
2.673000000000000000e+04
2.674800000000000000e+04
2.676400000000000000e+04
2.676500000000000000e+04
2.727400000000000000e+04
2.727500000000000000e+04
2.746400000000000000e+04
2.748200000000000000e+04
2.767000000000000000e+04
2.767100000000000000e+04
2.768400000000000000e+04
2.777400000000000000e+04
2.780500000000000000e+04
2.786500000000000000e+04
2.793300000000000000e+04
2.819000000000000000e+04
2.831200000000000000e+04
2.846200000000000000e+04
2.847300000000000000e+04
2.847400000000000000e+04
2.872700000000000000e+04
2.872800000000000000e+04
2.937400000000000000e+04
2.942700000000000000e+04
2.990700000000000000e+04
3.012200000000000000e+04
3.012300000000000000e+04
3.016200000000000000e+04
3.034300000000000000e+04
3.090500000000000000e+04
3.090600000000000000e+04
3.093500000000000000e+04
3.104700000000000000e+04
3.108600000000000000e+04
3.113100000000000000e+04
3.116100000000000000e+04
3.132600000000000000e+04
3.136800000000000000e+04
3.163300000000000000e+04
3.174000000000000000e+04
3.195200000000000000e+04
3.196900000000000000e+04
3.229600000000000000e+04
3.245100000000000000e+04
3.254500000000000000e+04
3.263800000000000000e+04
3.268800000000000000e+04
3.272200000000000000e+04
3.305800000000000000e+04
3.310900000000000000e+04
3.311400000000000000e+04
3.331700000000000000e+04
3.336000000000000000e+04
3.357800000000000000e+04
3.375200000000000000e+04
3.388800000000000000e+04
3.425900000000000000e+04
3.432200000000000000e+04
3.455100000000000000e+04
3.456800000000000000e+04
3.488100000000000000e+04
3.496900000000000000e+04
3.518100000000000000e+04
3.527300000000000000e+04
3.530900000000000000e+04
3.574400000000000000e+04
3.581400000000000000e+04
3.596000000000000000e+04
3.613500000000000000e+04
3.628600000000000000e+04
3.647700000000000000e+04
3.648300000000000000e+04
3.648400000000000000e+04
3.649500000000000000e+04
3.654400000000000000e+04
3.672300000000000000e+04
3.693800000000000000e+04
3.696400000000000000e+04
3.701900000000000000e+04
3.704400000000000000e+04
3.746300000000000000e+04
3.749400000000000000e+04
3.762900000000000000e+04
3.770200000000000000e+04
3.772400000000000000e+04
3.772500000000000000e+04
3.793800000000000000e+04
3.797100000000000000e+04
3.809400000000000000e+04
3.823900000000000000e+04
3.832300000000000000e+04
3.883100000000000000e+04
3.884500000000000000e+04
3.884600000000000000e+04
3.899800000000000000e+04
3.949300000000000000e+04
3.959000000000000000e+04
3.971300000000000000e+04
3.989800000000000000e+04
3.996500000000000000e+04
4.045400000000000000e+04
4.054800000000000000e+04
4.062300000000000000e+04
4.078100000000000000e+04
4.092200000000000000e+04
4.102800000000000000e+04
4.106000000000000000e+04
4.142000000000000000e+04
4.170200000000000000e+04
4.170300000000000000e+04
4.194000000000000000e+04
4.215700000000000000e+04
4.234300000000000000e+04
4.269100000000000000e+04
4.290000000000000000e+04
4.292000000000000000e+04
4.292100000000000000e+04
4.326000000000000000e+04
4.353900000000000000e+04
4.360400000000000000e+04
4.377400000000000000e+04
4.378100000000000000e+04
4.379000000000000000e+04
4.390600000000000000e+04
4.400100000000000000e+04
4.417500000000000000e+04
4.428100000000000000e+04
4.459400000000000000e+04
4.483400000000000000e+04
4.484800000000000000e+04
4.484900000000000000e+04
4.585200000000000000e+04
4.585300000000000000e+04
4.597300000000000000e+04
4.623500000000000000e+04
4.642900000000000000e+04
4.671100000000000000e+04
4.678100000000000000e+04
4.711300000000000000e+04
4.735900000000000000e+04
4.750500000000000000e+04
4.805700000000000000e+04
4.815800000000000000e+04
4.834100000000000000e+04
4.862500000000000000e+04
4.862600000000000000e+04
4.863700000000000000e+04
4.865500000000000000e+04
4.869500000000000000e+04
4.880600000000000000e+04
4.881300000000000000e+04
4.932600000000000000e+04
4.962500000000000000e+04
4.969300000000000000e+04
4.977300000000000000e+04
4.982300000000000000e+04
4.982400000000000000e+04
5.053900000000000000e+04
5.058400000000000000e+04
5.067700000000000000e+04
5.141000000000000000e+04
5.186800000000000000e+04
5.187600000000000000e+04
5.248500000000000000e+04
5.261600000000000000e+04
5.301400000000000000e+04
5.337900000000000000e+04
5.342100000000000000e+04
5.365200000000000000e+04
5.395800000000000000e+04
5.463400000000000000e+04
5.499200000000000000e+04
5.505200000000000000e+04
5.515200000000000000e+04
5.522900000000000000e+04
5.561100000000000000e+04
5.604200000000000000e+04
5.626700000000000000e+04
5.628900000000000000e+04
5.672800000000000000e+04
5.672900000000000000e+04
5.679300000000000000e+04
5.687700000000000000e+04
5.791300000000000000e+04
5.844100000000000000e+04
5.844200000000000000e+04
5.864400000000000000e+04
5.871200000000000000e+04
5.917700000000000000e+04
5.942400000000000000e+04
5.965000000000000000e+04
5.966500000000000000e+04
5.998500000000000000e+04
6.032100000000000000e+04
6.061600000000000000e+04
6.063800000000000000e+04
6.074200000000000000e+04
6.082000000000000000e+04
6.121300000000000000e+04
6.135900000000000000e+04
6.164700000000000000e+04
6.179100000000000000e+04
6.211000000000000000e+04
6.211800000000000000e+04
6.252800000000000000e+04
6.285200000000000000e+04
6.285300000000000000e+04
6.338500000000000000e+04
6.365300000000000000e+04
6.373600000000000000e+04
6.450900000000000000e+04
6.454300000000000000e+04
6.472100000000000000e+04
6.483200000000000000e+04
6.530600000000000000e+04
6.532300000000000000e+04
6.541000000000000000e+04
6.545800000000000000e+04
6.555900000000000000e+04
6.614000000000000000e+04
6.714900000000000000e+04
6.718800000000000000e+04
6.758200000000000000e+04
6.761600000000000000e+04
6.791000000000000000e+04
6.818500000000000000e+04
6.861100000000000000e+04
6.881000000000000000e+04
6.939400000000000000e+04
6.976000000000000000e+04
6.991400000000000000e+04
7.043700000000000000e+04
7.054000000000000000e+04
7.060100000000000000e+04
7.082900000000000000e+04
7.119500000000000000e+04
7.175700000000000000e+04
7.175800000000000000e+04
7.259400000000000000e+04
7.323700000000000000e+04
7.333400000000000000e+04
7.350300000000000000e+04
7.369900000000000000e+04
7.393700000000000000e+04
7.434800000000000000e+04
7.437900000000000000e+04
7.457700000000000000e+04
7.564100000000000000e+04
7.569100000000000000e+04
7.622600000000000000e+04
7.635600000000000000e+04
7.678200000000000000e+04
7.705100000000000000e+04
7.747700000000000000e+04
7.765300000000000000e+04
7.834000000000000000e+04
7.967400000000000000e+04
8.040500000000000000e+04
8.047000000000000000e+04
8.061700000000000000e+04
8.107900000000000000e+04
8.108600000000000000e+04
8.136100000000000000e+04
8.163300000000000000e+04
8.176000000000000000e+04
8.180200000000000000e+04
8.204400000000000000e+04
8.230900000000000000e+04
8.316600000000000000e+04
8.338600000000000000e+04
8.426600000000000000e+04
8.594400000000000000e+04
8.662100000000000000e+04
8.676500000000000000e+04
8.761500000000000000e+04
8.880300000000000000e+04
8.885000000000000000e+04
8.887500000000000000e+04
8.922400000000000000e+04
8.923600000000000000e+04
