0.000000000000000000e+00
1.000000000000000000e+00
3.500000000000000000e+01
3.800000000000000000e+01
3.900000000000000000e+01
6.600000000000000000e+01
8.900000000000000000e+01
9.000000000000000000e+01
1.000000000000000000e+02
2.860000000000000000e+02
3.070000000000000000e+02
3.430000000000000000e+02
3.440000000000000000e+02
5.640000000000000000e+02
7.000000000000000000e+02
8.390000000000000000e+02
8.400000000000000000e+02
1.112000000000000000e+03
1.113000000000000000e+03
1.188000000000000000e+03
1.189000000000000000e+03
1.341000000000000000e+03
1.342000000000000000e+03
1.463000000000000000e+03
1.650000000000000000e+03
1.651000000000000000e+03
1.848000000000000000e+03
1.948000000000000000e+03
1.949000000000000000e+03
1.972000000000000000e+03
1.973000000000000000e+03
2.139000000000000000e+03
2.140000000000000000e+03
2.415000000000000000e+03
2.638000000000000000e+03
2.639000000000000000e+03
2.698000000000000000e+03
2.699000000000000000e+03
2.710000000000000000e+03
2.711000000000000000e+03
2.747000000000000000e+03
2.748000000000000000e+03
2.864000000000000000e+03
2.891000000000000000e+03
2.892000000000000000e+03
2.920000000000000000e+03
2.921000000000000000e+03
3.060000000000000000e+03
3.061000000000000000e+03
3.297000000000000000e+03
3.298000000000000000e+03
3.458000000000000000e+03
3.465000000000000000e+03
3.526000000000000000e+03
3.750000000000000000e+03
3.751000000000000000e+03
3.760000000000000000e+03
3.761000000000000000e+03
3.826000000000000000e+03
3.827000000000000000e+03
3.954000000000000000e+03
3.955000000000000000e+03
4.305000000000000000e+03
4.357000000000000000e+03
4.358000000000000000e+03
4.463000000000000000e+03
4.464000000000000000e+03
4.613000000000000000e+03
4.752000000000000000e+03
4.808000000000000000e+03
4.835000000000000000e+03
4.843000000000000000e+03
4.888000000000000000e+03
4.953000000000000000e+03
5.125000000000000000e+03
5.126000000000000000e+03
5.141000000000000000e+03
5.142000000000000000e+03
5.192000000000000000e+03
5.421000000000000000e+03
5.445000000000000000e+03
5.476000000000000000e+03
5.571000000000000000e+03
5.597000000000000000e+03
5.598000000000000000e+03
5.702000000000000000e+03
5.716000000000000000e+03
5.801000000000000000e+03
5.802000000000000000e+03
5.928000000000000000e+03
5.929000000000000000e+03
6.081000000000000000e+03
6.521000000000000000e+03
6.745000000000000000e+03
6.799000000000000000e+03
6.831000000000000000e+03
6.832000000000000000e+03
7.028000000000000000e+03
7.029000000000000000e+03
7.188000000000000000e+03
7.287000000000000000e+03
7.553000000000000000e+03
7.554000000000000000e+03
7.764000000000000000e+03
7.822000000000000000e+03
7.823000000000000000e+03
8.309000000000000000e+03
8.462000000000000000e+03
8.463000000000000000e+03
8.503000000000000000e+03
8.703000000000000000e+03
8.794000000000000000e+03
8.884000000000000000e+03
8.900000000000000000e+03
8.973000000000000000e+03
9.212000000000000000e+03
9.213000000000000000e+03
9.394000000000000000e+03
9.395000000000000000e+03
9.454000000000000000e+03
9.455000000000000000e+03
9.497000000000000000e+03
9.668000000000000000e+03
9.669000000000000000e+03
9.754000000000000000e+03
1.006700000000000000e+04
1.006800000000000000e+04
1.044300000000000000e+04
1.047500000000000000e+04
1.047600000000000000e+04
1.053800000000000000e+04
1.053900000000000000e+04
1.075300000000000000e+04
1.083000000000000000e+04
1.083100000000000000e+04
1.093000000000000000e+04
1.135100000000000000e+04
1.135200000000000000e+04
1.140800000000000000e+04
1.140900000000000000e+04
1.144000000000000000e+04
1.144100000000000000e+04
1.166900000000000000e+04
1.172100000000000000e+04
1.172200000000000000e+04
1.195000000000000000e+04
1.215200000000000000e+04
1.219700000000000000e+04
1.219800000000000000e+04
1.222600000000000000e+04
1.226800000000000000e+04
1.226900000000000000e+04
1.229500000000000000e+04
1.250100000000000000e+04
1.260800000000000000e+04
1.260900000000000000e+04
1.264100000000000000e+04
1.270300000000000000e+04
1.270400000000000000e+04
1.292800000000000000e+04
1.299200000000000000e+04
1.322800000000000000e+04
1.331200000000000000e+04
1.331300000000000000e+04
1.333200000000000000e+04
1.335300000000000000e+04
1.337700000000000000e+04
1.358100000000000000e+04
1.362800000000000000e+04
1.362900000000000000e+04
1.376200000000000000e+04
1.376300000000000000e+04
1.381600000000000000e+04
1.381700000000000000e+04
1.413700000000000000e+04
1.415400000000000000e+04
1.417000000000000000e+04
1.425500000000000000e+04
1.426500000000000000e+04
1.430100000000000000e+04
1.435200000000000000e+04
1.475500000000000000e+04
1.480700000000000000e+04
1.480800000000000000e+04
1.496200000000000000e+04
1.507300000000000000e+04
1.512300000000000000e+04
1.515300000000000000e+04
1.528100000000000000e+04
1.545100000000000000e+04
1.545200000000000000e+04
1.560300000000000000e+04
1.562500000000000000e+04
1.581600000000000000e+04
1.589200000000000000e+04
1.593900000000000000e+04
1.600200000000000000e+04
1.606400000000000000e+04
1.606500000000000000e+04
1.607200000000000000e+04
1.608300000000000000e+04
1.608400000000000000e+04
1.610200000000000000e+04
1.612400000000000000e+04
1.612500000000000000e+04
1.617800000000000000e+04
1.617900000000000000e+04
1.618600000000000000e+04
1.646600000000000000e+04
1.646700000000000000e+04
1.652500000000000000e+04
1.682900000000000000e+04
1.684300000000000000e+04
1.686500000000000000e+04
1.686600000000000000e+04
1.707100000000000000e+04
1.709100000000000000e+04
1.728300000000000000e+04
1.729600000000000000e+04
1.740600000000000000e+04
1.759600000000000000e+04
1.780400000000000000e+04
1.790100000000000000e+04
1.791000000000000000e+04
1.792600000000000000e+04
1.792700000000000000e+04
1.828000000000000000e+04
1.828400000000000000e+04
1.836800000000000000e+04
1.847700000000000000e+04
1.857100000000000000e+04
1.870200000000000000e+04
1.916000000000000000e+04
1.941000000000000000e+04
1.988600000000000000e+04
1.995600000000000000e+04
2.023900000000000000e+04
2.059100000000000000e+04
2.082600000000000000e+04
2.082700000000000000e+04
2.091000000000000000e+04
2.093000000000000000e+04
2.108500000000000000e+04
2.108700000000000000e+04
2.108800000000000000e+04
2.112600000000000000e+04
2.116700000000000000e+04
2.231300000000000000e+04
2.246700000000000000e+04
2.268500000000000000e+04
2.270900000000000000e+04
2.272800000000000000e+04
2.276000000000000000e+04
2.279900000000000000e+04
2.286600000000000000e+04
2.302600000000000000e+04
2.313900000000000000e+04
2.326100000000000000e+04
2.343700000000000000e+04
2.343800000000000000e+04
2.348600000000000000e+04
2.349300000000000000e+04
2.356300000000000000e+04
2.379600000000000000e+04
2.412100000000000000e+04
2.435200000000000000e+04
2.436600000000000000e+04
2.438800000000000000e+04
2.438900000000000000e+04
2.456900000000000000e+04
2.492000000000000000e+04
2.505500000000000000e+04
2.508700000000000000e+04
2.509000000000000000e+04
2.513000000000000000e+04
2.513100000000000000e+04
2.518800000000000000e+04
2.527300000000000000e+04
2.528800000000000000e+04
2.528900000000000000e+04
2.558100000000000000e+04
2.573900000000000000e+04
2.579600000000000000e+04
2.580100000000000000e+04
2.587700000000000000e+04
2.594900000000000000e+04
2.603200000000000000e+04
2.612800000000000000e+04
2.618500000000000000e+04
2.618600000000000000e+04
2.627700000000000000e+04
2.629000000000000000e+04
2.629100000000000000e+04
2.632600000000000000e+04
2.644200000000000000e+04
2.650700000000000000e+04
2.699700000000000000e+04
2.699800000000000000e+04
2.712700000000000000e+04
2.719700000000000000e+04
2.721300000000000000e+04
2.722800000000000000e+04
2.725200000000000000e+04
2.732600000000000000e+04
2.732700000000000000e+04
2.739100000000000000e+04
2.761200000000000000e+04
2.761300000000000000e+04
2.772800000000000000e+04
2.791000000000000000e+04
2.791900000000000000e+04
2.792000000000000000e+04
2.807600000000000000e+04
2.812000000000000000e+04
2.812100000000000000e+04
2.816600000000000000e+04
2.830100000000000000e+04
2.859500000000000000e+04
2.859600000000000000e+04
2.860600000000000000e+04
2.862600000000000000e+04
2.865000000000000000e+04
2.865100000000000000e+04
2.894400000000000000e+04
2.894500000000000000e+04
2.908400000000000000e+04
2.908500000000000000e+04
2.917900000000000000e+04
2.918000000000000000e+04
2.927200000000000000e+04
2.930200000000000000e+04
2.931900000000000000e+04
2.938900000000000000e+04
2.954800000000000000e+04
2.960100000000000000e+04
2.960800000000000000e+04
2.965000000000000000e+04
2.965100000000000000e+04
2.965400000000000000e+04
3.005600000000000000e+04
3.010400000000000000e+04
3.015200000000000000e+04
3.016600000000000000e+04
3.018000000000000000e+04
3.019200000000000000e+04
3.028400000000000000e+04
3.030500000000000000e+04
3.054400000000000000e+04
3.055600000000000000e+04
3.082400000000000000e+04
3.088200000000000000e+04
3.126400000000000000e+04
3.126500000000000000e+04
3.128300000000000000e+04
3.130400000000000000e+04
3.136900000000000000e+04
3.171900000000000000e+04
3.177700000000000000e+04
3.183300000000000000e+04
3.189800000000000000e+04
3.199200000000000000e+04
3.201300000000000000e+04
3.233800000000000000e+04
3.243400000000000000e+04
3.244400000000000000e+04
3.256300000000000000e+04
3.273300000000000000e+04
3.289300000000000000e+04
3.296000000000000000e+04
3.296100000000000000e+04
3.296900000000000000e+04
3.302500000000000000e+04
3.322400000000000000e+04
3.379900000000000000e+04
3.384700000000000000e+04
3.406900000000000000e+04
3.413600000000000000e+04
3.422000000000000000e+04
3.433500000000000000e+04
3.433700000000000000e+04
3.446600000000000000e+04
3.446800000000000000e+04
3.467900000000000000e+04
3.483100000000000000e+04
3.503900000000000000e+04
3.505200000000000000e+04
3.510100000000000000e+04
3.525800000000000000e+04
3.558700000000000000e+04
3.566200000000000000e+04
3.567300000000000000e+04
3.569200000000000000e+04
3.576000000000000000e+04
3.619700000000000000e+04
3.619800000000000000e+04
3.626600000000000000e+04
3.642500000000000000e+04
3.657300000000000000e+04
3.677000000000000000e+04
3.678700000000000000e+04
3.680800000000000000e+04
3.686800000000000000e+04
3.686900000000000000e+04
3.737200000000000000e+04
3.738500000000000000e+04
3.768200000000000000e+04
3.814600000000000000e+04
3.818600000000000000e+04
3.846200000000000000e+04
3.852700000000000000e+04
3.868200000000000000e+04
3.878600000000000000e+04
3.879200000000000000e+04
3.934600000000000000e+04
3.942600000000000000e+04
3.953900000000000000e+04
3.958900000000000000e+04
3.981300000000000000e+04
3.985300000000000000e+04
3.997700000000000000e+04
4.032100000000000000e+04
4.032700000000000000e+04
4.056900000000000000e+04
4.063300000000000000e+04
4.063400000000000000e+04
4.110000000000000000e+04
4.112800000000000000e+04
4.121500000000000000e+04
4.138100000000000000e+04
4.144500000000000000e+04
4.165500000000000000e+04
4.165600000000000000e+04
4.168000000000000000e+04
4.191200000000000000e+04
4.200800000000000000e+04
4.200900000000000000e+04
4.216400000000000000e+04
4.217100000000000000e+04
4.218000000000000000e+04
4.231300000000000000e+04
4.257600000000000000e+04
4.270700000000000000e+04
4.270800000000000000e+04
4.272500000000000000e+04
4.278500000000000000e+04
4.278600000000000000e+04
4.285700000000000000e+04
4.319000000000000000e+04
4.329800000000000000e+04
4.331700000000000000e+04
4.337100000000000000e+04
4.352200000000000000e+04
4.357100000000000000e+04
4.359700000000000000e+04
4.362800000000000000e+04
4.363800000000000000e+04
4.371300000000000000e+04
4.389200000000000000e+04
4.398600000000000000e+04
4.420000000000000000e+04
4.446300000000000000e+04
4.446400000000000000e+04
4.450800000000000000e+04
4.458800000000000000e+04
4.467200000000000000e+04
4.467300000000000000e+04
4.467600000000000000e+04
4.475500000000000000e+04
4.508300000000000000e+04
4.513800000000000000e+04
4.519400000000000000e+04
4.532700000000000000e+04
4.548000000000000000e+04
4.549800000000000000e+04
4.559100000000000000e+04
4.559700000000000000e+04
4.567700000000000000e+04
4.572000000000000000e+04
4.578800000000000000e+04
4.585800000000000000e+04
4.611600000000000000e+04
4.628400000000000000e+04
4.684800000000000000e+04
4.704200000000000000e+04
4.715800000000000000e+04
4.731500000000000000e+04
4.740900000000000000e+04
4.743200000000000000e+04
4.748500000000000000e+04
4.748600000000000000e+04
4.751900000000000000e+04
4.764100000000000000e+04
4.764500000000000000e+04
4.769600000000000000e+04
4.772200000000000000e+04
4.777300000000000000e+04
4.777400000000000000e+04
4.800100000000000000e+04
4.803100000000000000e+04
4.814700000000000000e+04
4.816300000000000000e+04
4.822800000000000000e+04
4.846200000000000000e+04
4.850600000000000000e+04
4.851400000000000000e+04
4.852500000000000000e+04
4.857400000000000000e+04
4.865300000000000000e+04
4.912300000000000000e+04
4.915700000000000000e+04
4.920900000000000000e+04
4.924700000000000000e+04
4.931500000000000000e+04
4.931800000000000000e+04
4.941000000000000000e+04
4.955900000000000000e+04
4.956800000000000000e+04
4.974500000000000000e+04
4.995500000000000000e+04
5.017800000000000000e+04
5.020900000000000000e+04
5.027100000000000000e+04
5.032600000000000000e+04
5.032700000000000000e+04
5.033600000000000000e+04
5.034000000000000000e+04
5.038700000000000000e+04
5.042000000000000000e+04
5.044000000000000000e+04
5.052100000000000000e+04
5.098000000000000000e+04
5.119300000000000000e+04
5.124600000000000000e+04
5.130700000000000000e+04
5.158200000000000000e+04
5.193600000000000000e+04
5.220100000000000000e+04
5.227600000000000000e+04
5.228400000000000000e+04
5.245400000000000000e+04
5.254900000000000000e+04
5.255100000000000000e+04
5.273400000000000000e+04
5.281400000000000000e+04
5.299200000000000000e+04
5.305300000000000000e+04
5.311200000000000000e+04
5.312100000000000000e+04
5.314400000000000000e+04
5.347600000000000000e+04
5.348300000000000000e+04
5.369600000000000000e+04
5.372900000000000000e+04
5.374900000000000000e+04
5.377800000000000000e+04
5.379900000000000000e+04
5.383500000000000000e+04
5.386400000000000000e+04
5.431300000000000000e+04
5.432300000000000000e+04
5.448400000000000000e+04
5.488000000000000000e+04
5.488900000000000000e+04
5.494500000000000000e+04
5.498400000000000000e+04
5.517000000000000000e+04
5.517100000000000000e+04
5.527600000000000000e+04
5.533700000000000000e+04
5.551300000000000000e+04
5.555000000000000000e+04
5.559500000000000000e+04
5.574400000000000000e+04
5.602400000000000000e+04
5.604500000000000000e+04
5.648500000000000000e+04
5.648600000000000000e+04
5.660100000000000000e+04
5.660900000000000000e+04
5.672400000000000000e+04
5.686900000000000000e+04
5.702300000000000000e+04
5.708400000000000000e+04
5.714100000000000000e+04
5.742000000000000000e+04
5.744400000000000000e+04
5.745200000000000000e+04
5.746300000000000000e+04
5.748000000000000000e+04
5.754700000000000000e+04
5.757300000000000000e+04
5.764600000000000000e+04
5.783500000000000000e+04
5.802400000000000000e+04
5.804200000000000000e+04
5.806000000000000000e+04
5.807600000000000000e+04
5.848800000000000000e+04
5.860200000000000000e+04
5.861200000000000000e+04
5.870900000000000000e+04
5.874100000000000000e+04
5.885100000000000000e+04
5.906600000000000000e+04
5.907800000000000000e+04
5.913900000000000000e+04
5.914600000000000000e+04
5.915700000000000000e+04
5.940300000000000000e+04
5.953100000000000000e+04
5.974500000000000000e+04
5.976800000000000000e+04
5.997400000000000000e+04
6.009100000000000000e+04
6.022800000000000000e+04
6.022900000000000000e+04
6.023700000000000000e+04
6.023800000000000000e+04
6.025000000000000000e+04
6.026900000000000000e+04
6.030700000000000000e+04
6.036100000000000000e+04
6.040400000000000000e+04
6.065700000000000000e+04
6.076600000000000000e+04
6.080800000000000000e+04
6.081400000000000000e+04
6.089400000000000000e+04
6.091800000000000000e+04
6.094000000000000000e+04
6.096200000000000000e+04
6.099600000000000000e+04
6.099700000000000000e+04
6.137600000000000000e+04
6.140700000000000000e+04
6.144300000000000000e+04
6.157700000000000000e+04
6.178700000000000000e+04
6.193800000000000000e+04
6.194200000000000000e+04
6.205100000000000000e+04
6.208100000000000000e+04
6.214100000000000000e+04
6.225600000000000000e+04
6.226200000000000000e+04
6.227700000000000000e+04
6.229600000000000000e+04
6.229800000000000000e+04
6.239600000000000000e+04
6.267900000000000000e+04
6.269700000000000000e+04
6.275900000000000000e+04
6.290400000000000000e+04
6.316400000000000000e+04
6.317000000000000000e+04
6.338300000000000000e+04
6.373000000000000000e+04
6.397100000000000000e+04
6.403100000000000000e+04
6.404900000000000000e+04
6.409700000000000000e+04
6.435300000000000000e+04
6.439800000000000000e+04
6.446800000000000000e+04
6.468100000000000000e+04
6.468300000000000000e+04
6.469200000000000000e+04
6.470300000000000000e+04
6.484600000000000000e+04
6.501400000000000000e+04
6.502200000000000000e+04
6.504400000000000000e+04
6.510700000000000000e+04
6.520600000000000000e+04
6.528500000000000000e+04
6.533100000000000000e+04
6.537000000000000000e+04
6.541100000000000000e+04
6.543000000000000000e+04
6.548200000000000000e+04
6.560900000000000000e+04
6.583500000000000000e+04
6.587600000000000000e+04
6.592900000000000000e+04
6.606700000000000000e+04
6.623600000000000000e+04
6.634200000000000000e+04
6.650200000000000000e+04
6.655800000000000000e+04
6.661900000000000000e+04
6.665600000000000000e+04
6.670800000000000000e+04
6.673500000000000000e+04
6.679500000000000000e+04
6.683700000000000000e+04
6.692400000000000000e+04
6.693500000000000000e+04
6.709700000000000000e+04
6.719500000000000000e+04
6.719800000000000000e+04
6.742300000000000000e+04
6.746200000000000000e+04
6.765000000000000000e+04
6.770300000000000000e+04
6.778900000000000000e+04
6.828600000000000000e+04
6.842100000000000000e+04
6.854300000000000000e+04
6.860000000000000000e+04
6.880100000000000000e+04
6.889200000000000000e+04
6.902400000000000000e+04
6.922900000000000000e+04
6.933100000000000000e+04
6.939600000000000000e+04
6.939700000000000000e+04
6.940100000000000000e+04
6.949600000000000000e+04
6.957600000000000000e+04
6.969900000000000000e+04
6.985600000000000000e+04
6.995800000000000000e+04
6.997000000000000000e+04
6.999100000000000000e+04
6.999200000000000000e+04
7.000500000000000000e+04
7.001300000000000000e+04
7.007800000000000000e+04
7.027000000000000000e+04
7.057500000000000000e+04
7.066800000000000000e+04
7.071800000000000000e+04
7.093400000000000000e+04
7.098400000000000000e+04
7.100400000000000000e+04
7.101600000000000000e+04
7.106800000000000000e+04
7.107200000000000000e+04
7.110700000000000000e+04
7.113000000000000000e+04
7.129900000000000000e+04
7.133300000000000000e+04
7.139000000000000000e+04
7.143300000000000000e+04
7.144700000000000000e+04
7.167100000000000000e+04
7.180700000000000000e+04
7.196900000000000000e+04
7.206300000000000000e+04
7.208300000000000000e+04
7.213000000000000000e+04
7.242700000000000000e+04
7.243300000000000000e+04
7.248200000000000000e+04
7.251100000000000000e+04
7.254700000000000000e+04
7.277800000000000000e+04
7.288200000000000000e+04
7.288600000000000000e+04
7.291700000000000000e+04
7.299200000000000000e+04
7.310800000000000000e+04
7.334600000000000000e+04
7.340700000000000000e+04
7.352600000000000000e+04
7.354600000000000000e+04
7.361900000000000000e+04
7.384800000000000000e+04
7.385800000000000000e+04
7.386400000000000000e+04
7.390400000000000000e+04
7.399500000000000000e+04
7.403500000000000000e+04
7.406300000000000000e+04
7.430800000000000000e+04
7.436100000000000000e+04
7.439800000000000000e+04
7.441600000000000000e+04
7.479800000000000000e+04
7.481000000000000000e+04
7.488600000000000000e+04
7.513300000000000000e+04
7.531800000000000000e+04
7.532300000000000000e+04
7.533900000000000000e+04
7.539400000000000000e+04
7.545200000000000000e+04
7.564000000000000000e+04
7.589800000000000000e+04
7.590200000000000000e+04
7.610800000000000000e+04
7.611000000000000000e+04
7.616100000000000000e+04
7.625100000000000000e+04
7.629500000000000000e+04
7.646600000000000000e+04
7.647400000000000000e+04
7.663200000000000000e+04
7.692700000000000000e+04
7.694600000000000000e+04
7.695900000000000000e+04
7.721000000000000000e+04
7.723900000000000000e+04
7.724600000000000000e+04
7.725900000000000000e+04
7.730000000000000000e+04
7.731900000000000000e+04
7.732700000000000000e+04
7.735400000000000000e+04
7.739100000000000000e+04
7.740800000000000000e+04
7.752300000000000000e+04
7.768300000000000000e+04
7.774900000000000000e+04
7.776600000000000000e+04
7.779500000000000000e+04
7.797500000000000000e+04
7.800100000000000000e+04
7.803900000000000000e+04
7.804200000000000000e+04
7.806200000000000000e+04
7.807900000000000000e+04
7.810700000000000000e+04
7.812000000000000000e+04
7.816200000000000000e+04
7.821500000000000000e+04
7.823300000000000000e+04
7.825500000000000000e+04
7.835100000000000000e+04
7.839600000000000000e+04
7.842800000000000000e+04
7.844400000000000000e+04
7.856500000000000000e+04
7.857800000000000000e+04
7.863600000000000000e+04
7.866800000000000000e+04
7.883700000000000000e+04
7.884700000000000000e+04
7.912800000000000000e+04
7.913700000000000000e+04
7.921400000000000000e+04
7.922200000000000000e+04
7.928300000000000000e+04
7.940400000000000000e+04
7.942500000000000000e+04
7.969900000000000000e+04
8.039500000000000000e+04
8.039600000000000000e+04
8.039700000000000000e+04
8.059000000000000000e+04
8.070200000000000000e+04
8.073900000000000000e+04
8.086900000000000000e+04
8.093000000000000000e+04
8.110000000000000000e+04
8.110600000000000000e+04
8.111200000000000000e+04
8.112100000000000000e+04
8.122700000000000000e+04
8.127800000000000000e+04
8.147700000000000000e+04
8.156000000000000000e+04
8.168800000000000000e+04
8.169400000000000000e+04
8.170500000000000000e+04
8.171700000000000000e+04
8.178800000000000000e+04
8.187800000000000000e+04
8.194600000000000000e+04
8.205800000000000000e+04
8.221500000000000000e+04
8.239600000000000000e+04
8.261000000000000000e+04
8.291400000000000000e+04
8.292800000000000000e+04
8.319600000000000000e+04
8.323500000000000000e+04
8.325100000000000000e+04
8.329600000000000000e+04
8.333800000000000000e+04
8.354800000000000000e+04
8.397900000000000000e+04
8.400500000000000000e+04
8.401100000000000000e+04
8.405400000000000000e+04
8.405500000000000000e+04
8.429800000000000000e+04
8.430600000000000000e+04
8.431400000000000000e+04
8.439100000000000000e+04
8.440000000000000000e+04
8.447800000000000000e+04
8.449600000000000000e+04
8.460000000000000000e+04
8.481900000000000000e+04
8.482900000000000000e+04
8.492400000000000000e+04
8.507500000000000000e+04
8.509600000000000000e+04
8.514200000000000000e+04
8.515200000000000000e+04
8.516000000000000000e+04
8.516800000000000000e+04
8.522200000000000000e+04
8.535900000000000000e+04
8.544800000000000000e+04
8.562200000000000000e+04
8.565600000000000000e+04
8.567900000000000000e+04
8.570600000000000000e+04
8.585000000000000000e+04
8.586300000000000000e+04
8.589700000000000000e+04
8.609300000000000000e+04
8.617600000000000000e+04
8.640600000000000000e+04
8.641400000000000000e+04
8.646400000000000000e+04
8.650900000000000000e+04
8.651400000000000000e+04
8.655300000000000000e+04
8.656600000000000000e+04
8.659200000000000000e+04
8.667300000000000000e+04
8.668400000000000000e+04
8.669800000000000000e+04
8.674200000000000000e+04
8.699600000000000000e+04
8.701400000000000000e+04
8.702100000000000000e+04
8.707700000000000000e+04
8.711200000000000000e+04
8.712300000000000000e+04
8.712400000000000000e+04
8.724000000000000000e+04
8.731200000000000000e+04
8.732200000000000000e+04
8.757100000000000000e+04
8.760300000000000000e+04
8.777400000000000000e+04
8.779400000000000000e+04
8.812200000000000000e+04
8.828500000000000000e+04
8.837900000000000000e+04
8.840200000000000000e+04
8.845100000000000000e+04
8.856500000000000000e+04
8.877100000000000000e+04
8.881700000000000000e+04
8.889300000000000000e+04
8.890100000000000000e+04
8.893400000000000000e+04
8.895400000000000000e+04
8.904400000000000000e+04
8.906700000000000000e+04
8.923200000000000000e+04
