1.700000000000000000e+01
1.790000000000000000e+02
1.800000000000000000e+02
2.460000000000000000e+02
2.470000000000000000e+02
3.310000000000000000e+02
3.320000000000000000e+02
3.800000000000000000e+02
4.130000000000000000e+02
4.770000000000000000e+02
4.780000000000000000e+02
5.810000000000000000e+02
5.820000000000000000e+02
5.970000000000000000e+02
5.980000000000000000e+02
6.850000000000000000e+02
6.860000000000000000e+02
7.190000000000000000e+02
7.360000000000000000e+02
7.370000000000000000e+02
7.630000000000000000e+02
7.640000000000000000e+02
7.650000000000000000e+02
7.950000000000000000e+02
8.960000000000000000e+02
9.030000000000000000e+02
9.040000000000000000e+02
1.094000000000000000e+03
1.095000000000000000e+03
1.096000000000000000e+03
1.104000000000000000e+03
1.105000000000000000e+03
1.122000000000000000e+03
1.123000000000000000e+03
1.421000000000000000e+03
1.422000000000000000e+03
1.485000000000000000e+03
1.575000000000000000e+03
1.585000000000000000e+03
1.586000000000000000e+03
1.780000000000000000e+03
1.781000000000000000e+03
1.876000000000000000e+03
1.877000000000000000e+03
1.932000000000000000e+03
1.933000000000000000e+03
2.002000000000000000e+03
2.003000000000000000e+03
2.015000000000000000e+03
2.113000000000000000e+03
2.121000000000000000e+03
2.122000000000000000e+03
2.358000000000000000e+03
2.359000000000000000e+03
2.382000000000000000e+03
2.383000000000000000e+03
2.549000000000000000e+03
2.582000000000000000e+03
2.583000000000000000e+03
2.697000000000000000e+03
2.716000000000000000e+03
2.717000000000000000e+03
2.818000000000000000e+03
2.819000000000000000e+03
2.855000000000000000e+03
2.856000000000000000e+03
2.913000000000000000e+03
2.980000000000000000e+03
2.981000000000000000e+03
3.004000000000000000e+03
3.164000000000000000e+03
3.165000000000000000e+03
3.292000000000000000e+03
3.317000000000000000e+03
3.377000000000000000e+03
3.466000000000000000e+03
3.467000000000000000e+03
3.539000000000000000e+03
3.540000000000000000e+03
3.703000000000000000e+03
3.704000000000000000e+03
3.727000000000000000e+03
3.728000000000000000e+03
3.743000000000000000e+03
3.756000000000000000e+03
3.766000000000000000e+03
3.767000000000000000e+03
3.789000000000000000e+03
4.009000000000000000e+03
4.092000000000000000e+03
4.093000000000000000e+03
4.209000000000000000e+03
4.210000000000000000e+03
4.387000000000000000e+03
4.424000000000000000e+03
4.549000000000000000e+03
4.550000000000000000e+03
4.736000000000000000e+03
4.737000000000000000e+03
4.865000000000000000e+03
4.903000000000000000e+03
4.904000000000000000e+03
5.018000000000000000e+03
5.019000000000000000e+03
5.061000000000000000e+03
5.091000000000000000e+03
5.105000000000000000e+03
5.206000000000000000e+03
5.510000000000000000e+03
5.511000000000000000e+03
5.593000000000000000e+03
5.730000000000000000e+03
5.868000000000000000e+03
5.968000000000000000e+03
5.969000000000000000e+03
5.989000000000000000e+03
5.990000000000000000e+03
5.991000000000000000e+03
6.095000000000000000e+03
6.425000000000000000e+03
6.565000000000000000e+03
6.566000000000000000e+03
6.582000000000000000e+03
6.621000000000000000e+03
6.622000000000000000e+03
6.638000000000000000e+03
6.840000000000000000e+03
6.841000000000000000e+03
6.960000000000000000e+03
6.961000000000000000e+03
7.014000000000000000e+03
7.015000000000000000e+03
7.077000000000000000e+03
7.143000000000000000e+03
7.168000000000000000e+03
7.169000000000000000e+03
7.183000000000000000e+03
7.195000000000000000e+03
7.272000000000000000e+03
7.368000000000000000e+03
7.369000000000000000e+03
7.370000000000000000e+03
7.455000000000000000e+03
7.456000000000000000e+03
7.540000000000000000e+03
7.693000000000000000e+03
7.694000000000000000e+03
7.714000000000000000e+03
7.749000000000000000e+03
7.914000000000000000e+03
8.042000000000000000e+03
8.070000000000000000e+03
8.180000000000000000e+03
8.189000000000000000e+03
8.199000000000000000e+03
8.247000000000000000e+03
8.248000000000000000e+03
8.318000000000000000e+03
8.319000000000000000e+03
8.367000000000000000e+03
8.380000000000000000e+03
8.433000000000000000e+03
8.505000000000000000e+03
8.584000000000000000e+03
8.585000000000000000e+03
8.650000000000000000e+03
8.848000000000000000e+03
8.857000000000000000e+03
8.912000000000000000e+03
8.913000000000000000e+03
8.916000000000000000e+03
8.954000000000000000e+03
9.018000000000000000e+03
9.047000000000000000e+03
9.083000000000000000e+03
9.145000000000000000e+03
9.194000000000000000e+03
9.369000000000000000e+03
9.372000000000000000e+03
9.519000000000000000e+03
9.551000000000000000e+03
9.597000000000000000e+03
9.732000000000000000e+03
9.756000000000000000e+03
9.845000000000000000e+03
9.951000000000000000e+03
1.009100000000000000e+04
1.033000000000000000e+04
1.046700000000000000e+04
1.053000000000000000e+04
1.061600000000000000e+04
1.077600000000000000e+04
1.082200000000000000e+04
1.084200000000000000e+04
1.088000000000000000e+04
1.090000000000000000e+04
1.095300000000000000e+04
1.095400000000000000e+04
1.106300000000000000e+04
1.109300000000000000e+04
1.111000000000000000e+04
1.113500000000000000e+04
1.115500000000000000e+04
1.115600000000000000e+04
1.119300000000000000e+04
1.121800000000000000e+04
1.121900000000000000e+04
1.123200000000000000e+04
1.124000000000000000e+04
1.127800000000000000e+04
1.128900000000000000e+04
1.143800000000000000e+04
1.143900000000000000e+04
1.158400000000000000e+04
1.164900000000000000e+04
1.183000000000000000e+04
1.183600000000000000e+04
1.203700000000000000e+04
1.216100000000000000e+04
1.223700000000000000e+04
1.241800000000000000e+04
1.242500000000000000e+04
1.244300000000000000e+04
1.244400000000000000e+04
1.245300000000000000e+04
1.246000000000000000e+04
1.254900000000000000e+04
1.257500000000000000e+04
1.259600000000000000e+04
1.260000000000000000e+04
1.260100000000000000e+04
1.264000000000000000e+04
1.276900000000000000e+04
1.277000000000000000e+04
1.278900000000000000e+04
1.289700000000000000e+04
1.289800000000000000e+04
1.295200000000000000e+04
1.295300000000000000e+04
1.315500000000000000e+04
1.320500000000000000e+04
1.338000000000000000e+04
1.343700000000000000e+04
1.350200000000000000e+04
1.365900000000000000e+04
1.366400000000000000e+04
1.376000000000000000e+04
1.377600000000000000e+04
1.377700000000000000e+04
1.378600000000000000e+04
1.384000000000000000e+04
1.390300000000000000e+04
1.398300000000000000e+04
1.410500000000000000e+04
1.410600000000000000e+04
1.414900000000000000e+04
1.415900000000000000e+04
1.416000000000000000e+04
1.417400000000000000e+04
1.417500000000000000e+04
1.429100000000000000e+04
1.447300000000000000e+04
1.447400000000000000e+04
1.473700000000000000e+04
1.476200000000000000e+04
1.477100000000000000e+04
1.483600000000000000e+04
1.485000000000000000e+04
1.501400000000000000e+04
1.505400000000000000e+04
1.507000000000000000e+04
1.507200000000000000e+04
1.508300000000000000e+04
1.513400000000000000e+04
1.516000000000000000e+04
1.523500000000000000e+04
1.540300000000000000e+04
1.547400000000000000e+04
1.551000000000000000e+04
1.555000000000000000e+04
1.562300000000000000e+04
1.583300000000000000e+04
1.586400000000000000e+04
1.588600000000000000e+04
1.588700000000000000e+04
1.591000000000000000e+04
1.594200000000000000e+04
1.595100000000000000e+04
1.605300000000000000e+04
1.605400000000000000e+04
1.614000000000000000e+04
1.617500000000000000e+04
1.642600000000000000e+04
1.644300000000000000e+04
1.646300000000000000e+04
1.661100000000000000e+04
1.661400000000000000e+04
1.661500000000000000e+04
1.665500000000000000e+04
1.672900000000000000e+04
1.686300000000000000e+04
1.694600000000000000e+04
1.707500000000000000e+04
1.709700000000000000e+04
1.713800000000000000e+04
1.713900000000000000e+04
1.715500000000000000e+04
1.726000000000000000e+04
1.737700000000000000e+04
1.750400000000000000e+04
1.750500000000000000e+04
1.758900000000000000e+04
1.759800000000000000e+04
1.766000000000000000e+04
1.766100000000000000e+04
1.766300000000000000e+04
1.771000000000000000e+04
1.777100000000000000e+04
1.792100000000000000e+04
1.800600000000000000e+04
1.815100000000000000e+04
1.815300000000000000e+04
1.818000000000000000e+04
1.835700000000000000e+04
1.839900000000000000e+04
1.847400000000000000e+04
1.866900000000000000e+04
1.873600000000000000e+04
1.875000000000000000e+04
1.876800000000000000e+04
1.884100000000000000e+04
1.884200000000000000e+04
1.894300000000000000e+04
1.894400000000000000e+04
1.895200000000000000e+04
1.895300000000000000e+04
1.904000000000000000e+04
1.904100000000000000e+04
1.915700000000000000e+04
1.928800000000000000e+04
1.928900000000000000e+04
1.932500000000000000e+04
1.932600000000000000e+04
1.935300000000000000e+04
1.936200000000000000e+04
1.941900000000000000e+04
1.944000000000000000e+04
1.956100000000000000e+04
1.959300000000000000e+04
1.981000000000000000e+04
1.988300000000000000e+04
1.991500000000000000e+04
1.998200000000000000e+04
2.004500000000000000e+04
2.008200000000000000e+04
2.010100000000000000e+04
2.011900000000000000e+04
2.012100000000000000e+04
2.016000000000000000e+04
2.020100000000000000e+04
2.020200000000000000e+04
2.023000000000000000e+04
2.038800000000000000e+04
2.044600000000000000e+04
2.044700000000000000e+04
2.047400000000000000e+04
2.050500000000000000e+04
2.051800000000000000e+04
2.070200000000000000e+04
2.070600000000000000e+04
2.070700000000000000e+04
2.073900000000000000e+04
2.077400000000000000e+04
2.082300000000000000e+04
2.082400000000000000e+04
2.089200000000000000e+04
2.096800000000000000e+04
2.098500000000000000e+04
2.107100000000000000e+04
2.107200000000000000e+04
2.108100000000000000e+04
2.109300000000000000e+04
2.125900000000000000e+04
2.153700000000000000e+04
2.158000000000000000e+04
2.163000000000000000e+04
2.166500000000000000e+04
2.176200000000000000e+04
2.176300000000000000e+04
2.180800000000000000e+04
2.187200000000000000e+04
2.188700000000000000e+04
2.194700000000000000e+04
2.214300000000000000e+04
2.226400000000000000e+04
2.226900000000000000e+04
2.227000000000000000e+04
2.234400000000000000e+04
2.236500000000000000e+04
2.246100000000000000e+04
2.276600000000000000e+04
2.279300000000000000e+04
2.284800000000000000e+04
2.285700000000000000e+04
2.307400000000000000e+04
2.307500000000000000e+04
2.309800000000000000e+04
2.312800000000000000e+04
2.316000000000000000e+04
2.316100000000000000e+04
2.327600000000000000e+04
2.334700000000000000e+04
2.352400000000000000e+04
2.360000000000000000e+04
2.361500000000000000e+04
2.380800000000000000e+04
2.383600000000000000e+04
2.385700000000000000e+04
2.386200000000000000e+04
2.386300000000000000e+04
2.387000000000000000e+04
2.397700000000000000e+04
2.404000000000000000e+04
2.412200000000000000e+04
2.413200000000000000e+04
2.425700000000000000e+04
2.428000000000000000e+04
2.429700000000000000e+04
2.444600000000000000e+04
2.449700000000000000e+04
2.453400000000000000e+04
2.471200000000000000e+04
2.473000000000000000e+04
2.473700000000000000e+04
2.486600000000000000e+04
2.492600000000000000e+04
2.500800000000000000e+04
2.507100000000000000e+04
2.507300000000000000e+04
2.509900000000000000e+04
2.513300000000000000e+04
2.515900000000000000e+04
2.516000000000000000e+04
2.517500000000000000e+04
2.530200000000000000e+04
2.531900000000000000e+04
2.543200000000000000e+04
2.546000000000000000e+04
2.552400000000000000e+04
2.562300000000000000e+04
2.576300000000000000e+04
2.587000000000000000e+04
2.590700000000000000e+04
2.598600000000000000e+04
2.598700000000000000e+04
2.599000000000000000e+04
2.613100000000000000e+04
2.617800000000000000e+04
2.630600000000000000e+04
2.630700000000000000e+04
2.638700000000000000e+04
2.639900000000000000e+04
2.643000000000000000e+04
2.643100000000000000e+04
2.651600000000000000e+04
2.659500000000000000e+04
2.662600000000000000e+04
2.675800000000000000e+04
2.678800000000000000e+04
2.682100000000000000e+04
2.683000000000000000e+04
2.683100000000000000e+04
2.683200000000000000e+04
2.688800000000000000e+04
2.697400000000000000e+04
2.701200000000000000e+04
2.701400000000000000e+04
2.701900000000000000e+04
2.702300000000000000e+04
2.705800000000000000e+04
2.706400000000000000e+04
2.708200000000000000e+04
2.715900000000000000e+04
2.729200000000000000e+04
2.730800000000000000e+04
2.731000000000000000e+04
2.741300000000000000e+04
2.747300000000000000e+04
2.747400000000000000e+04
2.749900000000000000e+04
2.756400000000000000e+04
2.767200000000000000e+04
2.772000000000000000e+04
2.772600000000000000e+04
2.776400000000000000e+04
2.808900000000000000e+04
2.811400000000000000e+04
2.816000000000000000e+04
2.817200000000000000e+04
2.823700000000000000e+04
2.840500000000000000e+04
2.844600000000000000e+04
2.848800000000000000e+04
2.852600000000000000e+04
2.852800000000000000e+04
2.854000000000000000e+04
2.857800000000000000e+04
2.858600000000000000e+04
2.862700000000000000e+04
2.862800000000000000e+04
2.869000000000000000e+04
2.880200000000000000e+04
2.889600000000000000e+04
2.890000000000000000e+04
2.890200000000000000e+04
2.909400000000000000e+04
2.910400000000000000e+04
2.912500000000000000e+04
2.921400000000000000e+04
2.929000000000000000e+04
2.931200000000000000e+04
2.955300000000000000e+04
2.960200000000000000e+04
2.977400000000000000e+04
2.982700000000000000e+04
2.987700000000000000e+04
2.989200000000000000e+04
2.999600000000000000e+04
3.000900000000000000e+04
3.013200000000000000e+04
3.017300000000000000e+04
3.020400000000000000e+04
3.031900000000000000e+04
3.035600000000000000e+04
3.045800000000000000e+04
3.055300000000000000e+04
3.060000000000000000e+04
3.083300000000000000e+04
3.085200000000000000e+04
3.086000000000000000e+04
3.086100000000000000e+04
3.096100000000000000e+04
3.105200000000000000e+04
3.127600000000000000e+04
3.127800000000000000e+04
3.127900000000000000e+04
3.148000000000000000e+04
3.155700000000000000e+04
3.158100000000000000e+04
3.166100000000000000e+04
3.171300000000000000e+04
3.174100000000000000e+04
3.183100000000000000e+04
3.183500000000000000e+04
3.183600000000000000e+04
3.185000000000000000e+04
3.185900000000000000e+04
3.189400000000000000e+04
3.207800000000000000e+04
3.212800000000000000e+04
3.217100000000000000e+04
3.219200000000000000e+04
3.220800000000000000e+04
3.231200000000000000e+04
3.241500000000000000e+04
3.242100000000000000e+04
3.246100000000000000e+04
3.247600000000000000e+04
3.250700000000000000e+04
3.274500000000000000e+04
3.277800000000000000e+04
3.279300000000000000e+04
3.279900000000000000e+04
3.281000000000000000e+04
3.290600000000000000e+04
3.310600000000000000e+04
3.314000000000000000e+04
3.316100000000000000e+04
3.319100000000000000e+04
3.323000000000000000e+04
3.328900000000000000e+04
3.344700000000000000e+04
3.359300000000000000e+04
3.361600000000000000e+04
3.367100000000000000e+04
3.367700000000000000e+04
3.374300000000000000e+04
3.384300000000000000e+04
3.394000000000000000e+04
3.394600000000000000e+04
3.411900000000000000e+04
3.420000000000000000e+04
3.420100000000000000e+04
3.421200000000000000e+04
3.425600000000000000e+04
3.430200000000000000e+04
3.444700000000000000e+04
3.448900000000000000e+04
3.464400000000000000e+04
3.467600000000000000e+04
3.468600000000000000e+04
3.486300000000000000e+04
3.489600000000000000e+04
3.490800000000000000e+04
3.497500000000000000e+04
3.497600000000000000e+04
3.500500000000000000e+04
3.512100000000000000e+04
3.514000000000000000e+04
3.514800000000000000e+04
3.517800000000000000e+04
3.526600000000000000e+04
3.526700000000000000e+04
3.527100000000000000e+04
3.529800000000000000e+04
3.543700000000000000e+04
3.544700000000000000e+04
3.584700000000000000e+04
3.588600000000000000e+04
3.591000000000000000e+04
3.597500000000000000e+04
3.600900000000000000e+04
3.607100000000000000e+04
3.611900000000000000e+04
3.614200000000000000e+04
3.615000000000000000e+04
3.632600000000000000e+04
3.636900000000000000e+04
3.639800000000000000e+04
3.642000000000000000e+04
3.644800000000000000e+04
3.662400000000000000e+04
3.669000000000000000e+04
3.669100000000000000e+04
3.676700000000000000e+04
3.682500000000000000e+04
3.682600000000000000e+04
3.688500000000000000e+04
3.691500000000000000e+04
3.696300000000000000e+04
3.698100000000000000e+04
3.699300000000000000e+04
3.699700000000000000e+04
3.701600000000000000e+04
3.702800000000000000e+04
3.726600000000000000e+04
3.757900000000000000e+04
3.776400000000000000e+04
3.782700000000000000e+04
3.788300000000000000e+04
3.793600000000000000e+04
3.796100000000000000e+04
3.800200000000000000e+04
3.809200000000000000e+04
3.810000000000000000e+04
3.824200000000000000e+04
3.825300000000000000e+04
3.827700000000000000e+04
3.836400000000000000e+04
3.844400000000000000e+04
3.850600000000000000e+04
3.861500000000000000e+04
3.864900000000000000e+04
3.874400000000000000e+04
3.877300000000000000e+04
3.882800000000000000e+04
3.885300000000000000e+04
3.885500000000000000e+04
3.900900000000000000e+04
3.905100000000000000e+04
3.905200000000000000e+04
3.913400000000000000e+04
3.914600000000000000e+04
3.918800000000000000e+04
3.926800000000000000e+04
3.932500000000000000e+04
3.946200000000000000e+04
3.949400000000000000e+04
3.976100000000000000e+04
3.982200000000000000e+04
3.987300000000000000e+04
3.987400000000000000e+04
3.988500000000000000e+04
3.999900000000000000e+04
4.005900000000000000e+04
4.012100000000000000e+04
4.014200000000000000e+04
4.027900000000000000e+04
4.029300000000000000e+04
4.033200000000000000e+04
4.037100000000000000e+04
4.041300000000000000e+04
4.041600000000000000e+04
4.045000000000000000e+04
4.052200000000000000e+04
4.082100000000000000e+04
4.082500000000000000e+04
4.085100000000000000e+04
4.091400000000000000e+04
4.093700000000000000e+04
4.105500000000000000e+04
4.108300000000000000e+04
4.115200000000000000e+04
4.116800000000000000e+04
4.116900000000000000e+04
4.121100000000000000e+04
4.128500000000000000e+04
4.135000000000000000e+04
4.146100000000000000e+04
4.147400000000000000e+04
4.157000000000000000e+04
4.161800000000000000e+04
4.166600000000000000e+04
4.173700000000000000e+04
4.174100000000000000e+04
4.178400000000000000e+04
4.184100000000000000e+04
4.185400000000000000e+04
4.189600000000000000e+04
4.191800000000000000e+04
4.193400000000000000e+04
4.197600000000000000e+04
4.211500000000000000e+04
4.224600000000000000e+04
4.228400000000000000e+04
4.230800000000000000e+04
4.232100000000000000e+04
4.243200000000000000e+04
4.243300000000000000e+04
4.243900000000000000e+04
4.248500000000000000e+04
4.259600000000000000e+04
4.271900000000000000e+04
4.272100000000000000e+04
4.277300000000000000e+04
4.287800000000000000e+04
4.288400000000000000e+04
4.289700000000000000e+04
4.292800000000000000e+04
4.294000000000000000e+04
4.300300000000000000e+04
4.312500000000000000e+04
4.314600000000000000e+04
4.324900000000000000e+04
4.328300000000000000e+04
4.332300000000000000e+04
4.369100000000000000e+04
4.370100000000000000e+04
4.372900000000000000e+04
4.395900000000000000e+04
4.407500000000000000e+04
4.411400000000000000e+04
4.413600000000000000e+04
4.420900000000000000e+04
4.422100000000000000e+04
4.427900000000000000e+04
4.431900000000000000e+04
4.439500000000000000e+04
4.470300000000000000e+04
4.473300000000000000e+04
4.475800000000000000e+04
4.479900000000000000e+04
4.487500000000000000e+04
4.489400000000000000e+04
4.497700000000000000e+04
4.509100000000000000e+04
4.513400000000000000e+04
4.530700000000000000e+04
4.533000000000000000e+04
4.539700000000000000e+04
4.541600000000000000e+04
4.543400000000000000e+04
4.556400000000000000e+04
4.567100000000000000e+04
4.568400000000000000e+04
4.581300000000000000e+04
4.583100000000000000e+04
4.585900000000000000e+04
4.591900000000000000e+04
4.592700000000000000e+04
4.613500000000000000e+04
4.614700000000000000e+04
4.623800000000000000e+04
4.624400000000000000e+04
4.624800000000000000e+04
4.635200000000000000e+04
4.642300000000000000e+04
4.645900000000000000e+04
4.650400000000000000e+04
4.650500000000000000e+04
4.650800000000000000e+04
4.652900000000000000e+04
4.656900000000000000e+04
4.669400000000000000e+04
4.675200000000000000e+04
4.684500000000000000e+04
4.687700000000000000e+04
4.689100000000000000e+04
4.690300000000000000e+04
4.690400000000000000e+04
4.691500000000000000e+04
4.698900000000000000e+04
4.704100000000000000e+04
4.710200000000000000e+04
4.738500000000000000e+04
4.740800000000000000e+04
4.744800000000000000e+04
4.781500000000000000e+04
4.781700000000000000e+04
4.786300000000000000e+04
4.786600000000000000e+04
4.797900000000000000e+04
4.803800000000000000e+04
4.807500000000000000e+04
4.843600000000000000e+04
4.847700000000000000e+04
4.854300000000000000e+04
4.855900000000000000e+04
4.857200000000000000e+04
4.858100000000000000e+04
4.869400000000000000e+04
4.881100000000000000e+04
4.883600000000000000e+04
4.890000000000000000e+04
4.915300000000000000e+04
4.915400000000000000e+04
4.921700000000000000e+04
4.921900000000000000e+04
4.926300000000000000e+04
4.934600000000000000e+04
4.941700000000000000e+04
4.960300000000000000e+04
4.960800000000000000e+04
4.969000000000000000e+04
4.970400000000000000e+04
4.971100000000000000e+04
4.980200000000000000e+04
4.990700000000000000e+04
4.999000000000000000e+04
5.006500000000000000e+04
5.011200000000000000e+04
5.019800000000000000e+04
5.023700000000000000e+04
5.030300000000000000e+04
5.031100000000000000e+04
5.044500000000000000e+04
5.044600000000000000e+04
5.044700000000000000e+04
5.047700000000000000e+04
5.056500000000000000e+04
5.059500000000000000e+04
5.062000000000000000e+04
5.065000000000000000e+04
5.066000000000000000e+04
5.067000000000000000e+04
5.069900000000000000e+04
5.086900000000000000e+04
5.087200000000000000e+04
5.101500000000000000e+04
5.101600000000000000e+04
5.103500000000000000e+04
5.103900000000000000e+04
5.110500000000000000e+04
5.111100000000000000e+04
5.114800000000000000e+04
5.116700000000000000e+04
5.116900000000000000e+04
5.123200000000000000e+04
5.125800000000000000e+04
5.126000000000000000e+04
5.128600000000000000e+04
5.133900000000000000e+04
5.135500000000000000e+04
5.142400000000000000e+04
5.145600000000000000e+04
5.150900000000000000e+04
5.168500000000000000e+04
5.170200000000000000e+04
5.172300000000000000e+04
5.190600000000000000e+04
5.191600000000000000e+04
5.198400000000000000e+04
5.210600000000000000e+04
5.216500000000000000e+04
5.216600000000000000e+04
5.225700000000000000e+04
5.227800000000000000e+04
5.244900000000000000e+04
5.274500000000000000e+04
5.278800000000000000e+04
5.279300000000000000e+04
5.282000000000000000e+04
5.299700000000000000e+04
5.310300000000000000e+04
5.338400000000000000e+04
5.340000000000000000e+04
5.345000000000000000e+04
5.353900000000000000e+04
5.358200000000000000e+04
5.366400000000000000e+04
5.369800000000000000e+04
5.370200000000000000e+04
5.372200000000000000e+04
5.380200000000000000e+04
5.380900000000000000e+04
5.383600000000000000e+04
5.385100000000000000e+04
5.394700000000000000e+04
5.396300000000000000e+04
5.405600000000000000e+04
5.420800000000000000e+04
5.422700000000000000e+04
5.436100000000000000e+04
5.439400000000000000e+04
5.442100000000000000e+04
5.445700000000000000e+04
5.446900000000000000e+04
5.451000000000000000e+04
5.465100000000000000e+04
5.469600000000000000e+04
5.474200000000000000e+04
5.477000000000000000e+04
5.504700000000000000e+04
5.509100000000000000e+04
5.517900000000000000e+04
5.523200000000000000e+04
5.525200000000000000e+04
5.525800000000000000e+04
5.528200000000000000e+04
5.528400000000000000e+04
5.530500000000000000e+04
5.533300000000000000e+04
5.538400000000000000e+04
5.538800000000000000e+04
5.545700000000000000e+04
5.550100000000000000e+04
5.569200000000000000e+04
5.585100000000000000e+04
5.587000000000000000e+04
5.592400000000000000e+04
5.609400000000000000e+04
5.612500000000000000e+04
5.617400000000000000e+04
5.629200000000000000e+04
5.630200000000000000e+04
5.630800000000000000e+04
5.633200000000000000e+04
5.636900000000000000e+04
5.639400000000000000e+04
5.639500000000000000e+04
5.642300000000000000e+04
5.645500000000000000e+04
5.652000000000000000e+04
5.663300000000000000e+04
5.665400000000000000e+04
5.668300000000000000e+04
5.672700000000000000e+04
5.677000000000000000e+04
5.693800000000000000e+04
5.694900000000000000e+04
5.701500000000000000e+04
5.712900000000000000e+04
5.718800000000000000e+04
5.728000000000000000e+04
5.729100000000000000e+04
5.734600000000000000e+04
5.738700000000000000e+04
5.747200000000000000e+04
5.751600000000000000e+04
5.753100000000000000e+04
5.760600000000000000e+04
5.761100000000000000e+04
5.775200000000000000e+04
5.786200000000000000e+04
5.805900000000000000e+04
5.807900000000000000e+04
5.811600000000000000e+04
5.815100000000000000e+04
5.818500000000000000e+04
5.822000000000000000e+04
5.822100000000000000e+04
5.823100000000000000e+04
5.824500000000000000e+04
5.837500000000000000e+04
5.842200000000000000e+04
5.863500000000000000e+04
5.871100000000000000e+04
5.876300000000000000e+04
5.883200000000000000e+04
5.885900000000000000e+04
5.895700000000000000e+04
5.904100000000000000e+04
5.906700000000000000e+04
5.909000000000000000e+04
5.928200000000000000e+04
5.930100000000000000e+04
5.934800000000000000e+04
5.939900000000000000e+04
5.946600000000000000e+04
5.946700000000000000e+04
5.955100000000000000e+04
5.957800000000000000e+04
5.963900000000000000e+04
5.966800000000000000e+04
5.970600000000000000e+04
5.977200000000000000e+04
5.982100000000000000e+04
5.986400000000000000e+04
6.000300000000000000e+04
6.002200000000000000e+04
6.005300000000000000e+04
6.005400000000000000e+04
6.016500000000000000e+04
6.018900000000000000e+04
6.019800000000000000e+04
6.024000000000000000e+04
6.048700000000000000e+04
6.057100000000000000e+04
6.060500000000000000e+04
6.072700000000000000e+04
6.095100000000000000e+04
6.101000000000000000e+04
6.103900000000000000e+04
6.104800000000000000e+04
6.112000000000000000e+04
6.140900000000000000e+04
6.141300000000000000e+04
6.142200000000000000e+04
6.159500000000000000e+04
6.160500000000000000e+04
6.164200000000000000e+04
6.184800000000000000e+04
6.191700000000000000e+04
6.191900000000000000e+04
6.193600000000000000e+04
6.203500000000000000e+04
6.204800000000000000e+04
6.205700000000000000e+04
6.206300000000000000e+04
6.212100000000000000e+04
6.223800000000000000e+04
6.228500000000000000e+04
6.236900000000000000e+04
6.240000000000000000e+04
6.250900000000000000e+04
6.251600000000000000e+04
6.253300000000000000e+04
6.270000000000000000e+04
6.271300000000000000e+04
6.282700000000000000e+04
6.287300000000000000e+04
6.292000000000000000e+04
6.295900000000000000e+04
6.301300000000000000e+04
6.302800000000000000e+04
6.304700000000000000e+04
6.307500000000000000e+04
6.317300000000000000e+04
6.327700000000000000e+04
6.333200000000000000e+04
6.334900000000000000e+04
6.338100000000000000e+04
6.339900000000000000e+04
6.340900000000000000e+04
6.349600000000000000e+04
6.354000000000000000e+04
6.360100000000000000e+04
6.363200000000000000e+04
6.364700000000000000e+04
6.374800000000000000e+04
6.376200000000000000e+04
6.377300000000000000e+04
6.378300000000000000e+04
6.380800000000000000e+04
6.383700000000000000e+04
6.383800000000000000e+04
6.399200000000000000e+04
6.405400000000000000e+04
6.408400000000000000e+04
6.410100000000000000e+04
6.412600000000000000e+04
6.416100000000000000e+04
6.418700000000000000e+04
6.419200000000000000e+04
6.421200000000000000e+04
6.425600000000000000e+04
6.429000000000000000e+04
6.437400000000000000e+04
6.438000000000000000e+04
6.439900000000000000e+04
6.446400000000000000e+04
6.447800000000000000e+04
6.451200000000000000e+04
6.455400000000000000e+04
6.461000000000000000e+04
6.470400000000000000e+04
6.477200000000000000e+04
6.488400000000000000e+04
6.498200000000000000e+04
6.498800000000000000e+04
6.509100000000000000e+04
6.509200000000000000e+04
6.513800000000000000e+04
6.514100000000000000e+04
6.523600000000000000e+04
6.526000000000000000e+04
6.537400000000000000e+04
6.541700000000000000e+04
6.559700000000000000e+04
6.569300000000000000e+04
6.572600000000000000e+04
6.575100000000000000e+04
6.590200000000000000e+04
6.614100000000000000e+04
6.617000000000000000e+04
6.622400000000000000e+04
6.624900000000000000e+04
6.625000000000000000e+04
6.626900000000000000e+04
6.628800000000000000e+04
6.639200000000000000e+04
6.651000000000000000e+04
6.651100000000000000e+04
6.658400000000000000e+04
6.661500000000000000e+04
6.662700000000000000e+04
6.665100000000000000e+04
6.665400000000000000e+04
6.666900000000000000e+04
6.670700000000000000e+04
6.674800000000000000e+04
6.687400000000000000e+04
6.692000000000000000e+04
6.704000000000000000e+04
6.705100000000000000e+04
6.709300000000000000e+04
6.709800000000000000e+04
6.711300000000000000e+04
6.712800000000000000e+04
6.717100000000000000e+04
6.718600000000000000e+04
6.720000000000000000e+04
6.733500000000000000e+04
6.734000000000000000e+04
6.735800000000000000e+04
6.736000000000000000e+04
6.736100000000000000e+04
6.746000000000000000e+04
6.747300000000000000e+04
6.752700000000000000e+04
6.757700000000000000e+04
6.762200000000000000e+04
6.765200000000000000e+04
6.765400000000000000e+04
6.771800000000000000e+04
6.782000000000000000e+04
6.784400000000000000e+04
6.785000000000000000e+04
6.785100000000000000e+04
6.785700000000000000e+04
6.788000000000000000e+04
6.790700000000000000e+04
6.791400000000000000e+04
6.798900000000000000e+04
6.800200000000000000e+04
6.818200000000000000e+04
6.824200000000000000e+04
6.835800000000000000e+04
6.837600000000000000e+04
6.838900000000000000e+04
6.839000000000000000e+04
6.840400000000000000e+04
6.842400000000000000e+04
6.842600000000000000e+04
6.843600000000000000e+04
6.853200000000000000e+04
6.858000000000000000e+04
6.868400000000000000e+04
6.880000000000000000e+04
6.886600000000000000e+04
6.898400000000000000e+04
6.899700000000000000e+04
6.899800000000000000e+04
6.921600000000000000e+04
6.922000000000000000e+04
6.923400000000000000e+04
6.945800000000000000e+04
6.976500000000000000e+04
6.976700000000000000e+04
6.980000000000000000e+04
6.982500000000000000e+04
6.988200000000000000e+04
6.991000000000000000e+04
6.999300000000000000e+04
7.000700000000000000e+04
7.004400000000000000e+04
7.005900000000000000e+04
7.008100000000000000e+04
7.012100000000000000e+04
7.017400000000000000e+04
7.020100000000000000e+04
7.026000000000000000e+04
7.031700000000000000e+04
7.033300000000000000e+04
7.035300000000000000e+04
7.037900000000000000e+04
7.046100000000000000e+04
7.049100000000000000e+04
7.054700000000000000e+04
7.061700000000000000e+04
7.062600000000000000e+04
7.065200000000000000e+04
7.073100000000000000e+04
7.074500000000000000e+04
7.082600000000000000e+04
7.088100000000000000e+04
7.102400000000000000e+04
7.110800000000000000e+04
7.112800000000000000e+04
7.120700000000000000e+04
7.123800000000000000e+04
7.134800000000000000e+04
7.134900000000000000e+04
7.136500000000000000e+04
7.139500000000000000e+04
7.142200000000000000e+04
7.150400000000000000e+04
7.151600000000000000e+04
7.154900000000000000e+04
7.170500000000000000e+04
7.175300000000000000e+04
7.177600000000000000e+04
7.179800000000000000e+04
7.182000000000000000e+04
7.185600000000000000e+04
7.191000000000000000e+04
7.192700000000000000e+04
7.196600000000000000e+04
7.202500000000000000e+04
7.203800000000000000e+04
7.205100000000000000e+04
7.205700000000000000e+04
7.210900000000000000e+04
7.217000000000000000e+04
7.233700000000000000e+04
7.241400000000000000e+04
7.253900000000000000e+04
7.262600000000000000e+04
7.263200000000000000e+04
7.266600000000000000e+04
7.268000000000000000e+04
7.268700000000000000e+04
7.272800000000000000e+04
7.276700000000000000e+04
7.279400000000000000e+04
7.280600000000000000e+04
7.282500000000000000e+04
7.287400000000000000e+04
7.287600000000000000e+04
7.295400000000000000e+04
7.298500000000000000e+04
7.299600000000000000e+04
7.301900000000000000e+04
7.303300000000000000e+04
7.306200000000000000e+04
7.317100000000000000e+04
7.319300000000000000e+04
7.321700000000000000e+04
7.326100000000000000e+04
7.341100000000000000e+04
7.344300000000000000e+04
7.353000000000000000e+04
7.356800000000000000e+04
7.358400000000000000e+04
7.361600000000000000e+04
7.361800000000000000e+04
7.368200000000000000e+04
7.370000000000000000e+04
7.375900000000000000e+04
7.377700000000000000e+04
7.380500000000000000e+04
7.384200000000000000e+04
7.384500000000000000e+04
7.391900000000000000e+04
7.393600000000000000e+04
7.399300000000000000e+04
7.403400000000000000e+04
7.409800000000000000e+04
7.419000000000000000e+04
7.426800000000000000e+04
7.431000000000000000e+04
7.431500000000000000e+04
7.432300000000000000e+04
7.437100000000000000e+04
7.439400000000000000e+04
7.442000000000000000e+04
7.446500000000000000e+04
7.450600000000000000e+04
7.454700000000000000e+04
7.458400000000000000e+04
7.460800000000000000e+04
7.470200000000000000e+04
7.470500000000000000e+04
7.473300000000000000e+04
7.481100000000000000e+04
7.481500000000000000e+04
7.488500000000000000e+04
7.503800000000000000e+04
7.503900000000000000e+04
7.504300000000000000e+04
7.507600000000000000e+04
7.508400000000000000e+04
7.509200000000000000e+04
7.519700000000000000e+04
7.527100000000000000e+04
7.537800000000000000e+04
7.546500000000000000e+04
7.548400000000000000e+04
7.551700000000000000e+04
7.555200000000000000e+04
7.572400000000000000e+04
7.575500000000000000e+04
7.577200000000000000e+04
7.577300000000000000e+04
7.585400000000000000e+04
7.587200000000000000e+04
7.601600000000000000e+04
7.603800000000000000e+04
7.607700000000000000e+04
7.611900000000000000e+04
7.618700000000000000e+04
7.626300000000000000e+04
7.629700000000000000e+04
7.637900000000000000e+04
7.640700000000000000e+04
7.641800000000000000e+04
7.644900000000000000e+04
7.652800000000000000e+04
7.655300000000000000e+04
7.657500000000000000e+04
7.658800000000000000e+04
7.661700000000000000e+04
7.663600000000000000e+04
7.665000000000000000e+04
7.671100000000000000e+04
7.672800000000000000e+04
7.675600000000000000e+04
7.677500000000000000e+04
7.682400000000000000e+04
7.689800000000000000e+04
7.691600000000000000e+04
7.694100000000000000e+04
7.696300000000000000e+04
7.699100000000000000e+04
7.701400000000000000e+04
7.704200000000000000e+04
7.711100000000000000e+04
7.722000000000000000e+04
7.727900000000000000e+04
7.739000000000000000e+04
7.743400000000000000e+04
7.752900000000000000e+04
7.755600000000000000e+04
7.758100000000000000e+04
7.759200000000000000e+04
7.759400000000000000e+04
7.761300000000000000e+04
7.763400000000000000e+04
7.774500000000000000e+04
7.775700000000000000e+04
7.780600000000000000e+04
7.783600000000000000e+04
7.786000000000000000e+04
7.786600000000000000e+04
7.789100000000000000e+04
7.793300000000000000e+04
7.795500000000000000e+04
7.804300000000000000e+04
7.810600000000000000e+04
7.824000000000000000e+04
7.835300000000000000e+04
7.839800000000000000e+04
7.843200000000000000e+04
7.847400000000000000e+04
7.868700000000000000e+04
7.871900000000000000e+04
7.873300000000000000e+04
7.878800000000000000e+04
7.879700000000000000e+04
7.879900000000000000e+04
7.894400000000000000e+04
7.895100000000000000e+04
7.900000000000000000e+04
7.905600000000000000e+04
7.907100000000000000e+04
7.930400000000000000e+04
7.935600000000000000e+04
7.938600000000000000e+04
7.939400000000000000e+04
7.947900000000000000e+04
7.964900000000000000e+04
7.968000000000000000e+04
7.973900000000000000e+04
7.974700000000000000e+04
7.985800000000000000e+04
7.989100000000000000e+04
7.993200000000000000e+04
7.993600000000000000e+04
7.994300000000000000e+04
8.002100000000000000e+04
8.004400000000000000e+04
8.009300000000000000e+04
8.011100000000000000e+04
8.018100000000000000e+04
8.021500000000000000e+04
8.022300000000000000e+04
8.026100000000000000e+04
8.028600000000000000e+04
8.028800000000000000e+04
8.029100000000000000e+04
8.029600000000000000e+04
8.036200000000000000e+04
8.039200000000000000e+04
8.050100000000000000e+04
8.057900000000000000e+04
8.063600000000000000e+04
8.064700000000000000e+04
8.068700000000000000e+04
8.074400000000000000e+04
8.079900000000000000e+04
8.081700000000000000e+04
8.081800000000000000e+04
8.082200000000000000e+04
8.094000000000000000e+04
8.109600000000000000e+04
8.109700000000000000e+04
8.117200000000000000e+04
8.123400000000000000e+04
8.134900000000000000e+04
8.138900000000000000e+04
8.140200000000000000e+04
8.142700000000000000e+04
8.148200000000000000e+04
8.150700000000000000e+04
8.161700000000000000e+04
8.163400000000000000e+04
8.167300000000000000e+04
8.169900000000000000e+04
8.174200000000000000e+04
8.180800000000000000e+04
8.188000000000000000e+04
8.200800000000000000e+04
8.214700000000000000e+04
8.224800000000000000e+04
8.227900000000000000e+04
8.234100000000000000e+04
8.236700000000000000e+04
8.239900000000000000e+04
8.244700000000000000e+04
8.258200000000000000e+04
8.264900000000000000e+04
8.268400000000000000e+04
8.282100000000000000e+04
8.287700000000000000e+04
8.293700000000000000e+04
8.302000000000000000e+04
8.307800000000000000e+04
8.314100000000000000e+04
8.328700000000000000e+04
8.328800000000000000e+04
8.330900000000000000e+04
8.336800000000000000e+04
8.355400000000000000e+04
8.357200000000000000e+04
8.359400000000000000e+04
8.364500000000000000e+04
8.369100000000000000e+04
8.371300000000000000e+04
8.371400000000000000e+04
8.376900000000000000e+04
8.382700000000000000e+04
8.383100000000000000e+04
8.387700000000000000e+04
8.397600000000000000e+04
8.398600000000000000e+04
8.398800000000000000e+04
8.420100000000000000e+04
8.444100000000000000e+04
8.451300000000000000e+04
8.454600000000000000e+04
8.463500000000000000e+04
8.463800000000000000e+04
8.468000000000000000e+04
8.477300000000000000e+04
8.480300000000000000e+04
8.482200000000000000e+04
8.486100000000000000e+04
8.489600000000000000e+04
8.491000000000000000e+04
8.495800000000000000e+04
8.504000000000000000e+04
8.504600000000000000e+04
8.512100000000000000e+04
8.513400000000000000e+04
8.515600000000000000e+04
8.517400000000000000e+04
8.519000000000000000e+04
8.520900000000000000e+04
8.525700000000000000e+04
8.526300000000000000e+04
8.533000000000000000e+04
8.534300000000000000e+04
8.534700000000000000e+04
8.536800000000000000e+04
8.542500000000000000e+04
8.547100000000000000e+04
8.547600000000000000e+04
8.548800000000000000e+04
8.554300000000000000e+04
8.556900000000000000e+04
8.559800000000000000e+04
8.566500000000000000e+04
8.566700000000000000e+04
8.568200000000000000e+04
8.570100000000000000e+04
8.579600000000000000e+04
8.580600000000000000e+04
8.586000000000000000e+04
8.592300000000000000e+04
8.593500000000000000e+04
8.593600000000000000e+04
8.594700000000000000e+04
8.596800000000000000e+04
8.601000000000000000e+04
8.601300000000000000e+04
8.602200000000000000e+04
8.603500000000000000e+04
8.610400000000000000e+04
8.613000000000000000e+04
8.615500000000000000e+04
8.620300000000000000e+04
8.622800000000000000e+04
8.628500000000000000e+04
8.628700000000000000e+04
8.629200000000000000e+04
8.634000000000000000e+04
8.636000000000000000e+04
8.636100000000000000e+04
8.636300000000000000e+04
8.637800000000000000e+04
8.659800000000000000e+04
8.665300000000000000e+04
8.672200000000000000e+04
8.692600000000000000e+04
8.694500000000000000e+04
8.698000000000000000e+04
8.705400000000000000e+04
8.714900000000000000e+04
8.719700000000000000e+04
8.719900000000000000e+04
8.735200000000000000e+04
8.746700000000000000e+04
8.747900000000000000e+04
8.748900000000000000e+04
8.758300000000000000e+04
8.759800000000000000e+04
8.770000000000000000e+04
8.772700000000000000e+04
8.779700000000000000e+04
8.785100000000000000e+04
8.797300000000000000e+04
8.799800000000000000e+04
8.807400000000000000e+04
8.811600000000000000e+04
8.819400000000000000e+04
8.820500000000000000e+04
8.821200000000000000e+04
8.824700000000000000e+04
8.835700000000000000e+04
8.840800000000000000e+04
8.842900000000000000e+04
8.850900000000000000e+04
8.851100000000000000e+04
8.853900000000000000e+04
8.855800000000000000e+04
8.858300000000000000e+04
8.860200000000000000e+04
8.861300000000000000e+04
8.862600000000000000e+04
8.862700000000000000e+04
8.873100000000000000e+04
8.876400000000000000e+04
8.890800000000000000e+04
8.892800000000000000e+04
8.901500000000000000e+04
8.902500000000000000e+04
8.903000000000000000e+04
8.905100000000000000e+04
8.914800000000000000e+04
8.918700000000000000e+04
8.924500000000000000e+04
