2.600000000000000000e+01
2.700000000000000000e+01
7.000000000000000000e+01
9.700000000000000000e+01
9.800000000000000000e+01
1.010000000000000000e+02
1.630000000000000000e+02
1.690000000000000000e+02
2.130000000000000000e+02
2.150000000000000000e+02
2.630000000000000000e+02
3.660000000000000000e+02
4.450000000000000000e+02
4.680000000000000000e+02
5.100000000000000000e+02
5.320000000000000000e+02
5.880000000000000000e+02
5.910000000000000000e+02
6.150000000000000000e+02
6.160000000000000000e+02
6.610000000000000000e+02
7.220000000000000000e+02
8.910000000000000000e+02
1.022000000000000000e+03
1.023000000000000000e+03
1.051000000000000000e+03
1.131000000000000000e+03
1.132000000000000000e+03
1.169000000000000000e+03
1.232000000000000000e+03
1.364000000000000000e+03
1.365000000000000000e+03
1.366000000000000000e+03
1.367000000000000000e+03
1.380000000000000000e+03
1.383000000000000000e+03
1.442000000000000000e+03
1.476000000000000000e+03
1.498000000000000000e+03
1.499000000000000000e+03
1.542000000000000000e+03
1.544000000000000000e+03
1.765000000000000000e+03
1.788000000000000000e+03
1.955000000000000000e+03
2.074000000000000000e+03
2.197000000000000000e+03
2.198000000000000000e+03
2.347000000000000000e+03
2.529000000000000000e+03
2.555000000000000000e+03
2.556000000000000000e+03
2.572000000000000000e+03
2.762000000000000000e+03
2.776000000000000000e+03
2.796000000000000000e+03
2.797000000000000000e+03
2.867000000000000000e+03
2.933000000000000000e+03
2.934000000000000000e+03
3.208000000000000000e+03
3.353000000000000000e+03
3.485000000000000000e+03
3.608000000000000000e+03
3.628000000000000000e+03
3.708000000000000000e+03
3.995000000000000000e+03
4.033000000000000000e+03
4.061000000000000000e+03
4.062000000000000000e+03
4.110000000000000000e+03
4.267000000000000000e+03
4.601000000000000000e+03
4.635000000000000000e+03
4.643000000000000000e+03
4.670000000000000000e+03
4.715000000000000000e+03
4.716000000000000000e+03
4.894000000000000000e+03
4.942000000000000000e+03
5.163000000000000000e+03
5.320000000000000000e+03
5.321000000000000000e+03
5.349000000000000000e+03
5.417000000000000000e+03
5.527000000000000000e+03
5.554000000000000000e+03
5.586000000000000000e+03
5.587000000000000000e+03
6.080000000000000000e+03
6.406000000000000000e+03
6.407000000000000000e+03
6.452000000000000000e+03
6.563000000000000000e+03
6.642000000000000000e+03
6.648000000000000000e+03
6.649000000000000000e+03
6.746000000000000000e+03
6.801000000000000000e+03
6.925000000000000000e+03
6.928000000000000000e+03
7.340000000000000000e+03
7.405000000000000000e+03
7.412000000000000000e+03
7.820000000000000000e+03
7.821000000000000000e+03
7.905000000000000000e+03
8.002000000000000000e+03
8.003000000000000000e+03
8.106000000000000000e+03
8.107000000000000000e+03
8.147000000000000000e+03
8.148000000000000000e+03
8.160000000000000000e+03
8.313000000000000000e+03
8.345000000000000000e+03
8.373000000000000000e+03
8.407000000000000000e+03
8.496000000000000000e+03
8.856000000000000000e+03
8.898000000000000000e+03
9.025000000000000000e+03
9.031000000000000000e+03
9.156000000000000000e+03
9.157000000000000000e+03
9.345000000000000000e+03
9.377000000000000000e+03
9.378000000000000000e+03
9.548000000000000000e+03
9.577000000000000000e+03
9.766000000000000000e+03
9.787000000000000000e+03
1.011100000000000000e+04
1.011200000000000000e+04
1.027000000000000000e+04
1.027100000000000000e+04
1.032200000000000000e+04
1.034800000000000000e+04
1.047200000000000000e+04
1.047300000000000000e+04
1.058800000000000000e+04
1.069500000000000000e+04
1.078900000000000000e+04
1.079000000000000000e+04
1.086900000000000000e+04
1.087800000000000000e+04
1.088400000000000000e+04
1.091500000000000000e+04
1.104900000000000000e+04
1.106100000000000000e+04
1.122400000000000000e+04
1.128400000000000000e+04
1.128500000000000000e+04
1.150900000000000000e+04
1.153400000000000000e+04
1.157500000000000000e+04
1.178500000000000000e+04
1.184200000000000000e+04
1.189200000000000000e+04
1.253100000000000000e+04
1.253200000000000000e+04
1.255100000000000000e+04
1.257400000000000000e+04
1.276200000000000000e+04
1.283300000000000000e+04
1.294200000000000000e+04
1.300200000000000000e+04
1.300300000000000000e+04
1.301500000000000000e+04
1.308000000000000000e+04
1.321200000000000000e+04
1.324200000000000000e+04
1.326500000000000000e+04
1.336000000000000000e+04
1.336100000000000000e+04
1.379200000000000000e+04
1.379300000000000000e+04
1.391100000000000000e+04
1.391200000000000000e+04
1.401100000000000000e+04
1.405500000000000000e+04
1.409800000000000000e+04
1.436000000000000000e+04
1.436100000000000000e+04
1.439700000000000000e+04
1.459900000000000000e+04
1.472900000000000000e+04
1.486700000000000000e+04
1.503600000000000000e+04
1.532800000000000000e+04
1.545600000000000000e+04
1.551800000000000000e+04
1.601000000000000000e+04
1.622400000000000000e+04
1.638900000000000000e+04
1.649200000000000000e+04
1.677300000000000000e+04
1.677400000000000000e+04
1.703700000000000000e+04
1.705700000000000000e+04
1.773700000000000000e+04
1.773800000000000000e+04
1.775000000000000000e+04
1.775100000000000000e+04
1.788300000000000000e+04
1.791500000000000000e+04
1.805100000000000000e+04
1.805200000000000000e+04
1.805800000000000000e+04
1.806100000000000000e+04
1.807500000000000000e+04
1.816000000000000000e+04
1.816100000000000000e+04
1.834100000000000000e+04
1.848000000000000000e+04
1.850900000000000000e+04
1.851000000000000000e+04
1.857200000000000000e+04
1.863900000000000000e+04
1.883300000000000000e+04
1.890800000000000000e+04
1.894500000000000000e+04
1.897800000000000000e+04
1.897900000000000000e+04
1.903400000000000000e+04
1.929300000000000000e+04
1.929400000000000000e+04
1.948600000000000000e+04
1.957600000000000000e+04
1.957700000000000000e+04
1.971800000000000000e+04
1.979900000000000000e+04
1.983100000000000000e+04
1.983200000000000000e+04
2.005300000000000000e+04
2.015700000000000000e+04
2.046600000000000000e+04
2.046700000000000000e+04
2.055600000000000000e+04
2.064300000000000000e+04
2.080600000000000000e+04
2.087100000000000000e+04
2.087200000000000000e+04
2.113900000000000000e+04
2.144100000000000000e+04
2.162000000000000000e+04
2.165400000000000000e+04
2.168200000000000000e+04
2.173300000000000000e+04
2.175600000000000000e+04
2.179400000000000000e+04
2.184600000000000000e+04
2.199500000000000000e+04
2.209300000000000000e+04
2.209400000000000000e+04
2.213500000000000000e+04
2.220700000000000000e+04
2.220800000000000000e+04
2.221700000000000000e+04
2.248300000000000000e+04
2.256400000000000000e+04
2.261800000000000000e+04
2.263000000000000000e+04
2.286200000000000000e+04
2.287500000000000000e+04
2.305800000000000000e+04
2.329500000000000000e+04
2.329600000000000000e+04
2.339900000000000000e+04
2.347600000000000000e+04
2.357700000000000000e+04
2.361000000000000000e+04
2.363800000000000000e+04
2.365000000000000000e+04
2.367000000000000000e+04
2.377300000000000000e+04
2.377400000000000000e+04
2.418200000000000000e+04
2.423900000000000000e+04
2.425400000000000000e+04
2.437000000000000000e+04
2.439500000000000000e+04
2.464000000000000000e+04
2.469100000000000000e+04
2.469200000000000000e+04
2.474500000000000000e+04
2.474600000000000000e+04
2.478700000000000000e+04
2.483800000000000000e+04
2.505300000000000000e+04
2.538600000000000000e+04
2.538700000000000000e+04
2.569600000000000000e+04
2.571200000000000000e+04
2.602000000000000000e+04
2.630200000000000000e+04
2.670100000000000000e+04
2.674600000000000000e+04
2.675100000000000000e+04
2.677000000000000000e+04
2.677100000000000000e+04
2.683400000000000000e+04
2.688100000000000000e+04
2.688500000000000000e+04
2.688900000000000000e+04
2.691100000000000000e+04
2.693600000000000000e+04
2.715700000000000000e+04
2.736200000000000000e+04
2.742000000000000000e+04
2.759300000000000000e+04
2.760700000000000000e+04
2.763500000000000000e+04
2.765700000000000000e+04
2.765800000000000000e+04
2.766200000000000000e+04
2.783300000000000000e+04
2.786000000000000000e+04
2.787200000000000000e+04
2.795400000000000000e+04
2.811500000000000000e+04
2.819500000000000000e+04
2.826100000000000000e+04
2.826400000000000000e+04
2.829000000000000000e+04
2.830300000000000000e+04
2.834400000000000000e+04
2.849100000000000000e+04
2.850400000000000000e+04
2.861000000000000000e+04
2.864700000000000000e+04
2.872600000000000000e+04
2.878100000000000000e+04
2.886200000000000000e+04
2.925800000000000000e+04
2.925900000000000000e+04
2.927000000000000000e+04
2.927100000000000000e+04
2.928500000000000000e+04
2.928600000000000000e+04
2.929300000000000000e+04
2.938000000000000000e+04
2.953100000000000000e+04
2.961900000000000000e+04
2.993200000000000000e+04
3.035200000000000000e+04
3.035300000000000000e+04
3.036300000000000000e+04
3.039300000000000000e+04
3.040800000000000000e+04
3.041200000000000000e+04
3.041800000000000000e+04
3.041900000000000000e+04
3.045000000000000000e+04
3.054200000000000000e+04
3.054300000000000000e+04
3.057700000000000000e+04
3.057800000000000000e+04
3.058900000000000000e+04
3.071700000000000000e+04
3.091000000000000000e+04
3.091100000000000000e+04
3.103600000000000000e+04
3.105400000000000000e+04
3.114600000000000000e+04
3.125100000000000000e+04
3.128500000000000000e+04
3.130200000000000000e+04
3.153800000000000000e+04
3.155600000000000000e+04
3.155900000000000000e+04
3.196600000000000000e+04
3.197400000000000000e+04
3.198700000000000000e+04
3.215000000000000000e+04
3.219600000000000000e+04
3.232600000000000000e+04
3.236900000000000000e+04
3.243600000000000000e+04
3.253700000000000000e+04
3.272900000000000000e+04
3.280800000000000000e+04
3.285400000000000000e+04
3.308500000000000000e+04
3.311200000000000000e+04
3.327900000000000000e+04
3.340100000000000000e+04
3.340500000000000000e+04
3.341600000000000000e+04
3.345300000000000000e+04
3.345400000000000000e+04
3.375600000000000000e+04
3.379100000000000000e+04
3.391500000000000000e+04
3.398900000000000000e+04
3.401100000000000000e+04
3.411000000000000000e+04
3.415900000000000000e+04
3.430500000000000000e+04
3.432900000000000000e+04
3.433000000000000000e+04
3.442000000000000000e+04
3.447200000000000000e+04
3.464500000000000000e+04
3.465400000000000000e+04
3.478500000000000000e+04
3.478600000000000000e+04
3.486900000000000000e+04
3.492900000000000000e+04
3.522600000000000000e+04
3.535700000000000000e+04
3.548100000000000000e+04
3.557000000000000000e+04
3.566100000000000000e+04
3.580800000000000000e+04
3.583500000000000000e+04
3.590100000000000000e+04
3.592200000000000000e+04
3.601400000000000000e+04
3.606800000000000000e+04
3.613100000000000000e+04
3.613600000000000000e+04
3.621100000000000000e+04
3.632100000000000000e+04
3.636500000000000000e+04
3.645700000000000000e+04
3.645800000000000000e+04
3.659300000000000000e+04
3.678100000000000000e+04
3.699800000000000000e+04
3.705400000000000000e+04
3.718000000000000000e+04
3.733700000000000000e+04
3.750200000000000000e+04
3.753300000000000000e+04
3.758800000000000000e+04
3.767000000000000000e+04
3.779600000000000000e+04
3.784000000000000000e+04
3.789300000000000000e+04
3.799100000000000000e+04
3.805400000000000000e+04
3.811300000000000000e+04
3.811700000000000000e+04
3.812900000000000000e+04
3.813200000000000000e+04
3.838100000000000000e+04
3.845700000000000000e+04
3.850300000000000000e+04
3.873500000000000000e+04
3.886700000000000000e+04
3.889900000000000000e+04
3.890000000000000000e+04
3.908900000000000000e+04
3.910200000000000000e+04
3.922300000000000000e+04
3.922400000000000000e+04
3.926700000000000000e+04
3.931000000000000000e+04
3.948300000000000000e+04
3.948400000000000000e+04
3.953300000000000000e+04
3.953400000000000000e+04
3.962500000000000000e+04
3.967100000000000000e+04
3.973400000000000000e+04
4.002700000000000000e+04
4.005100000000000000e+04
4.005200000000000000e+04
4.024500000000000000e+04
4.033400000000000000e+04
4.034000000000000000e+04
4.052700000000000000e+04
4.080900000000000000e+04
4.084300000000000000e+04
4.092600000000000000e+04
4.100000000000000000e+04
4.103800000000000000e+04
4.106600000000000000e+04
4.113500000000000000e+04
4.133700000000000000e+04
4.188000000000000000e+04
4.190300000000000000e+04
4.204600000000000000e+04
4.205000000000000000e+04
4.209100000000000000e+04
4.216800000000000000e+04
4.217900000000000000e+04
4.219000000000000000e+04
4.224900000000000000e+04
4.245300000000000000e+04
4.246900000000000000e+04
4.247000000000000000e+04
4.261700000000000000e+04
4.277400000000000000e+04
4.300100000000000000e+04
4.301300000000000000e+04
4.305900000000000000e+04
4.323500000000000000e+04
4.326100000000000000e+04
4.353400000000000000e+04
4.370900000000000000e+04
4.376500000000000000e+04
4.377500000000000000e+04
4.393400000000000000e+04
4.393500000000000000e+04
4.402200000000000000e+04
4.412300000000000000e+04
4.420200000000000000e+04
4.423900000000000000e+04
4.424000000000000000e+04
4.424800000000000000e+04
4.434600000000000000e+04
4.434700000000000000e+04
4.448200000000000000e+04
4.449800000000000000e+04
4.474600000000000000e+04
4.482200000000000000e+04
4.494300000000000000e+04
4.494400000000000000e+04
4.506500000000000000e+04
4.508700000000000000e+04
4.513300000000000000e+04
4.526800000000000000e+04
4.543800000000000000e+04
4.566900000000000000e+04
4.567000000000000000e+04
4.574000000000000000e+04
4.577300000000000000e+04
4.582600000000000000e+04
4.605000000000000000e+04
4.628900000000000000e+04
4.629000000000000000e+04
4.670100000000000000e+04
4.688100000000000000e+04
4.694900000000000000e+04
4.715300000000000000e+04
4.716000000000000000e+04
4.727800000000000000e+04
4.747600000000000000e+04
4.750900000000000000e+04
4.760400000000000000e+04
4.769900000000000000e+04
4.792200000000000000e+04
4.799400000000000000e+04
4.800400000000000000e+04
4.800500000000000000e+04
4.803400000000000000e+04
4.806000000000000000e+04
4.811300000000000000e+04
4.817700000000000000e+04
4.828200000000000000e+04
4.837500000000000000e+04
4.858400000000000000e+04
4.894800000000000000e+04
4.905200000000000000e+04
4.916500000000000000e+04
4.917700000000000000e+04
4.925800000000000000e+04
4.926200000000000000e+04
4.929700000000000000e+04
4.929800000000000000e+04
4.940900000000000000e+04
4.948600000000000000e+04
4.948700000000000000e+04
4.960400000000000000e+04
4.968000000000000000e+04
4.980100000000000000e+04
4.983000000000000000e+04
4.997700000000000000e+04
5.016900000000000000e+04
5.039700000000000000e+04
5.058200000000000000e+04
5.058700000000000000e+04
5.059300000000000000e+04
5.076800000000000000e+04
5.100900000000000000e+04
5.109400000000000000e+04
5.117300000000000000e+04
5.124000000000000000e+04
5.135100000000000000e+04
5.136600000000000000e+04
5.143300000000000000e+04
5.166600000000000000e+04
5.188500000000000000e+04
5.196900000000000000e+04
5.203100000000000000e+04
5.209300000000000000e+04
5.215200000000000000e+04
5.237000000000000000e+04
5.241500000000000000e+04
5.252700000000000000e+04
5.254400000000000000e+04
5.272200000000000000e+04
5.276400000000000000e+04
5.278700000000000000e+04
5.307500000000000000e+04
5.315900000000000000e+04
5.355100000000000000e+04
5.377500000000000000e+04
5.378600000000000000e+04
5.379300000000000000e+04
5.388000000000000000e+04
5.394800000000000000e+04
5.399700000000000000e+04
5.400300000000000000e+04
5.431600000000000000e+04
5.437600000000000000e+04
5.447400000000000000e+04
5.460300000000000000e+04
5.482900000000000000e+04
5.492300000000000000e+04
5.492900000000000000e+04
5.494000000000000000e+04
5.503700000000000000e+04
5.538100000000000000e+04
5.555900000000000000e+04
5.569400000000000000e+04
5.585400000000000000e+04
5.585500000000000000e+04
5.591300000000000000e+04
5.603300000000000000e+04
5.629500000000000000e+04
5.633400000000000000e+04
5.646800000000000000e+04
5.664800000000000000e+04
5.665600000000000000e+04
5.668700000000000000e+04
5.671300000000000000e+04
5.686600000000000000e+04
5.693600000000000000e+04
5.693700000000000000e+04
5.716300000000000000e+04
5.751400000000000000e+04
5.767100000000000000e+04
5.792900000000000000e+04
5.810600000000000000e+04
5.812500000000000000e+04
5.812600000000000000e+04
5.813800000000000000e+04
5.814700000000000000e+04
5.821200000000000000e+04
5.821300000000000000e+04
5.830900000000000000e+04
5.852100000000000000e+04
5.852400000000000000e+04
5.860700000000000000e+04
5.862400000000000000e+04
5.863800000000000000e+04
5.865100000000000000e+04
5.868000000000000000e+04
5.870300000000000000e+04
5.874000000000000000e+04
5.912200000000000000e+04
5.915200000000000000e+04
5.921600000000000000e+04
5.930700000000000000e+04
5.953400000000000000e+04
5.953600000000000000e+04
5.972800000000000000e+04
5.975800000000000000e+04
5.993900000000000000e+04
6.004200000000000000e+04
6.024300000000000000e+04
6.026200000000000000e+04
6.050200000000000000e+04
6.051000000000000000e+04
6.058500000000000000e+04
6.063400000000000000e+04
6.083500000000000000e+04
6.087000000000000000e+04
6.090500000000000000e+04
6.094600000000000000e+04
6.101500000000000000e+04
6.104100000000000000e+04
6.121400000000000000e+04
6.138700000000000000e+04
6.139500000000000000e+04
6.140300000000000000e+04
6.143700000000000000e+04
6.146500000000000000e+04
6.161300000000000000e+04
6.163000000000000000e+04
6.170900000000000000e+04
6.175100000000000000e+04
6.176600000000000000e+04
6.182700000000000000e+04
6.183500000000000000e+04
6.191500000000000000e+04
6.218800000000000000e+04
6.240800000000000000e+04
6.251300000000000000e+04
6.258400000000000000e+04
6.259500000000000000e+04
6.266500000000000000e+04
6.267000000000000000e+04
6.270500000000000000e+04
6.271100000000000000e+04
6.286000000000000000e+04
6.288200000000000000e+04
6.295300000000000000e+04
6.295700000000000000e+04
6.316700000000000000e+04
6.325100000000000000e+04
6.330500000000000000e+04
6.331300000000000000e+04
6.331400000000000000e+04
6.333300000000000000e+04
6.336100000000000000e+04
6.336200000000000000e+04
6.336500000000000000e+04
6.347000000000000000e+04
6.362700000000000000e+04
6.367300000000000000e+04
6.378800000000000000e+04
6.383200000000000000e+04
6.392600000000000000e+04
6.393900000000000000e+04
6.395500000000000000e+04
6.397000000000000000e+04
6.407200000000000000e+04
6.410200000000000000e+04
6.434200000000000000e+04
6.449300000000000000e+04
6.450500000000000000e+04
6.466900000000000000e+04
6.467200000000000000e+04
6.490100000000000000e+04
6.495000000000000000e+04
6.496100000000000000e+04
6.521000000000000000e+04
6.525500000000000000e+04
6.534500000000000000e+04
6.558600000000000000e+04
6.597500000000000000e+04
6.609500000000000000e+04
6.610200000000000000e+04
6.621200000000000000e+04
6.627800000000000000e+04
6.639700000000000000e+04
6.641100000000000000e+04
6.644800000000000000e+04
6.648800000000000000e+04
6.649400000000000000e+04
6.650700000000000000e+04
6.653100000000000000e+04
6.662000000000000000e+04
6.666800000000000000e+04
6.671300000000000000e+04
6.680800000000000000e+04
6.681300000000000000e+04
6.693800000000000000e+04
6.707600000000000000e+04
6.712700000000000000e+04
6.713000000000000000e+04
6.717800000000000000e+04
6.720200000000000000e+04
6.725500000000000000e+04
6.757800000000000000e+04
6.760300000000000000e+04
6.780200000000000000e+04
6.800700000000000000e+04
6.808800000000000000e+04
6.809700000000000000e+04
6.810000000000000000e+04
6.822800000000000000e+04
6.831100000000000000e+04
6.832300000000000000e+04
6.844700000000000000e+04
6.850900000000000000e+04
6.854700000000000000e+04
6.857600000000000000e+04
6.865400000000000000e+04
6.910900000000000000e+04
6.914000000000000000e+04
6.915700000000000000e+04
6.920900000000000000e+04
6.925500000000000000e+04
6.925900000000000000e+04
6.941900000000000000e+04
6.955000000000000000e+04
6.982400000000000000e+04
6.983100000000000000e+04
6.993900000000000000e+04
6.995200000000000000e+04
6.999700000000000000e+04
7.001700000000000000e+04
7.001800000000000000e+04
7.008300000000000000e+04
7.009200000000000000e+04
7.021900000000000000e+04
7.025700000000000000e+04
7.033200000000000000e+04
7.033500000000000000e+04
7.033600000000000000e+04
7.035200000000000000e+04
7.039200000000000000e+04
7.061000000000000000e+04
7.063300000000000000e+04
7.116300000000000000e+04
7.118200000000000000e+04
7.119000000000000000e+04
7.125700000000000000e+04
7.132300000000000000e+04
7.148800000000000000e+04
7.154800000000000000e+04
7.155800000000000000e+04
7.168400000000000000e+04
7.180000000000000000e+04
7.187200000000000000e+04
7.221400000000000000e+04
7.262300000000000000e+04
7.265100000000000000e+04
7.265900000000000000e+04
7.266800000000000000e+04
7.272700000000000000e+04
7.273300000000000000e+04
7.274300000000000000e+04
7.276600000000000000e+04
7.284100000000000000e+04
7.288700000000000000e+04
7.293700000000000000e+04
7.295500000000000000e+04
7.297100000000000000e+04
7.303800000000000000e+04
7.306100000000000000e+04
7.308700000000000000e+04
7.312800000000000000e+04
7.332200000000000000e+04
7.332300000000000000e+04
7.350600000000000000e+04
7.358900000000000000e+04
7.360500000000000000e+04
7.362100000000000000e+04
7.363300000000000000e+04
7.370200000000000000e+04
7.371100000000000000e+04
7.372700000000000000e+04
7.395600000000000000e+04
7.402900000000000000e+04
7.405500000000000000e+04
7.418900000000000000e+04
7.426700000000000000e+04
7.430500000000000000e+04
7.443700000000000000e+04
7.450200000000000000e+04
7.452400000000000000e+04
7.463800000000000000e+04
7.471100000000000000e+04
7.484900000000000000e+04
7.485100000000000000e+04
7.492700000000000000e+04
7.510100000000000000e+04
7.537000000000000000e+04
7.545500000000000000e+04
7.552900000000000000e+04
7.556400000000000000e+04
7.567700000000000000e+04
7.570400000000000000e+04
7.574500000000000000e+04
7.574900000000000000e+04
7.581000000000000000e+04
7.583600000000000000e+04
7.597000000000000000e+04
7.599800000000000000e+04
7.608700000000000000e+04
7.618100000000000000e+04
7.643400000000000000e+04
7.647300000000000000e+04
7.647600000000000000e+04
7.670000000000000000e+04
7.671300000000000000e+04
7.674800000000000000e+04
7.679300000000000000e+04
7.690900000000000000e+04
7.691300000000000000e+04
7.698600000000000000e+04
7.705600000000000000e+04
7.706600000000000000e+04
7.725200000000000000e+04
7.731800000000000000e+04
7.736900000000000000e+04
7.739900000000000000e+04
7.757400000000000000e+04
7.758800000000000000e+04
7.783500000000000000e+04
7.784700000000000000e+04
7.789200000000000000e+04
7.793800000000000000e+04
7.801500000000000000e+04
7.806500000000000000e+04
7.813500000000000000e+04
7.819400000000000000e+04
7.820400000000000000e+04
7.840800000000000000e+04
7.842900000000000000e+04
7.847600000000000000e+04
7.854900000000000000e+04
7.875400000000000000e+04
7.881200000000000000e+04
7.886000000000000000e+04
7.889800000000000000e+04
7.895700000000000000e+04
7.896600000000000000e+04
7.901500000000000000e+04
7.903000000000000000e+04
7.903100000000000000e+04
7.909000000000000000e+04
7.916700000000000000e+04
7.924400000000000000e+04
7.941000000000000000e+04
7.951400000000000000e+04
7.963900000000000000e+04
7.968500000000000000e+04
7.977800000000000000e+04
7.995000000000000000e+04
8.031200000000000000e+04
8.032200000000000000e+04
8.034700000000000000e+04
8.039900000000000000e+04
8.052900000000000000e+04
8.062000000000000000e+04
8.069100000000000000e+04
8.076400000000000000e+04
8.082700000000000000e+04
8.082800000000000000e+04
8.109100000000000000e+04
8.113200000000000000e+04
8.113800000000000000e+04
8.119700000000000000e+04
8.133600000000000000e+04
8.156300000000000000e+04
8.163800000000000000e+04
8.164900000000000000e+04
8.180900000000000000e+04
8.181700000000000000e+04
8.193800000000000000e+04
8.195200000000000000e+04
8.201700000000000000e+04
8.206200000000000000e+04
8.211700000000000000e+04
8.214600000000000000e+04
8.216000000000000000e+04
8.223200000000000000e+04
8.223700000000000000e+04
8.227000000000000000e+04
8.229900000000000000e+04
8.231900000000000000e+04
8.238900000000000000e+04
8.259900000000000000e+04
8.269700000000000000e+04
8.286000000000000000e+04
8.286200000000000000e+04
8.297600000000000000e+04
8.303400000000000000e+04
8.303700000000000000e+04
8.304300000000000000e+04
8.313600000000000000e+04
8.315100000000000000e+04
8.320500000000000000e+04
8.321900000000000000e+04
8.344300000000000000e+04
8.361000000000000000e+04
8.362000000000000000e+04
8.364800000000000000e+04
8.373300000000000000e+04
8.399100000000000000e+04
8.413200000000000000e+04
8.413600000000000000e+04
8.416700000000000000e+04
8.443900000000000000e+04
8.444900000000000000e+04
8.454200000000000000e+04
8.455800000000000000e+04
8.476700000000000000e+04
8.477000000000000000e+04
8.483700000000000000e+04
8.485600000000000000e+04
8.487800000000000000e+04
8.489500000000000000e+04
8.504400000000000000e+04
8.518800000000000000e+04
8.520600000000000000e+04
8.543100000000000000e+04
8.552700000000000000e+04
8.555200000000000000e+04
8.560500000000000000e+04
8.560900000000000000e+04
8.567300000000000000e+04
8.567600000000000000e+04
8.570900000000000000e+04
8.573300000000000000e+04
8.581900000000000000e+04
8.630400000000000000e+04
8.640700000000000000e+04
8.641600000000000000e+04
8.653500000000000000e+04
8.663200000000000000e+04
8.679300000000000000e+04
8.679400000000000000e+04
8.690000000000000000e+04
8.714000000000000000e+04
8.730100000000000000e+04
8.736400000000000000e+04
8.740400000000000000e+04
8.748100000000000000e+04
8.750200000000000000e+04
8.750600000000000000e+04
8.759100000000000000e+04
8.775200000000000000e+04
8.797100000000000000e+04
8.802500000000000000e+04
8.838700000000000000e+04
8.839200000000000000e+04
8.842500000000000000e+04
8.844800000000000000e+04
8.849400000000000000e+04
8.859500000000000000e+04
8.885500000000000000e+04
8.899300000000000000e+04
8.899500000000000000e+04
