1.200000000000000000e+01
1.300000000000000000e+01
1.351000000000000000e+03
2.446000000000000000e+03
2.484000000000000000e+03
3.199000000000000000e+03
3.514000000000000000e+03
3.657000000000000000e+03
3.749000000000000000e+03
3.965000000000000000e+03
4.172000000000000000e+03
4.392000000000000000e+03
4.474000000000000000e+03
4.483000000000000000e+03
5.224000000000000000e+03
5.299000000000000000e+03
6.023000000000000000e+03
6.196000000000000000e+03
6.197000000000000000e+03
6.422000000000000000e+03
6.696000000000000000e+03
6.795000000000000000e+03
6.910000000000000000e+03
6.926000000000000000e+03
7.249000000000000000e+03
7.418000000000000000e+03
7.419000000000000000e+03
7.518000000000000000e+03
7.519000000000000000e+03
7.962000000000000000e+03
7.963000000000000000e+03
8.076000000000000000e+03
8.077000000000000000e+03
8.182000000000000000e+03
8.183000000000000000e+03
8.515000000000000000e+03
8.547000000000000000e+03
8.838000000000000000e+03
8.839000000000000000e+03
8.904000000000000000e+03
8.905000000000000000e+03
1.010700000000000000e+04
1.012100000000000000e+04
1.032300000000000000e+04
1.032400000000000000e+04
1.035000000000000000e+04
1.035100000000000000e+04
1.042200000000000000e+04
1.074400000000000000e+04
1.098700000000000000e+04
1.190000000000000000e+04
1.267600000000000000e+04
1.267700000000000000e+04
1.277300000000000000e+04
1.277400000000000000e+04
1.315000000000000000e+04
1.315100000000000000e+04
1.390400000000000000e+04
1.390500000000000000e+04
1.391900000000000000e+04
1.392000000000000000e+04
1.416400000000000000e+04
1.431700000000000000e+04
1.437900000000000000e+04
1.438000000000000000e+04
1.441200000000000000e+04
1.452900000000000000e+04
1.453000000000000000e+04
1.536600000000000000e+04
1.557200000000000000e+04
1.568600000000000000e+04
1.568700000000000000e+04
1.569000000000000000e+04
1.594300000000000000e+04
1.606900000000000000e+04
1.634000000000000000e+04
1.648400000000000000e+04
1.679800000000000000e+04
1.685600000000000000e+04
1.685700000000000000e+04
1.692000000000000000e+04
1.701100000000000000e+04
1.716700000000000000e+04
1.716800000000000000e+04
1.727300000000000000e+04
1.736500000000000000e+04
1.821900000000000000e+04
1.822100000000000000e+04
1.839400000000000000e+04
1.882500000000000000e+04
1.888100000000000000e+04
1.892200000000000000e+04
1.917400000000000000e+04
1.949900000000000000e+04
1.974500000000000000e+04
1.984700000000000000e+04
1.984800000000000000e+04
2.015200000000000000e+04
2.026200000000000000e+04
2.026300000000000000e+04
2.043000000000000000e+04
2.043100000000000000e+04
2.083600000000000000e+04
2.089300000000000000e+04
2.092700000000000000e+04
2.138700000000000000e+04
2.143500000000000000e+04
2.176100000000000000e+04
2.270000000000000000e+04
2.345500000000000000e+04
2.405800000000000000e+04
2.405900000000000000e+04
2.436500000000000000e+04
2.443300000000000000e+04
2.459400000000000000e+04
2.463800000000000000e+04
2.495000000000000000e+04
2.536100000000000000e+04
2.536200000000000000e+04
2.568100000000000000e+04
2.586500000000000000e+04
2.586600000000000000e+04
2.593700000000000000e+04
2.653500000000000000e+04
2.661900000000000000e+04
2.682800000000000000e+04
2.688600000000000000e+04
2.706300000000000000e+04
2.736300000000000000e+04
2.765600000000000000e+04
2.772300000000000000e+04
2.772400000000000000e+04
2.776900000000000000e+04
2.835500000000000000e+04
2.870000000000000000e+04
2.888300000000000000e+04
2.918700000000000000e+04
2.928900000000000000e+04
2.956500000000000000e+04
2.966800000000000000e+04
2.998000000000000000e+04
3.092700000000000000e+04
3.115300000000000000e+04
3.116600000000000000e+04
3.150500000000000000e+04
3.185600000000000000e+04
3.185700000000000000e+04
3.190700000000000000e+04
3.248200000000000000e+04
3.262300000000000000e+04
3.299000000000000000e+04
3.341700000000000000e+04
3.346500000000000000e+04
3.346600000000000000e+04
3.377900000000000000e+04
3.397600000000000000e+04
3.435000000000000000e+04
3.526100000000000000e+04
3.559900000000000000e+04
3.563600000000000000e+04
3.605900000000000000e+04
3.609900000000000000e+04
3.630100000000000000e+04
3.668000000000000000e+04
3.668100000000000000e+04
3.670600000000000000e+04
3.673300000000000000e+04
3.680300000000000000e+04
3.682400000000000000e+04
3.693700000000000000e+04
3.753500000000000000e+04
3.773000000000000000e+04
3.788800000000000000e+04
3.804700000000000000e+04
3.823400000000000000e+04
3.828500000000000000e+04
3.828800000000000000e+04
3.849700000000000000e+04
3.883700000000000000e+04
3.915500000000000000e+04
3.922900000000000000e+04
3.936600000000000000e+04
3.947500000000000000e+04
3.995300000000000000e+04
3.995400000000000000e+04
4.029200000000000000e+04
4.053100000000000000e+04
4.058300000000000000e+04
4.066300000000000000e+04
4.091100000000000000e+04
4.140300000000000000e+04
4.173800000000000000e+04
4.216200000000000000e+04
4.220100000000000000e+04
4.270200000000000000e+04
4.270300000000000000e+04
4.279100000000000000e+04
4.289000000000000000e+04
4.305600000000000000e+04
4.326400000000000000e+04
4.341600000000000000e+04
4.367900000000000000e+04
4.497900000000000000e+04
4.498000000000000000e+04
4.516500000000000000e+04
4.586700000000000000e+04
4.589100000000000000e+04
4.621600000000000000e+04
4.625700000000000000e+04
4.644900000000000000e+04
4.645000000000000000e+04
4.658400000000000000e+04
4.662600000000000000e+04
4.740600000000000000e+04
4.771900000000000000e+04
4.788300000000000000e+04
4.796500000000000000e+04
4.803500000000000000e+04
4.863900000000000000e+04
4.950300000000000000e+04
4.950400000000000000e+04
4.974100000000000000e+04
5.005800000000000000e+04
5.019000000000000000e+04
5.032100000000000000e+04
5.037800000000000000e+04
5.039500000000000000e+04
5.066300000000000000e+04
5.072400000000000000e+04
5.073500000000000000e+04
5.107600000000000000e+04
5.120800000000000000e+04
5.174400000000000000e+04
5.275400000000000000e+04
5.277000000000000000e+04
5.291600000000000000e+04
5.297600000000000000e+04
5.331700000000000000e+04
5.355200000000000000e+04
5.370300000000000000e+04
5.400700000000000000e+04
5.405300000000000000e+04
5.416200000000000000e+04
5.439700000000000000e+04
5.486100000000000000e+04
5.526500000000000000e+04
5.529200000000000000e+04
5.553500000000000000e+04
5.581400000000000000e+04
5.583800000000000000e+04
5.591800000000000000e+04
5.653800000000000000e+04
5.719900000000000000e+04
5.720000000000000000e+04
5.746600000000000000e+04
5.770500000000000000e+04
5.805000000000000000e+04
5.823600000000000000e+04
5.909500000000000000e+04
5.909600000000000000e+04
5.920100000000000000e+04
5.952200000000000000e+04
6.044600000000000000e+04
6.100600000000000000e+04
6.121600000000000000e+04
6.158800000000000000e+04
6.159000000000000000e+04
6.159600000000000000e+04
6.174800000000000000e+04
6.201900000000000000e+04
6.210500000000000000e+04
6.211100000000000000e+04
6.227200000000000000e+04
6.252300000000000000e+04
6.263600000000000000e+04
6.270700000000000000e+04
6.291500000000000000e+04
6.305300000000000000e+04
6.307400000000000000e+04
6.309500000000000000e+04
6.357700000000000000e+04
6.360800000000000000e+04
6.381000000000000000e+04
6.394200000000000000e+04
6.396100000000000000e+04
6.399000000000000000e+04
6.427700000000000000e+04
6.428500000000000000e+04
6.428600000000000000e+04
6.497000000000000000e+04
6.511500000000000000e+04
6.541800000000000000e+04
6.591900000000000000e+04
6.646900000000000000e+04
6.674000000000000000e+04
6.690900000000000000e+04
6.754300000000000000e+04
6.754900000000000000e+04
6.779700000000000000e+04
6.822700000000000000e+04
6.855500000000000000e+04
6.868200000000000000e+04
6.887600000000000000e+04
6.890700000000000000e+04
6.894900000000000000e+04
6.947500000000000000e+04
6.949400000000000000e+04
6.963400000000000000e+04
7.011000000000000000e+04
7.023400000000000000e+04
7.062700000000000000e+04
7.093000000000000000e+04
7.117700000000000000e+04
7.182800000000000000e+04
7.224700000000000000e+04
7.244900000000000000e+04
7.253100000000000000e+04
7.261400000000000000e+04
7.268400000000000000e+04
7.271100000000000000e+04
7.289100000000000000e+04
7.299000000000000000e+04
7.345900000000000000e+04
7.372500000000000000e+04
7.376200000000000000e+04
7.379400000000000000e+04
7.416700000000000000e+04
7.450100000000000000e+04
7.464600000000000000e+04
7.493100000000000000e+04
7.499100000000000000e+04
7.500900000000000000e+04
7.527000000000000000e+04
7.530300000000000000e+04
7.558900000000000000e+04
7.600200000000000000e+04
7.606200000000000000e+04
7.632300000000000000e+04
7.645000000000000000e+04
7.700500000000000000e+04
7.765400000000000000e+04
7.772800000000000000e+04
7.781500000000000000e+04
7.810800000000000000e+04
7.817800000000000000e+04
7.828700000000000000e+04
7.844000000000000000e+04
7.858400000000000000e+04
7.870800000000000000e+04
7.972800000000000000e+04
8.008000000000000000e+04
8.016300000000000000e+04
8.019500000000000000e+04
8.022400000000000000e+04
8.050700000000000000e+04
8.070900000000000000e+04
8.078200000000000000e+04
8.117300000000000000e+04
8.119500000000000000e+04
8.152800000000000000e+04
8.159700000000000000e+04
8.186500000000000000e+04
8.199100000000000000e+04
8.236200000000000000e+04
8.261400000000000000e+04
8.271700000000000000e+04
8.380000000000000000e+04
8.422600000000000000e+04
8.432000000000000000e+04
8.437300000000000000e+04
8.450600000000000000e+04
8.464300000000000000e+04
8.467800000000000000e+04
8.472200000000000000e+04
8.492700000000000000e+04
8.503400000000000000e+04
8.531400000000000000e+04
8.553000000000000000e+04
8.568500000000000000e+04
8.607700000000000000e+04
8.622200000000000000e+04
8.660900000000000000e+04
8.668900000000000000e+04
8.676700000000000000e+04
8.685400000000000000e+04
8.690400000000000000e+04
8.720100000000000000e+04
8.721700000000000000e+04
8.722900000000000000e+04
8.764700000000000000e+04
8.771900000000000000e+04
8.804400000000000000e+04
8.820800000000000000e+04
8.824500000000000000e+04
8.872700000000000000e+04
8.885100000000000000e+04
8.886900000000000000e+04
8.898200000000000000e+04
8.904200000000000000e+04
