4.200000000000000000e+01
5.770000000000000000e+02
5.780000000000000000e+02
5.830000000000000000e+02
5.840000000000000000e+02
6.640000000000000000e+02
6.650000000000000000e+02
6.830000000000000000e+02
6.840000000000000000e+02
7.300000000000000000e+02
1.223000000000000000e+03
1.500000000000000000e+03
1.533000000000000000e+03
2.295000000000000000e+03
2.929000000000000000e+03
3.325000000000000000e+03
3.370000000000000000e+03
3.670000000000000000e+03
3.816000000000000000e+03
3.817000000000000000e+03
3.990000000000000000e+03
4.111000000000000000e+03
4.135000000000000000e+03
4.192000000000000000e+03
4.507000000000000000e+03
4.703000000000000000e+03
4.704000000000000000e+03
4.964000000000000000e+03
4.976000000000000000e+03
5.164000000000000000e+03
5.217000000000000000e+03
5.218000000000000000e+03
5.448000000000000000e+03
5.449000000000000000e+03
5.723000000000000000e+03
5.724000000000000000e+03
6.238000000000000000e+03
6.298000000000000000e+03
6.541000000000000000e+03
6.542000000000000000e+03
6.827000000000000000e+03
6.828000000000000000e+03
7.211000000000000000e+03
7.797000000000000000e+03
8.014000000000000000e+03
8.814000000000000000e+03
9.049000000000000000e+03
9.091000000000000000e+03
9.159000000000000000e+03
9.198000000000000000e+03
9.438000000000000000e+03
9.706000000000000000e+03
9.806000000000000000e+03
9.807000000000000000e+03
1.022600000000000000e+04
1.036500000000000000e+04
1.071600000000000000e+04
1.125800000000000000e+04
1.126500000000000000e+04
1.188300000000000000e+04
1.205200000000000000e+04
1.206600000000000000e+04
1.221600000000000000e+04
1.237700000000000000e+04
1.237800000000000000e+04
1.278800000000000000e+04
1.287600000000000000e+04
1.287700000000000000e+04
1.303800000000000000e+04
1.378100000000000000e+04
1.378200000000000000e+04
1.386300000000000000e+04
1.386400000000000000e+04
1.388400000000000000e+04
1.388500000000000000e+04
1.421100000000000000e+04
1.423700000000000000e+04
1.439300000000000000e+04
1.457400000000000000e+04
1.474700000000000000e+04
1.491000000000000000e+04
1.491100000000000000e+04
1.497800000000000000e+04
1.512100000000000000e+04
1.535700000000000000e+04
1.546900000000000000e+04
1.547000000000000000e+04
1.557100000000000000e+04
1.565900000000000000e+04
1.570100000000000000e+04
1.570200000000000000e+04
1.571200000000000000e+04
1.576100000000000000e+04
1.603500000000000000e+04
1.603600000000000000e+04
1.627800000000000000e+04
1.642800000000000000e+04
1.642900000000000000e+04
1.643300000000000000e+04
1.661900000000000000e+04
1.688200000000000000e+04
1.715600000000000000e+04
1.723400000000000000e+04
1.747900000000000000e+04
1.770800000000000000e+04
1.782300000000000000e+04
1.782400000000000000e+04
1.833900000000000000e+04
1.853000000000000000e+04
1.868500000000000000e+04
1.907100000000000000e+04
1.910000000000000000e+04
1.910800000000000000e+04
1.915800000000000000e+04
1.939900000000000000e+04
1.940000000000000000e+04
1.942400000000000000e+04
1.963000000000000000e+04
1.972200000000000000e+04
2.009000000000000000e+04
2.009600000000000000e+04
2.021100000000000000e+04
2.047900000000000000e+04
2.061800000000000000e+04
2.079800000000000000e+04
2.084000000000000000e+04
2.084100000000000000e+04
2.137200000000000000e+04
2.148600000000000000e+04
2.162400000000000000e+04
2.162500000000000000e+04
2.174700000000000000e+04
2.197000000000000000e+04
2.250400000000000000e+04
2.271300000000000000e+04
2.295600000000000000e+04
2.296000000000000000e+04
2.327200000000000000e+04
2.327300000000000000e+04
2.349500000000000000e+04
2.431300000000000000e+04
2.454600000000000000e+04
2.486800000000000000e+04
2.510000000000000000e+04
2.551500000000000000e+04
2.569200000000000000e+04
2.605700000000000000e+04
2.699300000000000000e+04
2.714900000000000000e+04
2.718600000000000000e+04
2.718700000000000000e+04
2.754800000000000000e+04
2.767400000000000000e+04
2.787900000000000000e+04
2.799400000000000000e+04
2.825400000000000000e+04
2.829600000000000000e+04
2.879900000000000000e+04
2.892100000000000000e+04
2.892200000000000000e+04
2.906300000000000000e+04
2.906400000000000000e+04
2.941800000000000000e+04
2.980200000000000000e+04
2.997900000000000000e+04
3.025700000000000000e+04
3.067500000000000000e+04
3.081000000000000000e+04
3.102400000000000000e+04
3.109300000000000000e+04
3.149700000000000000e+04
3.164400000000000000e+04
3.191600000000000000e+04
3.310800000000000000e+04
3.344100000000000000e+04
3.359900000000000000e+04
3.384800000000000000e+04
3.392300000000000000e+04
3.402700000000000000e+04
3.432100000000000000e+04
3.442700000000000000e+04
3.446400000000000000e+04
3.452500000000000000e+04
3.462200000000000000e+04
3.530700000000000000e+04
3.589300000000000000e+04
3.593200000000000000e+04
3.625600000000000000e+04
3.625700000000000000e+04
3.644500000000000000e+04
3.655900000000000000e+04
3.666300000000000000e+04
3.666400000000000000e+04
3.667300000000000000e+04
3.724300000000000000e+04
3.725500000000000000e+04
3.733000000000000000e+04
3.856600000000000000e+04
3.856800000000000000e+04
3.863800000000000000e+04
3.886200000000000000e+04
3.908500000000000000e+04
3.948200000000000000e+04
3.967500000000000000e+04
3.986600000000000000e+04
3.997200000000000000e+04
3.999700000000000000e+04
4.029400000000000000e+04
4.029500000000000000e+04
4.052600000000000000e+04
4.059800000000000000e+04
4.068800000000000000e+04
4.091200000000000000e+04
4.091300000000000000e+04
4.114600000000000000e+04
4.144400000000000000e+04
4.170500000000000000e+04
4.274800000000000000e+04
4.276300000000000000e+04
4.279200000000000000e+04
4.282600000000000000e+04
4.298000000000000000e+04
4.382400000000000000e+04
4.384600000000000000e+04
4.394100000000000000e+04
4.402500000000000000e+04
4.402600000000000000e+04
4.430900000000000000e+04
4.503100000000000000e+04
4.533400000000000000e+04
4.545200000000000000e+04
4.652400000000000000e+04
4.679200000000000000e+04
4.686000000000000000e+04
4.860500000000000000e+04
4.871500000000000000e+04
4.883100000000000000e+04
4.883200000000000000e+04
4.883300000000000000e+04
4.899800000000000000e+04
4.922300000000000000e+04
4.922700000000000000e+04
4.936100000000000000e+04
4.952600000000000000e+04
4.984200000000000000e+04
4.984300000000000000e+04
5.009600000000000000e+04
5.030900000000000000e+04
5.042100000000000000e+04
5.115400000000000000e+04
5.219200000000000000e+04
5.239400000000000000e+04
5.249500000000000000e+04
5.265700000000000000e+04
5.288200000000000000e+04
5.291300000000000000e+04
5.291400000000000000e+04
5.310800000000000000e+04
5.313500000000000000e+04
5.401100000000000000e+04
5.409400000000000000e+04
5.431100000000000000e+04
5.431500000000000000e+04
5.443100000000000000e+04
5.449700000000000000e+04
5.455400000000000000e+04
5.472000000000000000e+04
5.501300000000000000e+04
5.541300000000000000e+04
5.549100000000000000e+04
5.555300000000000000e+04
5.557100000000000000e+04
5.573700000000000000e+04
5.579400000000000000e+04
5.602000000000000000e+04
5.619700000000000000e+04
5.643500000000000000e+04
5.643600000000000000e+04
5.657300000000000000e+04
5.659000000000000000e+04
5.668400000000000000e+04
5.715100000000000000e+04
5.732600000000000000e+04
5.791100000000000000e+04
5.804700000000000000e+04
5.811100000000000000e+04
5.817400000000000000e+04
5.848000000000000000e+04
5.850000000000000000e+04
5.857300000000000000e+04
5.866800000000000000e+04
5.926300000000000000e+04
5.926400000000000000e+04
5.929500000000000000e+04
5.933900000000000000e+04
5.935100000000000000e+04
5.944400000000000000e+04
5.954600000000000000e+04
5.957400000000000000e+04
5.960400000000000000e+04
5.967500000000000000e+04
5.977800000000000000e+04
5.996200000000000000e+04
6.005100000000000000e+04
6.006800000000000000e+04
6.013900000000000000e+04
6.014600000000000000e+04
6.051800000000000000e+04
6.062100000000000000e+04
6.105200000000000000e+04
6.106800000000000000e+04
6.117700000000000000e+04
6.133100000000000000e+04
6.143300000000000000e+04
6.164800000000000000e+04
6.169100000000000000e+04
6.175600000000000000e+04
6.175700000000000000e+04
6.186100000000000000e+04
6.204500000000000000e+04
6.226100000000000000e+04
6.229300000000000000e+04
6.249400000000000000e+04
6.264600000000000000e+04
6.398200000000000000e+04
6.400700000000000000e+04
6.423600000000000000e+04
6.463500000000000000e+04
6.525700000000000000e+04
6.542900000000000000e+04
6.556000000000000000e+04
6.559000000000000000e+04
6.589900000000000000e+04
6.612800000000000000e+04
6.623400000000000000e+04
6.637200000000000000e+04
6.637400000000000000e+04
6.642000000000000000e+04
6.663300000000000000e+04
6.663400000000000000e+04
6.671500000000000000e+04
6.679600000000000000e+04
6.698300000000000000e+04
6.712400000000000000e+04
6.757600000000000000e+04
6.758600000000000000e+04
6.782400000000000000e+04
6.829900000000000000e+04
6.862700000000000000e+04
6.899600000000000000e+04
6.904200000000000000e+04
6.924800000000000000e+04
6.959700000000000000e+04
6.969500000000000000e+04
6.986200000000000000e+04
6.996300000000000000e+04
7.029500000000000000e+04
7.060400000000000000e+04
7.104000000000000000e+04
7.118600000000000000e+04
7.141300000000000000e+04
7.193700000000000000e+04
7.221800000000000000e+04
7.225900000000000000e+04
7.227200000000000000e+04
7.250000000000000000e+04
7.250200000000000000e+04
7.281700000000000000e+04
7.281800000000000000e+04
7.319900000000000000e+04
7.337300000000000000e+04
7.341900000000000000e+04
7.382500000000000000e+04
7.403600000000000000e+04
7.426900000000000000e+04
7.466600000000000000e+04
7.505600000000000000e+04
7.661900000000000000e+04
7.668600000000000000e+04
7.672300000000000000e+04
7.677800000000000000e+04
7.716000000000000000e+04
7.732500000000000000e+04
7.783400000000000000e+04
7.806000000000000000e+04
7.824900000000000000e+04
7.862100000000000000e+04
7.886300000000000000e+04
7.978500000000000000e+04
7.986800000000000000e+04
8.011700000000000000e+04
8.029200000000000000e+04
8.047300000000000000e+04
8.071000000000000000e+04
8.094600000000000000e+04
8.100500000000000000e+04
8.120200000000000000e+04
8.125900000000000000e+04
8.135200000000000000e+04
8.155600000000000000e+04
8.189600000000000000e+04
8.226900000000000000e+04
8.251100000000000000e+04
8.275800000000000000e+04
8.295900000000000000e+04
8.302500000000000000e+04
8.332900000000000000e+04
8.360000000000000000e+04
8.363100000000000000e+04
8.366700000000000000e+04
8.367400000000000000e+04
8.392000000000000000e+04
8.414300000000000000e+04
8.433800000000000000e+04
8.442400000000000000e+04
8.467900000000000000e+04
8.470000000000000000e+04
8.497900000000000000e+04
8.541500000000000000e+04
8.622900000000000000e+04
8.672000000000000000e+04
8.677800000000000000e+04
8.693200000000000000e+04
8.701100000000000000e+04
8.715300000000000000e+04
8.768100000000000000e+04
8.825800000000000000e+04
8.848300000000000000e+04
8.849300000000000000e+04
8.876200000000000000e+04
8.886800000000000000e+04
