3.000000000000000000e+01
3.100000000000000000e+01
1.260000000000000000e+02
3.150000000000000000e+02
3.450000000000000000e+02
4.480000000000000000e+02
4.640000000000000000e+02
5.170000000000000000e+02
5.180000000000000000e+02
5.410000000000000000e+02
5.420000000000000000e+02
5.510000000000000000e+02
5.850000000000000000e+02
5.860000000000000000e+02
6.030000000000000000e+02
6.040000000000000000e+02
6.070000000000000000e+02
6.080000000000000000e+02
6.130000000000000000e+02
6.140000000000000000e+02
9.580000000000000000e+02
9.590000000000000000e+02
1.101000000000000000e+03
1.108000000000000000e+03
1.109000000000000000e+03
1.168000000000000000e+03
1.218000000000000000e+03
1.252000000000000000e+03
1.253000000000000000e+03
1.254000000000000000e+03
1.319000000000000000e+03
1.389000000000000000e+03
1.408000000000000000e+03
1.504000000000000000e+03
1.505000000000000000e+03
1.561000000000000000e+03
1.562000000000000000e+03
1.659000000000000000e+03
1.672000000000000000e+03
1.673000000000000000e+03
1.717000000000000000e+03
1.811000000000000000e+03
1.812000000000000000e+03
1.953000000000000000e+03
2.128000000000000000e+03
2.144000000000000000e+03
2.209000000000000000e+03
2.254000000000000000e+03
2.312000000000000000e+03
2.385000000000000000e+03
2.425000000000000000e+03
2.483000000000000000e+03
2.655000000000000000e+03
2.656000000000000000e+03
2.849000000000000000e+03
2.897000000000000000e+03
2.898000000000000000e+03
2.946000000000000000e+03
2.947000000000000000e+03
2.979000000000000000e+03
2.991000000000000000e+03
3.002000000000000000e+03
3.003000000000000000e+03
3.011000000000000000e+03
3.100000000000000000e+03
3.101000000000000000e+03
3.127000000000000000e+03
3.128000000000000000e+03
3.129000000000000000e+03
3.130000000000000000e+03
3.215000000000000000e+03
3.216000000000000000e+03
3.226000000000000000e+03
3.237000000000000000e+03
3.238000000000000000e+03
3.316000000000000000e+03
3.330000000000000000e+03
3.368000000000000000e+03
3.369000000000000000e+03
3.407000000000000000e+03
3.423000000000000000e+03
3.462000000000000000e+03
3.463000000000000000e+03
3.478000000000000000e+03
3.479000000000000000e+03
3.520000000000000000e+03
3.566000000000000000e+03
3.567000000000000000e+03
3.661000000000000000e+03
3.674000000000000000e+03
3.675000000000000000e+03
3.707000000000000000e+03
3.729000000000000000e+03
3.734000000000000000e+03
3.736000000000000000e+03
3.779000000000000000e+03
3.887000000000000000e+03
3.888000000000000000e+03
3.924000000000000000e+03
3.925000000000000000e+03
3.952000000000000000e+03
3.953000000000000000e+03
3.993000000000000000e+03
3.999000000000000000e+03
4.102000000000000000e+03
4.121000000000000000e+03
4.134000000000000000e+03
4.266000000000000000e+03
4.270000000000000000e+03
4.295000000000000000e+03
4.296000000000000000e+03
4.332000000000000000e+03
4.360000000000000000e+03
4.371000000000000000e+03
4.397000000000000000e+03
4.540000000000000000e+03
4.587000000000000000e+03
4.596000000000000000e+03
4.632000000000000000e+03
4.633000000000000000e+03
4.642000000000000000e+03
4.650000000000000000e+03
4.651000000000000000e+03
4.712000000000000000e+03
4.793000000000000000e+03
4.889000000000000000e+03
4.890000000000000000e+03
4.958000000000000000e+03
4.959000000000000000e+03
5.083000000000000000e+03
5.084000000000000000e+03
5.085000000000000000e+03
5.089000000000000000e+03
5.092000000000000000e+03
5.116000000000000000e+03
5.135000000000000000e+03
5.193000000000000000e+03
5.194000000000000000e+03
5.202000000000000000e+03
5.408000000000000000e+03
5.458000000000000000e+03
5.459000000000000000e+03
5.694000000000000000e+03
5.769000000000000000e+03
5.770000000000000000e+03
5.846000000000000000e+03
5.971000000000000000e+03
5.987000000000000000e+03
5.988000000000000000e+03
6.016000000000000000e+03
6.040000000000000000e+03
6.041000000000000000e+03
6.056000000000000000e+03
6.061000000000000000e+03
6.104000000000000000e+03
6.124000000000000000e+03
6.133000000000000000e+03
6.138000000000000000e+03
6.147000000000000000e+03
6.225000000000000000e+03
6.263000000000000000e+03
6.414000000000000000e+03
6.426000000000000000e+03
6.437000000000000000e+03
6.457000000000000000e+03
6.460000000000000000e+03
6.461000000000000000e+03
6.484000000000000000e+03
6.489000000000000000e+03
6.490000000000000000e+03
6.686000000000000000e+03
6.824000000000000000e+03
6.906000000000000000e+03
6.914000000000000000e+03
6.938000000000000000e+03
6.981000000000000000e+03
7.018000000000000000e+03
7.019000000000000000e+03
7.197000000000000000e+03
7.218000000000000000e+03
7.221000000000000000e+03
7.232000000000000000e+03
7.274000000000000000e+03
7.497000000000000000e+03
7.499000000000000000e+03
7.521000000000000000e+03
7.573000000000000000e+03
7.826000000000000000e+03
7.827000000000000000e+03
7.832000000000000000e+03
7.847000000000000000e+03
7.867000000000000000e+03
7.934000000000000000e+03
7.935000000000000000e+03
7.973000000000000000e+03
7.974000000000000000e+03
8.024000000000000000e+03
8.211000000000000000e+03
8.254000000000000000e+03
8.265000000000000000e+03
8.266000000000000000e+03
8.280000000000000000e+03
8.289000000000000000e+03
8.290000000000000000e+03
8.332000000000000000e+03
8.374000000000000000e+03
8.386000000000000000e+03
8.406000000000000000e+03
8.485000000000000000e+03
8.513000000000000000e+03
8.559000000000000000e+03
8.560000000000000000e+03
8.615000000000000000e+03
8.663000000000000000e+03
8.671000000000000000e+03
8.672000000000000000e+03
8.719000000000000000e+03
8.720000000000000000e+03
8.729000000000000000e+03
8.741000000000000000e+03
8.745000000000000000e+03
8.746000000000000000e+03
8.752000000000000000e+03
8.777000000000000000e+03
8.782000000000000000e+03
8.802000000000000000e+03
8.855000000000000000e+03
9.016000000000000000e+03
9.167000000000000000e+03
9.289000000000000000e+03
9.320000000000000000e+03
9.470000000000000000e+03
9.490000000000000000e+03
9.491000000000000000e+03
9.604000000000000000e+03
9.743000000000000000e+03
9.805000000000000000e+03
9.811000000000000000e+03
9.819000000000000000e+03
9.829000000000000000e+03
9.993000000000000000e+03
1.008000000000000000e+04
1.011000000000000000e+04
1.024500000000000000e+04
1.035600000000000000e+04
1.049000000000000000e+04
1.053100000000000000e+04
1.061500000000000000e+04
1.062600000000000000e+04
1.064800000000000000e+04
1.074600000000000000e+04
1.078000000000000000e+04
1.078700000000000000e+04
1.079900000000000000e+04
1.085700000000000000e+04
1.087400000000000000e+04
1.087700000000000000e+04
1.092400000000000000e+04
1.101200000000000000e+04
1.112600000000000000e+04
1.114600000000000000e+04
1.116500000000000000e+04
1.125700000000000000e+04
1.135800000000000000e+04
1.136000000000000000e+04
1.138200000000000000e+04
1.147300000000000000e+04
1.155300000000000000e+04
1.158000000000000000e+04
1.160100000000000000e+04
1.160200000000000000e+04
1.167000000000000000e+04
1.167600000000000000e+04
1.174200000000000000e+04
1.176500000000000000e+04
1.181800000000000000e+04
1.187600000000000000e+04
1.193500000000000000e+04
1.194600000000000000e+04
1.199800000000000000e+04
1.203400000000000000e+04
1.206100000000000000e+04
1.206200000000000000e+04
1.209100000000000000e+04
1.211900000000000000e+04
1.220500000000000000e+04
1.227500000000000000e+04
1.232500000000000000e+04
1.233700000000000000e+04
1.239600000000000000e+04
1.241300000000000000e+04
1.243100000000000000e+04
1.245700000000000000e+04
1.248700000000000000e+04
1.250500000000000000e+04
1.259000000000000000e+04
1.259100000000000000e+04
1.264400000000000000e+04
1.266600000000000000e+04
1.267000000000000000e+04
1.271500000000000000e+04
1.273500000000000000e+04
1.274100000000000000e+04
1.287200000000000000e+04
1.298900000000000000e+04
1.302000000000000000e+04
1.302700000000000000e+04
1.304700000000000000e+04
1.306500000000000000e+04
1.310200000000000000e+04
1.317400000000000000e+04
1.324100000000000000e+04
1.329700000000000000e+04
1.338400000000000000e+04
1.341900000000000000e+04
1.342800000000000000e+04
1.342900000000000000e+04
1.358000000000000000e+04
1.366900000000000000e+04
1.372800000000000000e+04
1.373400000000000000e+04
1.374100000000000000e+04
1.375100000000000000e+04
1.388300000000000000e+04
1.390000000000000000e+04
1.392600000000000000e+04
1.395600000000000000e+04
1.404900000000000000e+04
1.418200000000000000e+04
1.423400000000000000e+04
1.431500000000000000e+04
1.435300000000000000e+04
1.441100000000000000e+04
1.441600000000000000e+04
1.444100000000000000e+04
1.445700000000000000e+04
1.457200000000000000e+04
1.460800000000000000e+04
1.460900000000000000e+04
1.461500000000000000e+04
1.465300000000000000e+04
1.468800000000000000e+04
1.472100000000000000e+04
1.472700000000000000e+04
1.475900000000000000e+04
1.477500000000000000e+04
1.483800000000000000e+04
1.484500000000000000e+04
1.485700000000000000e+04
1.486100000000000000e+04
1.506700000000000000e+04
1.510000000000000000e+04
1.512200000000000000e+04
1.513900000000000000e+04
1.518100000000000000e+04
1.523800000000000000e+04
1.525400000000000000e+04
1.532600000000000000e+04
1.532700000000000000e+04
1.535300000000000000e+04
1.538100000000000000e+04
1.539300000000000000e+04
1.539400000000000000e+04
1.539900000000000000e+04
1.555900000000000000e+04
1.556600000000000000e+04
1.557600000000000000e+04
1.559400000000000000e+04
1.563600000000000000e+04
1.565000000000000000e+04
1.569600000000000000e+04
1.574900000000000000e+04
1.578600000000000000e+04
1.578700000000000000e+04
1.583700000000000000e+04
1.587100000000000000e+04
1.589300000000000000e+04
1.592000000000000000e+04
1.592300000000000000e+04
1.599400000000000000e+04
1.601800000000000000e+04
1.603200000000000000e+04
1.603400000000000000e+04
1.606700000000000000e+04
1.606800000000000000e+04
1.607100000000000000e+04
1.607700000000000000e+04
1.613400000000000000e+04
1.620700000000000000e+04
1.626000000000000000e+04
1.626300000000000000e+04
1.632600000000000000e+04
1.634400000000000000e+04
1.643000000000000000e+04
1.648700000000000000e+04
1.650300000000000000e+04
1.651000000000000000e+04
1.671100000000000000e+04
1.673400000000000000e+04
1.684800000000000000e+04
1.689700000000000000e+04
1.694000000000000000e+04
1.701200000000000000e+04
1.701600000000000000e+04
1.703900000000000000e+04
1.705900000000000000e+04
1.708200000000000000e+04
1.708400000000000000e+04
1.713000000000000000e+04
1.717200000000000000e+04
1.719100000000000000e+04
1.724100000000000000e+04
1.728100000000000000e+04
1.728800000000000000e+04
1.730800000000000000e+04
1.731900000000000000e+04
1.736000000000000000e+04
1.739800000000000000e+04
1.752900000000000000e+04
1.756000000000000000e+04
1.763800000000000000e+04
1.770900000000000000e+04
1.782900000000000000e+04
1.783200000000000000e+04
1.787000000000000000e+04
1.788400000000000000e+04
1.789600000000000000e+04
1.794200000000000000e+04
1.794300000000000000e+04
1.797900000000000000e+04
1.801900000000000000e+04
1.806600000000000000e+04
1.817300000000000000e+04
1.817900000000000000e+04
1.827700000000000000e+04
1.832400000000000000e+04
1.834300000000000000e+04
1.835800000000000000e+04
1.836600000000000000e+04
1.840000000000000000e+04
1.840200000000000000e+04
1.856700000000000000e+04
1.856800000000000000e+04
1.860600000000000000e+04
1.873200000000000000e+04
1.877300000000000000e+04
1.879700000000000000e+04
1.880400000000000000e+04
1.880600000000000000e+04
1.886700000000000000e+04
1.898300000000000000e+04
1.898700000000000000e+04
1.900700000000000000e+04
1.906400000000000000e+04
1.914400000000000000e+04
1.916500000000000000e+04
1.924200000000000000e+04
1.925000000000000000e+04
1.925200000000000000e+04
1.926500000000000000e+04
1.943600000000000000e+04
1.943800000000000000e+04
1.955500000000000000e+04
1.956900000000000000e+04
1.970900000000000000e+04
1.974300000000000000e+04
1.976200000000000000e+04
1.978300000000000000e+04
1.979800000000000000e+04
1.988900000000000000e+04
1.990500000000000000e+04
1.994700000000000000e+04
1.995500000000000000e+04
1.995800000000000000e+04
2.001200000000000000e+04
2.007000000000000000e+04
2.019800000000000000e+04
2.021000000000000000e+04
2.024400000000000000e+04
2.026100000000000000e+04
2.036700000000000000e+04
2.037800000000000000e+04
2.038500000000000000e+04
2.038600000000000000e+04
2.039600000000000000e+04
2.044800000000000000e+04
2.046400000000000000e+04
2.048000000000000000e+04
2.052500000000000000e+04
2.062600000000000000e+04
2.082800000000000000e+04
2.086900000000000000e+04
2.089900000000000000e+04
2.092200000000000000e+04
2.093200000000000000e+04
2.093600000000000000e+04
2.105600000000000000e+04
2.105900000000000000e+04
2.106800000000000000e+04
2.110300000000000000e+04
2.124600000000000000e+04
2.127800000000000000e+04
2.132200000000000000e+04
2.139100000000000000e+04
2.144700000000000000e+04
2.153000000000000000e+04
2.153900000000000000e+04
2.154900000000000000e+04
2.160100000000000000e+04
2.165100000000000000e+04
2.177300000000000000e+04
2.177800000000000000e+04
2.183600000000000000e+04
2.189100000000000000e+04
2.205000000000000000e+04
2.208200000000000000e+04
2.217400000000000000e+04
2.220000000000000000e+04
2.220500000000000000e+04
2.223400000000000000e+04
2.232800000000000000e+04
2.233900000000000000e+04
2.240300000000000000e+04
2.240400000000000000e+04
2.243100000000000000e+04
2.246000000000000000e+04
2.247000000000000000e+04
2.247600000000000000e+04
2.249200000000000000e+04
2.261100000000000000e+04
2.261600000000000000e+04
2.267300000000000000e+04
2.268300000000000000e+04
2.269900000000000000e+04
2.271800000000000000e+04
2.272000000000000000e+04
2.275500000000000000e+04
2.277300000000000000e+04
2.278200000000000000e+04
2.279500000000000000e+04
2.285900000000000000e+04
2.289200000000000000e+04
2.291600000000000000e+04
2.294500000000000000e+04
2.295800000000000000e+04
2.304000000000000000e+04
2.306000000000000000e+04
2.306300000000000000e+04
2.306900000000000000e+04
2.325000000000000000e+04
2.334100000000000000e+04
2.334200000000000000e+04
2.334600000000000000e+04
2.335700000000000000e+04
2.336200000000000000e+04
2.344300000000000000e+04
2.345800000000000000e+04
2.345900000000000000e+04
2.347400000000000000e+04
2.353100000000000000e+04
2.357900000000000000e+04
2.359300000000000000e+04
2.363300000000000000e+04
2.372900000000000000e+04
2.378000000000000000e+04
2.380200000000000000e+04
2.387400000000000000e+04
2.387700000000000000e+04
2.390200000000000000e+04
2.390600000000000000e+04
2.391500000000000000e+04
2.393900000000000000e+04
2.396800000000000000e+04
2.399000000000000000e+04
2.404700000000000000e+04
2.408600000000000000e+04
2.419900000000000000e+04
2.420000000000000000e+04
2.420800000000000000e+04
2.421100000000000000e+04
2.430900000000000000e+04
2.441000000000000000e+04
2.446500000000000000e+04
2.456000000000000000e+04
2.467700000000000000e+04
2.469600000000000000e+04
2.481000000000000000e+04
2.483100000000000000e+04
2.484400000000000000e+04
2.493500000000000000e+04
2.494900000000000000e+04
2.495500000000000000e+04
2.495700000000000000e+04
2.496500000000000000e+04
2.500100000000000000e+04
2.507600000000000000e+04
2.508100000000000000e+04
2.514400000000000000e+04
2.516500000000000000e+04
2.518700000000000000e+04
2.519300000000000000e+04
2.524700000000000000e+04
2.524900000000000000e+04
2.540100000000000000e+04
2.541500000000000000e+04
2.543700000000000000e+04
2.552000000000000000e+04
2.555000000000000000e+04
2.557100000000000000e+04
2.559300000000000000e+04
2.560100000000000000e+04
2.567400000000000000e+04
2.568500000000000000e+04
2.571100000000000000e+04
2.573600000000000000e+04
2.574900000000000000e+04
2.576100000000000000e+04
2.578700000000000000e+04
2.582500000000000000e+04
2.583200000000000000e+04
2.584200000000000000e+04
2.590400000000000000e+04
2.596300000000000000e+04
2.596800000000000000e+04
2.602600000000000000e+04
2.609900000000000000e+04
2.614100000000000000e+04
2.620600000000000000e+04
2.627200000000000000e+04
2.633300000000000000e+04
2.634100000000000000e+04
2.634700000000000000e+04
2.642500000000000000e+04
2.644600000000000000e+04
2.644800000000000000e+04
2.652600000000000000e+04
2.663300000000000000e+04
2.664000000000000000e+04
2.666400000000000000e+04
2.669000000000000000e+04
2.669600000000000000e+04
2.672900000000000000e+04
2.683600000000000000e+04
2.693400000000000000e+04
2.695400000000000000e+04
2.700400000000000000e+04
2.701000000000000000e+04
2.701800000000000000e+04
2.707600000000000000e+04
2.709500000000000000e+04
2.721800000000000000e+04
2.724300000000000000e+04
2.726900000000000000e+04
2.731600000000000000e+04
2.733900000000000000e+04
2.737100000000000000e+04
2.737200000000000000e+04
2.739900000000000000e+04
2.740900000000000000e+04
2.752800000000000000e+04
2.758800000000000000e+04
2.758900000000000000e+04
2.763700000000000000e+04
2.768800000000000000e+04
2.777500000000000000e+04
2.779200000000000000e+04
2.803200000000000000e+04
2.815600000000000000e+04
2.820200000000000000e+04
2.822300000000000000e+04
2.825800000000000000e+04
2.826700000000000000e+04
2.833100000000000000e+04
2.833700000000000000e+04
2.836100000000000000e+04
2.838300000000000000e+04
2.841700000000000000e+04
2.842300000000000000e+04
2.850700000000000000e+04
2.854900000000000000e+04
2.855200000000000000e+04
2.862400000000000000e+04
2.864600000000000000e+04
2.867700000000000000e+04
2.873400000000000000e+04
2.875900000000000000e+04
2.876100000000000000e+04
2.881700000000000000e+04
2.882000000000000000e+04
2.885700000000000000e+04
2.886600000000000000e+04
2.889200000000000000e+04
2.892800000000000000e+04
2.899300000000000000e+04
2.909800000000000000e+04
2.914200000000000000e+04
2.916800000000000000e+04
2.922500000000000000e+04
2.930300000000000000e+04
2.931000000000000000e+04
2.933300000000000000e+04
2.933500000000000000e+04
2.934200000000000000e+04
2.943200000000000000e+04
2.946100000000000000e+04
2.950400000000000000e+04
2.951200000000000000e+04
2.953800000000000000e+04
2.954400000000000000e+04
2.967400000000000000e+04
2.969700000000000000e+04
2.972900000000000000e+04
2.979800000000000000e+04
2.994400000000000000e+04
3.006200000000000000e+04
3.008600000000000000e+04
3.009000000000000000e+04
3.012700000000000000e+04
3.019600000000000000e+04
3.024000000000000000e+04
3.025000000000000000e+04
3.033600000000000000e+04
3.034200000000000000e+04
3.034400000000000000e+04
3.034900000000000000e+04
3.038600000000000000e+04
3.039600000000000000e+04
3.042600000000000000e+04
3.043800000000000000e+04
3.045500000000000000e+04
3.055800000000000000e+04
3.056600000000000000e+04
3.066200000000000000e+04
3.070100000000000000e+04
3.070200000000000000e+04
3.072700000000000000e+04
3.074700000000000000e+04
3.075900000000000000e+04
3.077200000000000000e+04
3.086700000000000000e+04
3.091600000000000000e+04
3.092200000000000000e+04
3.096300000000000000e+04
3.097600000000000000e+04
3.100700000000000000e+04
3.103200000000000000e+04
3.111500000000000000e+04
3.113000000000000000e+04
3.115100000000000000e+04
3.115500000000000000e+04
3.119300000000000000e+04
3.122100000000000000e+04
3.125700000000000000e+04
3.136600000000000000e+04
3.140500000000000000e+04
3.146400000000000000e+04
3.149200000000000000e+04
3.151600000000000000e+04
3.159000000000000000e+04
3.160000000000000000e+04
3.161600000000000000e+04
3.164800000000000000e+04
3.172800000000000000e+04
3.174300000000000000e+04
3.185200000000000000e+04
3.185400000000000000e+04
3.189100000000000000e+04
3.197000000000000000e+04
3.203500000000000000e+04
3.206500000000000000e+04
3.207200000000000000e+04
3.213900000000000000e+04
3.214200000000000000e+04
3.216800000000000000e+04
3.217200000000000000e+04
3.220700000000000000e+04
3.220900000000000000e+04
3.224400000000000000e+04
3.224500000000000000e+04
3.224900000000000000e+04
3.234600000000000000e+04
3.238800000000000000e+04
3.243500000000000000e+04
3.245500000000000000e+04
3.246400000000000000e+04
3.248500000000000000e+04
3.251600000000000000e+04
3.254600000000000000e+04
3.263100000000000000e+04
3.266500000000000000e+04
3.271000000000000000e+04
3.276200000000000000e+04
3.288200000000000000e+04
3.293000000000000000e+04
3.295400000000000000e+04
3.296200000000000000e+04
3.296500000000000000e+04
3.299600000000000000e+04
3.300600000000000000e+04
3.302300000000000000e+04
3.302800000000000000e+04
3.306900000000000000e+04
3.307600000000000000e+04
3.309500000000000000e+04
3.312500000000000000e+04
3.315300000000000000e+04
3.320500000000000000e+04
3.322800000000000000e+04
3.325900000000000000e+04
3.327500000000000000e+04
3.336500000000000000e+04
3.341300000000000000e+04
3.342400000000000000e+04
3.350000000000000000e+04
3.350200000000000000e+04
3.358500000000000000e+04
3.361000000000000000e+04
3.365400000000000000e+04
3.367400000000000000e+04
3.370400000000000000e+04
3.376400000000000000e+04
3.381600000000000000e+04
3.385300000000000000e+04
3.390500000000000000e+04
3.396700000000000000e+04
3.397900000000000000e+04
3.398100000000000000e+04
3.403500000000000000e+04
3.406500000000000000e+04
3.408800000000000000e+04
3.410400000000000000e+04
3.419200000000000000e+04
3.419700000000000000e+04
3.430400000000000000e+04
3.436200000000000000e+04
3.438600000000000000e+04
3.445300000000000000e+04
3.445400000000000000e+04
3.449700000000000000e+04
3.456000000000000000e+04
3.456100000000000000e+04
3.457100000000000000e+04
3.461800000000000000e+04
3.464000000000000000e+04
3.464900000000000000e+04
3.465500000000000000e+04
3.470500000000000000e+04
3.472200000000000000e+04
3.477600000000000000e+04
3.485300000000000000e+04
3.487600000000000000e+04
3.490200000000000000e+04
3.491000000000000000e+04
3.494600000000000000e+04
3.498100000000000000e+04
3.504600000000000000e+04
3.505800000000000000e+04
3.506200000000000000e+04
3.508100000000000000e+04
3.510500000000000000e+04
3.512000000000000000e+04
3.514900000000000000e+04
3.515200000000000000e+04
3.526200000000000000e+04
3.537800000000000000e+04
3.539400000000000000e+04
3.553300000000000000e+04
3.556000000000000000e+04
3.557100000000000000e+04
3.558400000000000000e+04
3.559100000000000000e+04
3.561400000000000000e+04
3.564200000000000000e+04
3.568400000000000000e+04
3.569600000000000000e+04
3.570200000000000000e+04
3.573900000000000000e+04
3.591100000000000000e+04
3.594300000000000000e+04
3.597100000000000000e+04
3.603800000000000000e+04
3.607600000000000000e+04
3.609300000000000000e+04
3.609600000000000000e+04
3.614600000000000000e+04
3.621000000000000000e+04
3.630200000000000000e+04
3.632700000000000000e+04
3.634200000000000000e+04
3.640100000000000000e+04
3.641200000000000000e+04
3.652700000000000000e+04
3.661600000000000000e+04
3.663700000000000000e+04
3.667400000000000000e+04
3.668700000000000000e+04
3.671900000000000000e+04
3.676400000000000000e+04
3.677600000000000000e+04
3.678800000000000000e+04
3.698000000000000000e+04
3.700000000000000000e+04
3.700500000000000000e+04
3.701400000000000000e+04
3.702100000000000000e+04
3.708400000000000000e+04
3.712600000000000000e+04
3.713100000000000000e+04
3.713200000000000000e+04
3.715900000000000000e+04
3.724500000000000000e+04
3.725000000000000000e+04
3.726100000000000000e+04
3.728700000000000000e+04
3.733300000000000000e+04
3.736000000000000000e+04
3.736400000000000000e+04
3.743400000000000000e+04
3.744200000000000000e+04
3.748800000000000000e+04
3.753800000000000000e+04
3.754400000000000000e+04
3.755300000000000000e+04
3.757700000000000000e+04
3.762300000000000000e+04
3.769700000000000000e+04
3.775900000000000000e+04
3.781600000000000000e+04
3.785600000000000000e+04
3.787300000000000000e+04
3.787500000000000000e+04
3.791800000000000000e+04
3.795300000000000000e+04
3.797900000000000000e+04
3.801900000000000000e+04
3.814800000000000000e+04
3.817100000000000000e+04
3.820400000000000000e+04
3.825500000000000000e+04
3.826700000000000000e+04
3.833400000000000000e+04
3.833800000000000000e+04
3.834100000000000000e+04
3.837900000000000000e+04
3.841800000000000000e+04
3.842700000000000000e+04
3.863300000000000000e+04
3.870400000000000000e+04
3.880200000000000000e+04
3.882300000000000000e+04
3.884000000000000000e+04
3.891000000000000000e+04
3.896400000000000000e+04
3.896800000000000000e+04
3.897200000000000000e+04
3.900400000000000000e+04
3.901200000000000000e+04
3.901500000000000000e+04
3.906200000000000000e+04
3.908800000000000000e+04
3.914900000000000000e+04
3.921500000000000000e+04
3.925600000000000000e+04
3.926900000000000000e+04
3.929000000000000000e+04
3.930300000000000000e+04
3.940200000000000000e+04
3.941400000000000000e+04
3.946000000000000000e+04
3.946100000000000000e+04
3.947400000000000000e+04
3.950500000000000000e+04
3.951200000000000000e+04
3.959300000000000000e+04
3.962000000000000000e+04
3.964900000000000000e+04
3.967000000000000000e+04
3.979600000000000000e+04
3.980600000000000000e+04
3.988400000000000000e+04
3.991000000000000000e+04
3.993100000000000000e+04
3.997500000000000000e+04
3.998000000000000000e+04
4.006100000000000000e+04
4.012000000000000000e+04
4.015500000000000000e+04
4.024100000000000000e+04
4.036500000000000000e+04
4.059200000000000000e+04
4.060600000000000000e+04
4.062000000000000000e+04
4.062200000000000000e+04
4.064600000000000000e+04
4.064700000000000000e+04
4.064800000000000000e+04
4.065800000000000000e+04
4.069100000000000000e+04
4.069400000000000000e+04
4.080200000000000000e+04
4.083000000000000000e+04
4.085200000000000000e+04
4.085300000000000000e+04
4.088400000000000000e+04
4.091000000000000000e+04
4.098500000000000000e+04
4.104200000000000000e+04
4.117100000000000000e+04
4.122100000000000000e+04
4.124600000000000000e+04
4.124900000000000000e+04
4.134300000000000000e+04
4.135600000000000000e+04
4.141400000000000000e+04
4.144800000000000000e+04
4.151800000000000000e+04
4.152500000000000000e+04
4.155900000000000000e+04
4.161700000000000000e+04
4.164200000000000000e+04
4.168600000000000000e+04
4.172000000000000000e+04
4.174300000000000000e+04
4.178900000000000000e+04
4.179300000000000000e+04
4.180600000000000000e+04
4.187400000000000000e+04
4.190500000000000000e+04
4.196100000000000000e+04
4.198000000000000000e+04
4.201000000000000000e+04
4.203000000000000000e+04
4.211200000000000000e+04
4.213400000000000000e+04
4.218200000000000000e+04
4.220200000000000000e+04
4.221000000000000000e+04
4.223700000000000000e+04
4.232500000000000000e+04
4.234400000000000000e+04
4.239000000000000000e+04
4.252200000000000000e+04
4.252600000000000000e+04
4.253200000000000000e+04
4.259000000000000000e+04
4.261200000000000000e+04
4.263100000000000000e+04
4.271700000000000000e+04
4.274400000000000000e+04
4.275500000000000000e+04
4.280000000000000000e+04
4.280900000000000000e+04
4.282900000000000000e+04
4.293800000000000000e+04
4.295500000000000000e+04
4.300400000000000000e+04
4.301100000000000000e+04
4.301500000000000000e+04
4.309100000000000000e+04
4.310300000000000000e+04
4.320500000000000000e+04
4.320800000000000000e+04
4.321100000000000000e+04
4.324200000000000000e+04
4.329600000000000000e+04
4.330400000000000000e+04
4.330600000000000000e+04
4.333400000000000000e+04
4.337000000000000000e+04
4.338000000000000000e+04
4.340600000000000000e+04
4.341500000000000000e+04
4.345300000000000000e+04
4.348200000000000000e+04
4.349100000000000000e+04
4.353300000000000000e+04
4.356700000000000000e+04
4.358500000000000000e+04
4.359100000000000000e+04
4.363300000000000000e+04
4.364900000000000000e+04
4.365100000000000000e+04
4.370000000000000000e+04
4.384200000000000000e+04
4.391000000000000000e+04
4.391900000000000000e+04
4.395300000000000000e+04
4.397000000000000000e+04
4.398100000000000000e+04
4.406800000000000000e+04
4.408700000000000000e+04
4.410900000000000000e+04
4.416200000000000000e+04
4.417000000000000000e+04
4.417200000000000000e+04
4.418400000000000000e+04
4.419100000000000000e+04
4.420700000000000000e+04
4.427300000000000000e+04
4.429900000000000000e+04
4.430500000000000000e+04
4.434400000000000000e+04
4.443600000000000000e+04
4.446000000000000000e+04
4.447000000000000000e+04
4.453800000000000000e+04
4.460200000000000000e+04
4.460500000000000000e+04
4.461100000000000000e+04
4.463400000000000000e+04
4.465700000000000000e+04
4.469000000000000000e+04
4.471400000000000000e+04
4.472000000000000000e+04
4.474300000000000000e+04
4.474500000000000000e+04
4.476600000000000000e+04
4.478600000000000000e+04
4.487200000000000000e+04
4.489700000000000000e+04
4.490500000000000000e+04
4.501100000000000000e+04
4.501900000000000000e+04
4.504500000000000000e+04
4.523900000000000000e+04
4.532900000000000000e+04
4.533500000000000000e+04
4.534800000000000000e+04
4.537800000000000000e+04
4.545600000000000000e+04
4.554100000000000000e+04
4.556700000000000000e+04
4.558600000000000000e+04
4.560700000000000000e+04
4.564900000000000000e+04
4.569100000000000000e+04
4.582000000000000000e+04
4.584300000000000000e+04
4.586000000000000000e+04
4.595200000000000000e+04
4.604900000000000000e+04
4.616400000000000000e+04
4.619300000000000000e+04
4.623300000000000000e+04
4.627400000000000000e+04
4.627700000000000000e+04
4.631500000000000000e+04
4.634500000000000000e+04
4.638700000000000000e+04
4.644800000000000000e+04
4.646400000000000000e+04
4.646600000000000000e+04
4.646700000000000000e+04
4.648600000000000000e+04
4.653600000000000000e+04
4.660900000000000000e+04
4.664100000000000000e+04
4.664800000000000000e+04
4.666900000000000000e+04
4.671300000000000000e+04
4.677200000000000000e+04
4.679100000000000000e+04
4.688700000000000000e+04
4.689600000000000000e+04
4.691200000000000000e+04
4.700500000000000000e+04
4.703400000000000000e+04
4.707900000000000000e+04
4.723100000000000000e+04
4.726100000000000000e+04
4.730300000000000000e+04
4.732000000000000000e+04
4.732100000000000000e+04
4.732800000000000000e+04
4.736200000000000000e+04
4.743400000000000000e+04
4.743800000000000000e+04
4.753300000000000000e+04
4.758900000000000000e+04
4.762500000000000000e+04
4.768700000000000000e+04
4.772100000000000000e+04
4.772600000000000000e+04
4.775600000000000000e+04
4.781000000000000000e+04
4.784400000000000000e+04
4.790700000000000000e+04
4.795400000000000000e+04
4.795700000000000000e+04
4.800200000000000000e+04
4.809400000000000000e+04
4.818100000000000000e+04
4.822600000000000000e+04
4.828400000000000000e+04
4.829400000000000000e+04
4.833900000000000000e+04
4.837000000000000000e+04
4.839900000000000000e+04
4.847200000000000000e+04
4.847300000000000000e+04
4.852100000000000000e+04
4.854200000000000000e+04
4.854400000000000000e+04
4.861100000000000000e+04
4.863100000000000000e+04
4.863800000000000000e+04
4.874600000000000000e+04
4.877000000000000000e+04
4.891100000000000000e+04
4.891300000000000000e+04
4.894700000000000000e+04
4.896900000000000000e+04
4.905800000000000000e+04
4.913100000000000000e+04
4.916200000000000000e+04
4.919900000000000000e+04
4.924000000000000000e+04
4.926600000000000000e+04
4.927000000000000000e+04
4.933500000000000000e+04
4.945900000000000000e+04
4.946400000000000000e+04
4.950000000000000000e+04
4.955600000000000000e+04
4.958300000000000000e+04
4.958600000000000000e+04
4.967700000000000000e+04
4.968700000000000000e+04
4.969900000000000000e+04
4.971600000000000000e+04
4.981700000000000000e+04
4.988600000000000000e+04
4.989500000000000000e+04
4.990300000000000000e+04
4.991500000000000000e+04
5.000900000000000000e+04
5.001500000000000000e+04
5.004100000000000000e+04
5.007000000000000000e+04
5.009300000000000000e+04
5.011900000000000000e+04
5.021400000000000000e+04
5.024400000000000000e+04
5.027900000000000000e+04
5.028500000000000000e+04
5.035600000000000000e+04
5.036500000000000000e+04
5.037300000000000000e+04
5.040400000000000000e+04
5.043300000000000000e+04
5.046800000000000000e+04
5.051800000000000000e+04
5.052900000000000000e+04
5.053200000000000000e+04
5.053400000000000000e+04
5.059400000000000000e+04
5.071200000000000000e+04
5.073300000000000000e+04
5.075100000000000000e+04
5.076000000000000000e+04
5.078800000000000000e+04
5.080300000000000000e+04
5.082700000000000000e+04
5.083400000000000000e+04
5.084400000000000000e+04
5.086700000000000000e+04
5.088700000000000000e+04
5.089600000000000000e+04
5.092700000000000000e+04
5.104100000000000000e+04
5.105700000000000000e+04
5.106500000000000000e+04
5.110300000000000000e+04
5.118400000000000000e+04
5.125400000000000000e+04
5.131900000000000000e+04
5.132000000000000000e+04
5.132500000000000000e+04
5.139100000000000000e+04
5.145100000000000000e+04
5.147500000000000000e+04
5.148800000000000000e+04
5.151800000000000000e+04
5.154700000000000000e+04
5.158000000000000000e+04
5.162400000000000000e+04
5.163000000000000000e+04
5.164100000000000000e+04
5.171100000000000000e+04
5.173100000000000000e+04
5.177400000000000000e+04
5.182900000000000000e+04
5.185400000000000000e+04
5.187900000000000000e+04
5.198200000000000000e+04
5.199300000000000000e+04
5.199800000000000000e+04
5.206400000000000000e+04
5.206800000000000000e+04
5.208000000000000000e+04
5.212800000000000000e+04
5.213100000000000000e+04
5.214900000000000000e+04
5.215700000000000000e+04
5.218200000000000000e+04
5.223600000000000000e+04
5.223900000000000000e+04
5.224900000000000000e+04
5.229500000000000000e+04
5.235200000000000000e+04
5.238500000000000000e+04
5.253300000000000000e+04
5.259100000000000000e+04
5.261100000000000000e+04
5.263900000000000000e+04
5.266400000000000000e+04
5.278200000000000000e+04
5.281000000000000000e+04
5.281200000000000000e+04
5.283400000000000000e+04
5.285400000000000000e+04
5.298100000000000000e+04
5.298700000000000000e+04
5.303400000000000000e+04
5.305500000000000000e+04
5.309400000000000000e+04
5.311300000000000000e+04
5.311800000000000000e+04
5.313800000000000000e+04
5.317500000000000000e+04
5.321400000000000000e+04
5.323600000000000000e+04
5.326200000000000000e+04
5.326500000000000000e+04
5.327800000000000000e+04
5.328100000000000000e+04
5.329000000000000000e+04
5.333700000000000000e+04
5.335400000000000000e+04
5.338100000000000000e+04
5.348600000000000000e+04
5.348800000000000000e+04
5.358100000000000000e+04
5.362400000000000000e+04
5.364900000000000000e+04
5.376700000000000000e+04
5.382300000000000000e+04
5.386500000000000000e+04
5.389800000000000000e+04
5.392600000000000000e+04
5.393800000000000000e+04
5.394500000000000000e+04
5.394600000000000000e+04
5.412300000000000000e+04
5.412900000000000000e+04
5.419700000000000000e+04
5.421300000000000000e+04
5.421600000000000000e+04
5.425400000000000000e+04
5.425600000000000000e+04
5.434300000000000000e+04
5.434400000000000000e+04
5.437500000000000000e+04
5.449600000000000000e+04
5.450600000000000000e+04
5.453400000000000000e+04
5.461300000000000000e+04
5.465300000000000000e+04
5.466300000000000000e+04
5.469500000000000000e+04
5.475800000000000000e+04
5.476100000000000000e+04
5.485400000000000000e+04
5.486500000000000000e+04
5.491500000000000000e+04
5.494800000000000000e+04
5.495800000000000000e+04
5.500500000000000000e+04
5.504600000000000000e+04
5.511800000000000000e+04
5.513700000000000000e+04
5.513900000000000000e+04
5.516200000000000000e+04
5.516900000000000000e+04
5.524200000000000000e+04
5.524300000000000000e+04
5.527500000000000000e+04
5.530600000000000000e+04
5.535200000000000000e+04
5.538500000000000000e+04
5.544000000000000000e+04
5.557500000000000000e+04
5.558100000000000000e+04
5.559100000000000000e+04
5.559800000000000000e+04
5.564300000000000000e+04
5.571500000000000000e+04
5.571600000000000000e+04
5.576100000000000000e+04
5.591100000000000000e+04
5.596900000000000000e+04
5.597200000000000000e+04
5.600700000000000000e+04
5.601200000000000000e+04
5.602600000000000000e+04
5.604900000000000000e+04
5.607100000000000000e+04
5.607500000000000000e+04
5.611400000000000000e+04
5.614100000000000000e+04
5.614200000000000000e+04
5.615300000000000000e+04
5.615800000000000000e+04
5.620600000000000000e+04
5.632800000000000000e+04
5.639600000000000000e+04
5.651300000000000000e+04
5.656300000000000000e+04
5.663100000000000000e+04
5.666500000000000000e+04
5.666900000000000000e+04
5.670500000000000000e+04
5.674500000000000000e+04
5.676500000000000000e+04
5.678300000000000000e+04
5.678400000000000000e+04
5.681900000000000000e+04
5.682200000000000000e+04
5.682500000000000000e+04
5.690500000000000000e+04
5.697900000000000000e+04
5.705600000000000000e+04
5.707200000000000000e+04
5.708600000000000000e+04
5.709100000000000000e+04
5.710000000000000000e+04
5.712000000000000000e+04
5.714600000000000000e+04
5.723900000000000000e+04
5.725400000000000000e+04
5.729300000000000000e+04
5.731600000000000000e+04
5.734300000000000000e+04
5.734500000000000000e+04
5.737200000000000000e+04
5.748400000000000000e+04
5.759100000000000000e+04
5.775700000000000000e+04
5.776100000000000000e+04
5.779500000000000000e+04
5.781800000000000000e+04
5.784000000000000000e+04
5.784900000000000000e+04
5.790000000000000000e+04
5.797800000000000000e+04
5.809600000000000000e+04
5.828800000000000000e+04
5.829900000000000000e+04
5.833200000000000000e+04
5.835700000000000000e+04
5.841100000000000000e+04
5.841500000000000000e+04
5.843700000000000000e+04
5.845600000000000000e+04
5.846400000000000000e+04
5.847000000000000000e+04
5.847200000000000000e+04
5.847700000000000000e+04
5.850400000000000000e+04
5.850600000000000000e+04
5.855500000000000000e+04
5.856600000000000000e+04
5.857800000000000000e+04
5.858000000000000000e+04
5.875200000000000000e+04
5.884300000000000000e+04
5.886700000000000000e+04
5.887100000000000000e+04
5.892400000000000000e+04
5.893200000000000000e+04
5.896300000000000000e+04
5.901400000000000000e+04
5.901700000000000000e+04
5.903000000000000000e+04
5.903200000000000000e+04
5.918200000000000000e+04
5.922500000000000000e+04
5.928300000000000000e+04
5.929400000000000000e+04
5.933800000000000000e+04
5.934600000000000000e+04
5.936200000000000000e+04
5.940800000000000000e+04
5.943600000000000000e+04
5.947300000000000000e+04
5.951100000000000000e+04
5.958200000000000000e+04
5.959300000000000000e+04
5.960900000000000000e+04
5.970900000000000000e+04
5.971300000000000000e+04
5.971700000000000000e+04
5.973700000000000000e+04
5.974100000000000000e+04
5.974400000000000000e+04
5.978900000000000000e+04
5.980000000000000000e+04
5.981900000000000000e+04
5.982400000000000000e+04
5.983500000000000000e+04
5.983900000000000000e+04
5.987000000000000000e+04
5.992800000000000000e+04
5.994100000000000000e+04
5.994300000000000000e+04
5.999700000000000000e+04
6.008600000000000000e+04
6.012100000000000000e+04
6.013200000000000000e+04
6.014900000000000000e+04
6.015900000000000000e+04
6.016300000000000000e+04
6.018200000000000000e+04
6.019700000000000000e+04
6.023000000000000000e+04
6.026400000000000000e+04
6.033100000000000000e+04
6.035100000000000000e+04
6.043600000000000000e+04
6.047100000000000000e+04
6.049100000000000000e+04
6.050900000000000000e+04
6.056100000000000000e+04
6.056200000000000000e+04
6.063200000000000000e+04
6.063500000000000000e+04
6.068600000000000000e+04
6.069300000000000000e+04
6.069700000000000000e+04
6.091200000000000000e+04
6.092200000000000000e+04
6.095000000000000000e+04
6.098300000000000000e+04
6.103500000000000000e+04
6.111200000000000000e+04
6.114200000000000000e+04
6.115300000000000000e+04
6.116200000000000000e+04
6.121000000000000000e+04
6.127300000000000000e+04
6.129200000000000000e+04
6.130800000000000000e+04
6.136600000000000000e+04
6.138400000000000000e+04
6.147000000000000000e+04
6.151500000000000000e+04
6.153100000000000000e+04
6.156100000000000000e+04
6.159100000000000000e+04
6.166400000000000000e+04
6.170300000000000000e+04
6.180500000000000000e+04
6.180800000000000000e+04
6.183200000000000000e+04
6.184200000000000000e+04
6.190100000000000000e+04
6.196500000000000000e+04
6.214200000000000000e+04
6.215500000000000000e+04
6.216000000000000000e+04
6.217600000000000000e+04
6.218700000000000000e+04
6.222800000000000000e+04
6.228400000000000000e+04
6.232100000000000000e+04
6.235900000000000000e+04
6.239400000000000000e+04
6.239800000000000000e+04
6.241600000000000000e+04
6.245500000000000000e+04
6.245600000000000000e+04
6.249900000000000000e+04
6.250000000000000000e+04
6.250400000000000000e+04
6.251200000000000000e+04
6.252500000000000000e+04
6.253100000000000000e+04
6.253800000000000000e+04
6.260300000000000000e+04
6.260700000000000000e+04
6.264000000000000000e+04
6.265400000000000000e+04
6.265700000000000000e+04
6.268300000000000000e+04
6.269200000000000000e+04
6.273200000000000000e+04
6.275600000000000000e+04
6.276500000000000000e+04
6.277000000000000000e+04
6.284900000000000000e+04
6.288800000000000000e+04
6.293800000000000000e+04
6.294500000000000000e+04
6.297300000000000000e+04
6.299500000000000000e+04
6.300500000000000000e+04
6.307300000000000000e+04
6.310200000000000000e+04
6.314000000000000000e+04
6.316800000000000000e+04
6.317500000000000000e+04
6.324400000000000000e+04
6.328500000000000000e+04
6.337400000000000000e+04
6.337900000000000000e+04
6.342300000000000000e+04
6.344800000000000000e+04
6.348400000000000000e+04
6.350800000000000000e+04
6.351600000000000000e+04
6.356400000000000000e+04
6.361300000000000000e+04
6.362500000000000000e+04
6.364600000000000000e+04
6.365800000000000000e+04
6.366000000000000000e+04
6.377800000000000000e+04
6.378400000000000000e+04
6.384500000000000000e+04
6.386200000000000000e+04
6.387700000000000000e+04
6.388300000000000000e+04
6.389000000000000000e+04
6.397900000000000000e+04
6.400200000000000000e+04
6.401800000000000000e+04
6.403400000000000000e+04
6.404500000000000000e+04
6.406300000000000000e+04
6.407600000000000000e+04
6.413800000000000000e+04
6.415900000000000000e+04
6.416000000000000000e+04
6.417300000000000000e+04
6.418400000000000000e+04
6.422300000000000000e+04
6.426000000000000000e+04
6.427800000000000000e+04
6.429500000000000000e+04
6.429700000000000000e+04
6.439300000000000000e+04
6.442700000000000000e+04
6.446100000000000000e+04
6.449700000000000000e+04
6.452300000000000000e+04
6.454900000000000000e+04
6.462500000000000000e+04
6.463800000000000000e+04
6.466300000000000000e+04
6.467800000000000000e+04
6.476400000000000000e+04
6.478100000000000000e+04
6.478600000000000000e+04
6.479100000000000000e+04
6.484100000000000000e+04
6.484200000000000000e+04
6.493500000000000000e+04
6.503000000000000000e+04
6.506800000000000000e+04
6.508700000000000000e+04
6.510600000000000000e+04
6.510800000000000000e+04
6.515200000000000000e+04
6.516000000000000000e+04
6.516100000000000000e+04
6.517000000000000000e+04
6.524000000000000000e+04
6.528400000000000000e+04
6.539300000000000000e+04
6.540300000000000000e+04
6.540900000000000000e+04
6.543700000000000000e+04
6.547900000000000000e+04
6.549000000000000000e+04
6.549200000000000000e+04
6.552500000000000000e+04
6.556900000000000000e+04
6.560100000000000000e+04
6.561800000000000000e+04
6.568300000000000000e+04
6.574900000000000000e+04
6.575600000000000000e+04
6.576800000000000000e+04
6.581600000000000000e+04
6.582000000000000000e+04
6.582800000000000000e+04
6.583700000000000000e+04
6.584900000000000000e+04
6.587400000000000000e+04
6.590800000000000000e+04
6.591300000000000000e+04
6.593400000000000000e+04
6.601900000000000000e+04
6.603900000000000000e+04
6.606100000000000000e+04
6.610400000000000000e+04
6.612700000000000000e+04
6.616100000000000000e+04
6.617300000000000000e+04
6.629600000000000000e+04
6.635000000000000000e+04
6.636500000000000000e+04
6.647500000000000000e+04
6.656300000000000000e+04
6.657100000000000000e+04
6.657600000000000000e+04
6.673900000000000000e+04
6.685200000000000000e+04
6.686600000000000000e+04
6.689800000000000000e+04
6.695800000000000000e+04
6.696600000000000000e+04
6.705700000000000000e+04
6.706100000000000000e+04
6.713700000000000000e+04
6.717900000000000000e+04
6.723300000000000000e+04
6.723700000000000000e+04
6.724300000000000000e+04
6.724500000000000000e+04
6.728000000000000000e+04
6.733100000000000000e+04
6.733300000000000000e+04
6.739600000000000000e+04
6.740400000000000000e+04
6.745300000000000000e+04
6.749300000000000000e+04
6.749900000000000000e+04
6.751700000000000000e+04
6.753300000000000000e+04
6.754600000000000000e+04
6.763400000000000000e+04
6.768400000000000000e+04
6.769600000000000000e+04
6.770400000000000000e+04
6.772000000000000000e+04
6.774800000000000000e+04
6.775900000000000000e+04
6.778700000000000000e+04
6.780900000000000000e+04
6.782100000000000000e+04
6.782900000000000000e+04
6.793400000000000000e+04
6.793600000000000000e+04
6.795800000000000000e+04
6.798700000000000000e+04
6.803600000000000000e+04
6.810900000000000000e+04
6.811700000000000000e+04
6.812400000000000000e+04
6.813300000000000000e+04
6.818900000000000000e+04
6.820400000000000000e+04
6.823500000000000000e+04
6.825100000000000000e+04
6.828200000000000000e+04
6.832900000000000000e+04
6.851200000000000000e+04
6.852400000000000000e+04
6.862000000000000000e+04
6.862100000000000000e+04
6.865200000000000000e+04
6.887000000000000000e+04
6.891000000000000000e+04
6.891300000000000000e+04
6.892400000000000000e+04
6.898000000000000000e+04
6.900700000000000000e+04
6.902900000000000000e+04
6.907300000000000000e+04
6.908800000000000000e+04
6.915800000000000000e+04
6.917400000000000000e+04
6.921300000000000000e+04
6.922400000000000000e+04
6.927300000000000000e+04
6.930300000000000000e+04
6.931100000000000000e+04
6.932100000000000000e+04
6.934200000000000000e+04
6.936800000000000000e+04
6.937100000000000000e+04
6.939300000000000000e+04
6.947000000000000000e+04
6.950200000000000000e+04
6.950400000000000000e+04
6.950900000000000000e+04
6.951200000000000000e+04
6.951500000000000000e+04
6.960500000000000000e+04
6.961400000000000000e+04
6.961600000000000000e+04
6.973300000000000000e+04
6.974400000000000000e+04
6.976200000000000000e+04
6.984000000000000000e+04
6.984900000000000000e+04
6.988500000000000000e+04
6.993300000000000000e+04
7.001000000000000000e+04
7.002300000000000000e+04
7.007400000000000000e+04
7.008000000000000000e+04
7.013400000000000000e+04
7.022600000000000000e+04
7.023300000000000000e+04
7.024400000000000000e+04
7.025500000000000000e+04
7.025900000000000000e+04
7.028700000000000000e+04
7.030100000000000000e+04
7.030800000000000000e+04
7.030900000000000000e+04
7.039400000000000000e+04
7.039800000000000000e+04
7.046000000000000000e+04
7.049000000000000000e+04
7.050600000000000000e+04
7.052100000000000000e+04
7.057100000000000000e+04
7.058000000000000000e+04
7.063600000000000000e+04
7.066900000000000000e+04
7.068200000000000000e+04
7.070700000000000000e+04
7.073200000000000000e+04
7.075900000000000000e+04
7.079800000000000000e+04
7.096800000000000000e+04
7.098500000000000000e+04
7.098700000000000000e+04
7.104500000000000000e+04
7.105100000000000000e+04
7.105400000000000000e+04
7.107100000000000000e+04
7.110300000000000000e+04
7.112000000000000000e+04
7.128500000000000000e+04
7.129000000000000000e+04
7.130700000000000000e+04
7.136700000000000000e+04
7.136800000000000000e+04
7.137700000000000000e+04
7.139200000000000000e+04
7.140400000000000000e+04
7.143100000000000000e+04
7.148600000000000000e+04
7.154200000000000000e+04
7.158300000000000000e+04
7.159200000000000000e+04
7.165600000000000000e+04
7.168000000000000000e+04
7.168200000000000000e+04
7.169700000000000000e+04
7.179500000000000000e+04
7.181700000000000000e+04
7.189000000000000000e+04
7.189100000000000000e+04
7.191800000000000000e+04
7.203700000000000000e+04
7.204500000000000000e+04
7.204600000000000000e+04
7.205600000000000000e+04
7.208700000000000000e+04
7.214600000000000000e+04
7.215300000000000000e+04
7.218300000000000000e+04
7.223500000000000000e+04
7.224900000000000000e+04
7.226200000000000000e+04
7.228800000000000000e+04
7.230500000000000000e+04
7.231300000000000000e+04
7.234000000000000000e+04
7.236900000000000000e+04
7.239800000000000000e+04
7.242300000000000000e+04
7.244100000000000000e+04
7.245500000000000000e+04
7.252800000000000000e+04
7.258900000000000000e+04
7.266000000000000000e+04
7.268900000000000000e+04
7.271200000000000000e+04
7.272200000000000000e+04
7.273400000000000000e+04
7.274200000000000000e+04
7.282900000000000000e+04
7.290600000000000000e+04
7.291100000000000000e+04
7.301600000000000000e+04
7.313000000000000000e+04
7.318500000000000000e+04
7.321500000000000000e+04
7.322500000000000000e+04
7.324100000000000000e+04
7.328000000000000000e+04
7.329500000000000000e+04
7.330900000000000000e+04
7.332700000000000000e+04
7.334000000000000000e+04
7.335300000000000000e+04
7.336000000000000000e+04
7.339200000000000000e+04
7.343300000000000000e+04
7.344000000000000000e+04
7.349600000000000000e+04
7.351400000000000000e+04
7.352400000000000000e+04
7.355700000000000000e+04
7.357900000000000000e+04
7.360800000000000000e+04
7.360900000000000000e+04
7.364400000000000000e+04
7.369300000000000000e+04
7.372000000000000000e+04
7.375700000000000000e+04
7.378400000000000000e+04
7.381300000000000000e+04
7.383900000000000000e+04
7.392700000000000000e+04
7.403800000000000000e+04
7.406400000000000000e+04
7.411900000000000000e+04
7.413700000000000000e+04
7.416600000000000000e+04
7.417700000000000000e+04
7.418000000000000000e+04
7.419300000000000000e+04
7.437300000000000000e+04
7.438100000000000000e+04
7.440900000000000000e+04
7.453200000000000000e+04
7.458200000000000000e+04
7.460500000000000000e+04
7.461800000000000000e+04
7.463200000000000000e+04
7.463500000000000000e+04
7.467400000000000000e+04
7.471500000000000000e+04
7.473700000000000000e+04
7.489000000000000000e+04
7.491600000000000000e+04
7.493000000000000000e+04
7.496500000000000000e+04
7.497700000000000000e+04
7.500400000000000000e+04
7.502700000000000000e+04
7.503200000000000000e+04
7.518000000000000000e+04
7.520400000000000000e+04
7.525900000000000000e+04
7.526200000000000000e+04
7.527300000000000000e+04
7.529300000000000000e+04
7.530800000000000000e+04
7.530900000000000000e+04
7.532100000000000000e+04
7.538600000000000000e+04
7.538700000000000000e+04
7.542000000000000000e+04
7.543200000000000000e+04
7.544500000000000000e+04
7.545300000000000000e+04
7.548100000000000000e+04
7.548800000000000000e+04
7.551000000000000000e+04
7.564700000000000000e+04
7.567300000000000000e+04
7.570800000000000000e+04
7.571000000000000000e+04
7.571400000000000000e+04
7.572600000000000000e+04
7.574100000000000000e+04
7.576300000000000000e+04
7.576500000000000000e+04
7.578600000000000000e+04
7.587000000000000000e+04
7.587500000000000000e+04
7.590600000000000000e+04
7.597700000000000000e+04
7.601900000000000000e+04
7.602700000000000000e+04
7.603600000000000000e+04
7.610400000000000000e+04
7.617100000000000000e+04
7.624700000000000000e+04
7.626800000000000000e+04
7.627700000000000000e+04
7.630000000000000000e+04
7.634600000000000000e+04
7.637100000000000000e+04
7.638800000000000000e+04
7.645200000000000000e+04
7.645600000000000000e+04
7.651200000000000000e+04
7.652900000000000000e+04
7.655800000000000000e+04
7.657100000000000000e+04
7.661300000000000000e+04
7.663100000000000000e+04
7.670800000000000000e+04
7.673100000000000000e+04
7.675200000000000000e+04
7.676500000000000000e+04
7.680300000000000000e+04
7.681700000000000000e+04
7.687800000000000000e+04
7.688900000000000000e+04
7.690200000000000000e+04
7.697100000000000000e+04
7.698000000000000000e+04
7.699000000000000000e+04
7.701600000000000000e+04
7.702000000000000000e+04
7.704100000000000000e+04
7.705400000000000000e+04
7.708500000000000000e+04
7.709500000000000000e+04
7.710300000000000000e+04
7.710700000000000000e+04
7.722900000000000000e+04
7.724200000000000000e+04
7.726800000000000000e+04
7.727600000000000000e+04
7.728500000000000000e+04
7.732900000000000000e+04
7.738600000000000000e+04
7.739700000000000000e+04
7.740100000000000000e+04
7.742800000000000000e+04
7.744300000000000000e+04
7.748700000000000000e+04
7.750400000000000000e+04
7.752000000000000000e+04
7.753400000000000000e+04
7.755700000000000000e+04
7.756500000000000000e+04
7.757300000000000000e+04
7.760200000000000000e+04
7.761900000000000000e+04
7.762500000000000000e+04
7.762600000000000000e+04
7.765700000000000000e+04
7.767300000000000000e+04
7.772400000000000000e+04
7.773000000000000000e+04
7.773500000000000000e+04
7.775500000000000000e+04
7.776400000000000000e+04
7.779000000000000000e+04
7.783200000000000000e+04
7.784800000000000000e+04
7.785400000000000000e+04
7.786400000000000000e+04
7.787700000000000000e+04
7.792500000000000000e+04
7.794200000000000000e+04
7.804600000000000000e+04
7.817600000000000000e+04
7.821200000000000000e+04
7.821900000000000000e+04
7.823800000000000000e+04
7.827800000000000000e+04
7.830100000000000000e+04
7.830500000000000000e+04
7.835800000000000000e+04
7.836700000000000000e+04
7.837700000000000000e+04
7.838000000000000000e+04
7.846000000000000000e+04
7.847500000000000000e+04
7.849600000000000000e+04
7.856700000000000000e+04
7.857000000000000000e+04
7.860000000000000000e+04
7.862200000000000000e+04
7.862700000000000000e+04
7.863300000000000000e+04
7.865400000000000000e+04
7.867600000000000000e+04
7.874100000000000000e+04
7.878000000000000000e+04
7.878300000000000000e+04
7.881300000000000000e+04
7.886100000000000000e+04
7.886600000000000000e+04
7.887000000000000000e+04
7.892000000000000000e+04
7.893500000000000000e+04
7.900500000000000000e+04
7.900800000000000000e+04
7.907300000000000000e+04
7.908500000000000000e+04
7.910900000000000000e+04
7.912400000000000000e+04
7.912700000000000000e+04
7.919000000000000000e+04
7.920200000000000000e+04
7.924100000000000000e+04
7.925600000000000000e+04
7.926100000000000000e+04
7.928000000000000000e+04
7.936400000000000000e+04
7.937500000000000000e+04
7.939700000000000000e+04
7.944800000000000000e+04
7.946100000000000000e+04
7.954600000000000000e+04
7.957400000000000000e+04
7.958500000000000000e+04
7.961500000000000000e+04
7.962400000000000000e+04
7.966300000000000000e+04
7.969200000000000000e+04
7.970100000000000000e+04
7.970600000000000000e+04
7.972600000000000000e+04
7.975200000000000000e+04
7.978000000000000000e+04
7.979700000000000000e+04
7.981200000000000000e+04
7.981500000000000000e+04
7.984200000000000000e+04
7.995600000000000000e+04
7.996800000000000000e+04
7.998200000000000000e+04
8.000200000000000000e+04
8.002500000000000000e+04
8.003900000000000000e+04
8.004300000000000000e+04
8.007300000000000000e+04
8.008200000000000000e+04
8.008600000000000000e+04
8.013100000000000000e+04
8.014400000000000000e+04
8.022200000000000000e+04
8.022700000000000000e+04
8.022800000000000000e+04
8.024400000000000000e+04
8.025000000000000000e+04
8.025300000000000000e+04
8.029900000000000000e+04
8.030100000000000000e+04
8.034200000000000000e+04
8.035200000000000000e+04
8.036700000000000000e+04
8.041200000000000000e+04
8.051800000000000000e+04
8.052700000000000000e+04
8.062900000000000000e+04
8.063200000000000000e+04
8.066300000000000000e+04
8.076100000000000000e+04
8.077700000000000000e+04
8.077900000000000000e+04
8.085100000000000000e+04
8.094400000000000000e+04
8.096200000000000000e+04
8.096300000000000000e+04
8.097100000000000000e+04
8.097900000000000000e+04
8.098900000000000000e+04
8.100300000000000000e+04
8.103200000000000000e+04
8.106200000000000000e+04
8.107000000000000000e+04
8.110200000000000000e+04
8.113900000000000000e+04
8.115200000000000000e+04
8.116800000000000000e+04
8.119400000000000000e+04
8.120800000000000000e+04
8.125200000000000000e+04
8.135600000000000000e+04
8.139600000000000000e+04
8.141600000000000000e+04
8.151100000000000000e+04
8.153200000000000000e+04
8.155000000000000000e+04
8.157500000000000000e+04
8.158000000000000000e+04
8.158100000000000000e+04
8.166200000000000000e+04
8.168600000000000000e+04
8.171900000000000000e+04
8.172600000000000000e+04
8.173000000000000000e+04
8.175000000000000000e+04
8.177200000000000000e+04
8.179700000000000000e+04
8.188100000000000000e+04
8.188300000000000000e+04
8.189500000000000000e+04
8.190900000000000000e+04
8.194100000000000000e+04
8.198000000000000000e+04
8.200500000000000000e+04
8.203300000000000000e+04
8.205900000000000000e+04
8.206500000000000000e+04
8.208000000000000000e+04
8.212700000000000000e+04
8.214500000000000000e+04
8.219100000000000000e+04
8.220800000000000000e+04
8.222700000000000000e+04
8.226100000000000000e+04
8.227800000000000000e+04
8.230100000000000000e+04
8.234400000000000000e+04
8.239000000000000000e+04
8.244500000000000000e+04
8.244900000000000000e+04
8.248900000000000000e+04
8.249800000000000000e+04
8.251300000000000000e+04
8.253600000000000000e+04
8.258700000000000000e+04
8.260100000000000000e+04
8.265200000000000000e+04
8.266400000000000000e+04
8.268100000000000000e+04
8.272500000000000000e+04
8.272700000000000000e+04
8.276800000000000000e+04
8.280400000000000000e+04
8.282500000000000000e+04
8.285800000000000000e+04
8.288600000000000000e+04
8.294800000000000000e+04
8.298600000000000000e+04
8.298900000000000000e+04
8.299300000000000000e+04
8.300700000000000000e+04
8.306700000000000000e+04
8.307500000000000000e+04
8.313300000000000000e+04
8.321300000000000000e+04
8.322700000000000000e+04
8.335600000000000000e+04
8.337100000000000000e+04
8.337600000000000000e+04
8.343100000000000000e+04
8.344800000000000000e+04
8.345900000000000000e+04
8.348700000000000000e+04
8.349300000000000000e+04
8.349700000000000000e+04
8.354200000000000000e+04
8.355300000000000000e+04
8.362800000000000000e+04
8.363400000000000000e+04
8.364000000000000000e+04
8.364100000000000000e+04
8.364600000000000000e+04
8.368700000000000000e+04
8.369500000000000000e+04
8.370000000000000000e+04
8.374300000000000000e+04
8.374900000000000000e+04
8.376100000000000000e+04
8.377500000000000000e+04
8.380400000000000000e+04
8.384600000000000000e+04
8.387500000000000000e+04
8.388000000000000000e+04
8.398100000000000000e+04
8.400300000000000000e+04
8.407100000000000000e+04
8.411000000000000000e+04
8.418800000000000000e+04
8.419900000000000000e+04
8.422700000000000000e+04
8.427400000000000000e+04
8.432500000000000000e+04
8.433200000000000000e+04
8.434600000000000000e+04
8.436500000000000000e+04
8.437400000000000000e+04
8.437600000000000000e+04
8.437800000000000000e+04
8.441900000000000000e+04
8.442000000000000000e+04
8.443300000000000000e+04
8.445900000000000000e+04
8.448600000000000000e+04
8.449000000000000000e+04
8.456300000000000000e+04
8.459000000000000000e+04
8.461300000000000000e+04
8.462400000000000000e+04
8.463400000000000000e+04
8.465300000000000000e+04
8.465800000000000000e+04
8.466200000000000000e+04
8.470300000000000000e+04
8.479000000000000000e+04
8.480600000000000000e+04
8.485500000000000000e+04
8.486500000000000000e+04
8.490400000000000000e+04
8.490700000000000000e+04
8.491800000000000000e+04
8.493800000000000000e+04
8.499400000000000000e+04
8.501500000000000000e+04
8.502600000000000000e+04
8.509000000000000000e+04
8.510400000000000000e+04
8.513100000000000000e+04
8.513500000000000000e+04
8.513800000000000000e+04
8.519100000000000000e+04
8.521300000000000000e+04
8.530500000000000000e+04
8.532700000000000000e+04
8.534500000000000000e+04
8.537600000000000000e+04
8.540200000000000000e+04
8.540700000000000000e+04
8.540800000000000000e+04
8.542800000000000000e+04
8.545400000000000000e+04
8.547300000000000000e+04
8.551400000000000000e+04
8.555700000000000000e+04
8.561300000000000000e+04
8.562000000000000000e+04
8.562800000000000000e+04
8.563200000000000000e+04
8.564400000000000000e+04
8.568300000000000000e+04
8.568800000000000000e+04
8.574600000000000000e+04
8.574700000000000000e+04
8.580300000000000000e+04
8.583000000000000000e+04
8.584800000000000000e+04
8.590600000000000000e+04
8.597800000000000000e+04
8.603300000000000000e+04
8.605700000000000000e+04
8.608100000000000000e+04
8.609200000000000000e+04
8.612000000000000000e+04
8.613800000000000000e+04
8.616200000000000000e+04
8.616800000000000000e+04
8.617200000000000000e+04
8.619800000000000000e+04
8.625400000000000000e+04
8.628600000000000000e+04
8.629800000000000000e+04
8.631900000000000000e+04
8.637000000000000000e+04
8.640300000000000000e+04
8.643400000000000000e+04
8.643900000000000000e+04
8.644900000000000000e+04
8.650500000000000000e+04
8.652000000000000000e+04
8.654400000000000000e+04
8.656400000000000000e+04
8.658200000000000000e+04
8.658500000000000000e+04
8.658700000000000000e+04
8.658800000000000000e+04
8.661800000000000000e+04
8.667200000000000000e+04
8.668500000000000000e+04
8.672900000000000000e+04
8.676400000000000000e+04
8.676800000000000000e+04
8.677600000000000000e+04
8.679600000000000000e+04
8.682400000000000000e+04
8.684000000000000000e+04
8.692200000000000000e+04
8.696000000000000000e+04
8.696900000000000000e+04
8.698800000000000000e+04
8.698900000000000000e+04
8.701800000000000000e+04
8.703300000000000000e+04
8.704900000000000000e+04
8.706900000000000000e+04
8.707400000000000000e+04
8.707600000000000000e+04
8.708100000000000000e+04
8.709600000000000000e+04
8.709700000000000000e+04
8.718300000000000000e+04
8.718700000000000000e+04
8.721900000000000000e+04
8.722700000000000000e+04
8.729200000000000000e+04
8.729800000000000000e+04
8.730200000000000000e+04
8.735800000000000000e+04
8.736600000000000000e+04
8.737800000000000000e+04
8.738400000000000000e+04
8.738500000000000000e+04
8.740200000000000000e+04
8.743700000000000000e+04
8.746400000000000000e+04
8.747100000000000000e+04
8.748200000000000000e+04
8.750300000000000000e+04
8.751600000000000000e+04
8.753600000000000000e+04
8.754500000000000000e+04
8.755600000000000000e+04
8.757800000000000000e+04
8.759600000000000000e+04
8.760000000000000000e+04
8.761100000000000000e+04
8.770200000000000000e+04
8.770500000000000000e+04
8.775400000000000000e+04
8.775900000000000000e+04
8.777100000000000000e+04
8.785000000000000000e+04
8.785700000000000000e+04
8.796200000000000000e+04
8.797400000000000000e+04
8.798800000000000000e+04
8.801200000000000000e+04
8.801700000000000000e+04
8.807300000000000000e+04
8.809600000000000000e+04
8.810900000000000000e+04
8.812500000000000000e+04
8.812700000000000000e+04
8.814600000000000000e+04
8.815400000000000000e+04
8.816100000000000000e+04
8.819600000000000000e+04
8.823400000000000000e+04
8.826300000000000000e+04
8.827300000000000000e+04
8.832300000000000000e+04
8.838100000000000000e+04
8.839900000000000000e+04
8.844400000000000000e+04
8.844600000000000000e+04
8.847500000000000000e+04
8.853100000000000000e+04
8.857300000000000000e+04
8.857800000000000000e+04
8.858500000000000000e+04
8.868300000000000000e+04
8.868400000000000000e+04
8.869100000000000000e+04
8.873800000000000000e+04
8.873900000000000000e+04
8.875200000000000000e+04
8.875700000000000000e+04
8.876000000000000000e+04
8.880800000000000000e+04
8.881800000000000000e+04
8.882300000000000000e+04
8.886500000000000000e+04
8.888900000000000000e+04
8.895000000000000000e+04
8.895500000000000000e+04
8.895900000000000000e+04
8.905500000000000000e+04
8.906100000000000000e+04
8.906200000000000000e+04
8.906500000000000000e+04
8.909000000000000000e+04
8.909100000000000000e+04
8.909500000000000000e+04
8.912300000000000000e+04
8.914300000000000000e+04
8.916400000000000000e+04
8.917700000000000000e+04
8.919100000000000000e+04
8.919900000000000000e+04
8.922300000000000000e+04
8.923000000000000000e+04
