4.300000000000000000e+01
9.900000000000000000e+01
2.330000000000000000e+02
2.740000000000000000e+02
2.870000000000000000e+02
3.810000000000000000e+02
6.380000000000000000e+02
6.400000000000000000e+02
6.740000000000000000e+02
6.880000000000000000e+02
8.640000000000000000e+02
1.058000000000000000e+03
1.088000000000000000e+03
1.089000000000000000e+03
1.162000000000000000e+03
1.163000000000000000e+03
1.195000000000000000e+03
1.206000000000000000e+03
1.295000000000000000e+03
1.296000000000000000e+03
1.377000000000000000e+03
1.401000000000000000e+03
1.402000000000000000e+03
1.714000000000000000e+03
1.715000000000000000e+03
1.865000000000000000e+03
1.866000000000000000e+03
1.879000000000000000e+03
1.978000000000000000e+03
2.037000000000000000e+03
2.044000000000000000e+03
2.689000000000000000e+03
2.927000000000000000e+03
2.964000000000000000e+03
3.010000000000000000e+03
3.131000000000000000e+03
3.217000000000000000e+03
3.218000000000000000e+03
3.252000000000000000e+03
3.493000000000000000e+03
3.564000000000000000e+03
3.889000000000000000e+03
4.148000000000000000e+03
4.401000000000000000e+03
4.774000000000000000e+03
4.802000000000000000e+03
4.803000000000000000e+03
4.830000000000000000e+03
4.885000000000000000e+03
4.902000000000000000e+03
4.927000000000000000e+03
4.989000000000000000e+03
5.095000000000000000e+03
5.113000000000000000e+03
5.207000000000000000e+03
5.326000000000000000e+03
5.351000000000000000e+03
5.492000000000000000e+03
5.493000000000000000e+03
5.505000000000000000e+03
5.506000000000000000e+03
5.565000000000000000e+03
5.768000000000000000e+03
5.832000000000000000e+03
5.851000000000000000e+03
5.866000000000000000e+03
6.198000000000000000e+03
6.322000000000000000e+03
6.344000000000000000e+03
6.381000000000000000e+03
6.392000000000000000e+03
6.413000000000000000e+03
6.508000000000000000e+03
6.519000000000000000e+03
6.610000000000000000e+03
6.611000000000000000e+03
6.947000000000000000e+03
6.971000000000000000e+03
6.972000000000000000e+03
7.545000000000000000e+03
7.592000000000000000e+03
7.763000000000000000e+03
7.887000000000000000e+03
7.931000000000000000e+03
7.951000000000000000e+03
7.993000000000000000e+03
8.104000000000000000e+03
8.210000000000000000e+03
8.381000000000000000e+03
8.392000000000000000e+03
8.480000000000000000e+03
8.522000000000000000e+03
8.613000000000000000e+03
8.717000000000000000e+03
8.800000000000000000e+03
8.815000000000000000e+03
8.816000000000000000e+03
8.914000000000000000e+03
8.915000000000000000e+03
8.924000000000000000e+03
8.976000000000000000e+03
8.987000000000000000e+03
8.988000000000000000e+03
9.170000000000000000e+03
9.269000000000000000e+03
9.277000000000000000e+03
9.326000000000000000e+03
9.327000000000000000e+03
9.514000000000000000e+03
9.588000000000000000e+03
9.589000000000000000e+03
9.750000000000000000e+03
9.781000000000000000e+03
9.792000000000000000e+03
9.875000000000000000e+03
9.888000000000000000e+03
9.954000000000000000e+03
1.001000000000000000e+04
1.003600000000000000e+04
1.008500000000000000e+04
1.011600000000000000e+04
1.011700000000000000e+04
1.021200000000000000e+04
1.025200000000000000e+04
1.029700000000000000e+04
1.030700000000000000e+04
1.033600000000000000e+04
1.033700000000000000e+04
1.047000000000000000e+04
1.047900000000000000e+04
1.061200000000000000e+04
1.073000000000000000e+04
1.096300000000000000e+04
1.121100000000000000e+04
1.121200000000000000e+04
1.131700000000000000e+04
1.132500000000000000e+04
1.141800000000000000e+04
1.145400000000000000e+04
1.146300000000000000e+04
1.146400000000000000e+04
1.153500000000000000e+04
1.157300000000000000e+04
1.166300000000000000e+04
1.168200000000000000e+04
1.171300000000000000e+04
1.171400000000000000e+04
1.179000000000000000e+04
1.179100000000000000e+04
1.180700000000000000e+04
1.183500000000000000e+04
1.204500000000000000e+04
1.211700000000000000e+04
1.211800000000000000e+04
1.223200000000000000e+04
1.230800000000000000e+04
1.234300000000000000e+04
1.249100000000000000e+04
1.249200000000000000e+04
1.250000000000000000e+04
1.255600000000000000e+04
1.256600000000000000e+04
1.259900000000000000e+04
1.270600000000000000e+04
1.270700000000000000e+04
1.272600000000000000e+04
1.272700000000000000e+04
1.273800000000000000e+04
1.278200000000000000e+04
1.284200000000000000e+04
1.286800000000000000e+04
1.291000000000000000e+04
1.297200000000000000e+04
1.304000000000000000e+04
1.304100000000000000e+04
1.313100000000000000e+04
1.313200000000000000e+04
1.319900000000000000e+04
1.333900000000000000e+04
1.344700000000000000e+04
1.367300000000000000e+04
1.387100000000000000e+04
1.401800000000000000e+04
1.422400000000000000e+04
1.422500000000000000e+04
1.425300000000000000e+04
1.451200000000000000e+04
1.454300000000000000e+04
1.461700000000000000e+04
1.476000000000000000e+04
1.484600000000000000e+04
1.484700000000000000e+04
1.498000000000000000e+04
1.517800000000000000e+04
1.520600000000000000e+04
1.525900000000000000e+04
1.527400000000000000e+04
1.531000000000000000e+04
1.537300000000000000e+04
1.542900000000000000e+04
1.563700000000000000e+04
1.580900000000000000e+04
1.581000000000000000e+04
1.586900000000000000e+04
1.587000000000000000e+04
1.596100000000000000e+04
1.596200000000000000e+04
1.598700000000000000e+04
1.625100000000000000e+04
1.625600000000000000e+04
1.631900000000000000e+04
1.638600000000000000e+04
1.649000000000000000e+04
1.651500000000000000e+04
1.660400000000000000e+04
1.660500000000000000e+04
1.664200000000000000e+04
1.672100000000000000e+04
1.673000000000000000e+04
1.673100000000000000e+04
1.675700000000000000e+04
1.676500000000000000e+04
1.682300000000000000e+04
1.691500000000000000e+04
1.702300000000000000e+04
1.718200000000000000e+04
1.718300000000000000e+04
1.718700000000000000e+04
1.719300000000000000e+04
1.732500000000000000e+04
1.733700000000000000e+04
1.742200000000000000e+04
1.748600000000000000e+04
1.748700000000000000e+04
1.766800000000000000e+04
1.779300000000000000e+04
1.779500000000000000e+04
1.781200000000000000e+04
1.784800000000000000e+04
1.792200000000000000e+04
1.792300000000000000e+04
1.793300000000000000e+04
1.813600000000000000e+04
1.814100000000000000e+04
1.824000000000000000e+04
1.837300000000000000e+04
1.845100000000000000e+04
1.845600000000000000e+04
1.857500000000000000e+04
1.857600000000000000e+04
1.866000000000000000e+04
1.880200000000000000e+04
1.886200000000000000e+04
1.909700000000000000e+04
1.920800000000000000e+04
1.936800000000000000e+04
1.936900000000000000e+04
1.940900000000000000e+04
1.965400000000000000e+04
1.971500000000000000e+04
1.971600000000000000e+04
1.987100000000000000e+04
1.990600000000000000e+04
2.005600000000000000e+04
2.011800000000000000e+04
2.012400000000000000e+04
2.017700000000000000e+04
2.017800000000000000e+04
2.021800000000000000e+04
2.021900000000000000e+04
2.025800000000000000e+04
2.034900000000000000e+04
2.049000000000000000e+04
2.049100000000000000e+04
2.051500000000000000e+04
2.055700000000000000e+04
2.055800000000000000e+04
2.092400000000000000e+04
2.096600000000000000e+04
2.102800000000000000e+04
2.113500000000000000e+04
2.113600000000000000e+04
2.115700000000000000e+04
2.126500000000000000e+04
2.130500000000000000e+04
2.130600000000000000e+04
2.134900000000000000e+04
2.143900000000000000e+04
2.145000000000000000e+04
2.145800000000000000e+04
2.148700000000000000e+04
2.172800000000000000e+04
2.189600000000000000e+04
2.194100000000000000e+04
2.208000000000000000e+04
2.219000000000000000e+04
2.220300000000000000e+04
2.221400000000000000e+04
2.223200000000000000e+04
2.227100000000000000e+04
2.227200000000000000e+04
2.236800000000000000e+04
2.242000000000000000e+04
2.243600000000000000e+04
2.271200000000000000e+04
2.277700000000000000e+04
2.286300000000000000e+04
2.289800000000000000e+04
2.300300000000000000e+04
2.300400000000000000e+04
2.301300000000000000e+04
2.304200000000000000e+04
2.315000000000000000e+04
2.321800000000000000e+04
2.323600000000000000e+04
2.341400000000000000e+04
2.341500000000000000e+04
2.341900000000000000e+04
2.352900000000000000e+04
2.353000000000000000e+04
2.359100000000000000e+04
2.359200000000000000e+04
2.366300000000000000e+04
2.373000000000000000e+04
2.373100000000000000e+04
2.398000000000000000e+04
2.407800000000000000e+04
2.407900000000000000e+04
2.413900000000000000e+04
2.423300000000000000e+04
2.423700000000000000e+04
2.427600000000000000e+04
2.427700000000000000e+04
2.434600000000000000e+04
2.438100000000000000e+04
2.446900000000000000e+04
2.461500000000000000e+04
2.466000000000000000e+04
2.466100000000000000e+04
2.469300000000000000e+04
2.470100000000000000e+04
2.470300000000000000e+04
2.479600000000000000e+04
2.480800000000000000e+04
2.485100000000000000e+04
2.489700000000000000e+04
2.503500000000000000e+04
2.510400000000000000e+04
2.519000000000000000e+04
2.537400000000000000e+04
2.542900000000000000e+04
2.559600000000000000e+04
2.568900000000000000e+04
2.571900000000000000e+04
2.572000000000000000e+04
2.577500000000000000e+04
2.580400000000000000e+04
2.586200000000000000e+04
2.593100000000000000e+04
2.593200000000000000e+04
2.596400000000000000e+04
2.596500000000000000e+04
2.599200000000000000e+04
2.602800000000000000e+04
2.609200000000000000e+04
2.621300000000000000e+04
2.623400000000000000e+04
2.625400000000000000e+04
2.635600000000000000e+04
2.646800000000000000e+04
2.662800000000000000e+04
2.670800000000000000e+04
2.707700000000000000e+04
2.713800000000000000e+04
2.720700000000000000e+04
2.721200000000000000e+04
2.721600000000000000e+04
2.731700000000000000e+04
2.735000000000000000e+04
2.738200000000000000e+04
2.746100000000000000e+04
2.747500000000000000e+04
2.748700000000000000e+04
2.770400000000000000e+04
2.784300000000000000e+04
2.797600000000000000e+04
2.833600000000000000e+04
2.834200000000000000e+04
2.836600000000000000e+04
2.847600000000000000e+04
2.859400000000000000e+04
2.862300000000000000e+04
2.865400000000000000e+04
2.870300000000000000e+04
2.870400000000000000e+04
2.872400000000000000e+04
2.881800000000000000e+04
2.907000000000000000e+04
2.907100000000000000e+04
2.919000000000000000e+04
2.922000000000000000e+04
2.924500000000000000e+04
2.926600000000000000e+04
2.935200000000000000e+04
2.936000000000000000e+04
2.952500000000000000e+04
2.956300000000000000e+04
2.961500000000000000e+04
2.971700000000000000e+04
2.972100000000000000e+04
2.976700000000000000e+04
2.981200000000000000e+04
2.989600000000000000e+04
2.991300000000000000e+04
2.993100000000000000e+04
3.002300000000000000e+04
3.007500000000000000e+04
3.029100000000000000e+04
3.033800000000000000e+04
3.033900000000000000e+04
3.061300000000000000e+04
3.070900000000000000e+04
3.078300000000000000e+04
3.078500000000000000e+04
3.083500000000000000e+04
3.085900000000000000e+04
3.089500000000000000e+04
3.095100000000000000e+04
3.105000000000000000e+04
3.109900000000000000e+04
3.116200000000000000e+04
3.116300000000000000e+04
3.121300000000000000e+04
3.147500000000000000e+04
3.156700000000000000e+04
3.158500000000000000e+04
3.159500000000000000e+04
3.159800000000000000e+04
3.164300000000000000e+04
3.164600000000000000e+04
3.176300000000000000e+04
3.176400000000000000e+04
3.189200000000000000e+04
3.189300000000000000e+04
3.191800000000000000e+04
3.209100000000000000e+04
3.209900000000000000e+04
3.213300000000000000e+04
3.217600000000000000e+04
3.228300000000000000e+04
3.250000000000000000e+04
3.256400000000000000e+04
3.272000000000000000e+04
3.274200000000000000e+04
3.275500000000000000e+04
3.293300000000000000e+04
3.312300000000000000e+04
3.312400000000000000e+04
3.314600000000000000e+04
3.316200000000000000e+04
3.322100000000000000e+04
3.333800000000000000e+04
3.351600000000000000e+04
3.353900000000000000e+04
3.357300000000000000e+04
3.362300000000000000e+04
3.369100000000000000e+04
3.374200000000000000e+04
3.380000000000000000e+04
3.396000000000000000e+04
3.404400000000000000e+04
3.405700000000000000e+04
3.410700000000000000e+04
3.417100000000000000e+04
3.428600000000000000e+04
3.442900000000000000e+04
3.477500000000000000e+04
3.493400000000000000e+04
3.494200000000000000e+04
3.510000000000000000e+04
3.526400000000000000e+04
3.539300000000000000e+04
3.555600000000000000e+04
3.557700000000000000e+04
3.583000000000000000e+04
3.583100000000000000e+04
3.587400000000000000e+04
3.605400000000000000e+04
3.606300000000000000e+04
3.606900000000000000e+04
3.609700000000000000e+04
3.620100000000000000e+04
3.620400000000000000e+04
3.620500000000000000e+04
3.620600000000000000e+04
3.623200000000000000e+04
3.626200000000000000e+04
3.627300000000000000e+04
3.658900000000000000e+04
3.660100000000000000e+04
3.666900000000000000e+04
3.668500000000000000e+04
3.681800000000000000e+04
3.691300000000000000e+04
3.709500000000000000e+04
3.714800000000000000e+04
3.722500000000000000e+04
3.728100000000000000e+04
3.730200000000000000e+04
3.732800000000000000e+04
3.738300000000000000e+04
3.742200000000000000e+04
3.743600000000000000e+04
3.745600000000000000e+04
3.746000000000000000e+04
3.760100000000000000e+04
3.760300000000000000e+04
3.760400000000000000e+04
3.764100000000000000e+04
3.767200000000000000e+04
3.770800000000000000e+04
3.791100000000000000e+04
3.796300000000000000e+04
3.831600000000000000e+04
3.849900000000000000e+04
3.851400000000000000e+04
3.859600000000000000e+04
3.868300000000000000e+04
3.870800000000000000e+04
3.872400000000000000e+04
3.874100000000000000e+04
3.877500000000000000e+04
3.886500000000000000e+04
3.889400000000000000e+04
3.894700000000000000e+04
3.912500000000000000e+04
3.918700000000000000e+04
3.924900000000000000e+04
3.928400000000000000e+04
3.937300000000000000e+04
3.953000000000000000e+04
3.962700000000000000e+04
3.969400000000000000e+04
3.975900000000000000e+04
4.009700000000000000e+04
4.020800000000000000e+04
4.067500000000000000e+04
4.072900000000000000e+04
4.077000000000000000e+04
4.090400000000000000e+04
4.090500000000000000e+04
4.107300000000000000e+04
4.121900000000000000e+04
4.130000000000000000e+04
4.131300000000000000e+04
4.135200000000000000e+04
4.140500000000000000e+04
4.145900000000000000e+04
4.153800000000000000e+04
4.154200000000000000e+04
4.159200000000000000e+04
4.163600000000000000e+04
4.165700000000000000e+04
4.167000000000000000e+04
4.193600000000000000e+04
4.197500000000000000e+04
4.209600000000000000e+04
4.213600000000000000e+04
4.215200000000000000e+04
4.217700000000000000e+04
4.218300000000000000e+04
4.222900000000000000e+04
4.231400000000000000e+04
4.241000000000000000e+04
4.249900000000000000e+04
4.251000000000000000e+04
4.263200000000000000e+04
4.263300000000000000e+04
4.268300000000000000e+04
4.279500000000000000e+04
4.287200000000000000e+04
4.289500000000000000e+04
4.291600000000000000e+04
4.296600000000000000e+04
4.316000000000000000e+04
4.343600000000000000e+04
4.347500000000000000e+04
4.348900000000000000e+04
4.359500000000000000e+04
4.376400000000000000e+04
4.377000000000000000e+04
4.394700000000000000e+04
4.399100000000000000e+04
4.415200000000000000e+04
4.424200000000000000e+04
4.432900000000000000e+04
4.435900000000000000e+04
4.442800000000000000e+04
4.466600000000000000e+04
4.473700000000000000e+04
4.488400000000000000e+04
4.493500000000000000e+04
4.494900000000000000e+04
4.504000000000000000e+04
4.504300000000000000e+04
4.512800000000000000e+04
4.522400000000000000e+04
4.529900000000000000e+04
4.530100000000000000e+04
4.533900000000000000e+04
4.540400000000000000e+04
4.552100000000000000e+04
4.563300000000000000e+04
4.565500000000000000e+04
4.569800000000000000e+04
4.575300000000000000e+04
4.578400000000000000e+04
4.581800000000000000e+04
4.595600000000000000e+04
4.596400000000000000e+04
4.597500000000000000e+04
4.598100000000000000e+04
4.600000000000000000e+04
4.606400000000000000e+04
4.616100000000000000e+04
4.618600000000000000e+04
4.620900000000000000e+04
4.628000000000000000e+04
4.636900000000000000e+04
4.643300000000000000e+04
4.661400000000000000e+04
4.670200000000000000e+04
4.676200000000000000e+04
4.677400000000000000e+04
4.680300000000000000e+04
4.688200000000000000e+04
4.692900000000000000e+04
4.693400000000000000e+04
4.696000000000000000e+04
4.706900000000000000e+04
4.707000000000000000e+04
4.707800000000000000e+04
4.727300000000000000e+04
4.730400000000000000e+04
4.731600000000000000e+04
4.733200000000000000e+04
4.737100000000000000e+04
4.739100000000000000e+04
4.741700000000000000e+04
4.747300000000000000e+04
4.759400000000000000e+04
4.760600000000000000e+04
4.762900000000000000e+04
4.767000000000000000e+04
4.788900000000000000e+04
4.792800000000000000e+04
4.794500000000000000e+04
4.802100000000000000e+04
4.815000000000000000e+04
4.832200000000000000e+04
4.835400000000000000e+04
4.844000000000000000e+04
4.851500000000000000e+04
4.866000000000000000e+04
4.873500000000000000e+04
4.888500000000000000e+04
4.897600000000000000e+04
4.904800000000000000e+04
4.918000000000000000e+04
4.921400000000000000e+04
4.923400000000000000e+04
4.963100000000000000e+04
4.965900000000000000e+04
4.972900000000000000e+04
4.980600000000000000e+04
4.987400000000000000e+04
4.989100000000000000e+04
4.990500000000000000e+04
4.998000000000000000e+04
5.003800000000000000e+04
5.010100000000000000e+04
5.015900000000000000e+04
5.019300000000000000e+04
5.023600000000000000e+04
5.029000000000000000e+04
5.030800000000000000e+04
5.032300000000000000e+04
5.051700000000000000e+04
5.073600000000000000e+04
5.077300000000000000e+04
5.079600000000000000e+04
5.079700000000000000e+04
5.086000000000000000e+04
5.105000000000000000e+04
5.107000000000000000e+04
5.113400000000000000e+04
5.115000000000000000e+04
5.127700000000000000e+04
5.129300000000000000e+04
5.134200000000000000e+04
5.134400000000000000e+04
5.144700000000000000e+04
5.156500000000000000e+04
5.157300000000000000e+04
5.159100000000000000e+04
5.161700000000000000e+04
5.179900000000000000e+04
5.186700000000000000e+04
5.189400000000000000e+04
5.193800000000000000e+04
5.193900000000000000e+04
5.209800000000000000e+04
5.212300000000000000e+04
5.224000000000000000e+04
5.233100000000000000e+04
5.249000000000000000e+04
5.251200000000000000e+04
5.260100000000000000e+04
5.262000000000000000e+04
5.264800000000000000e+04
5.272000000000000000e+04
5.280000000000000000e+04
5.288100000000000000e+04
5.295600000000000000e+04
5.304100000000000000e+04
5.309100000000000000e+04
5.309700000000000000e+04
5.311100000000000000e+04
5.327000000000000000e+04
5.341600000000000000e+04
5.349100000000000000e+04
5.362600000000000000e+04
5.373400000000000000e+04
5.374500000000000000e+04
5.374800000000000000e+04
5.384700000000000000e+04
5.384800000000000000e+04
5.389200000000000000e+04
5.391600000000000000e+04
5.395900000000000000e+04
5.398600000000000000e+04
5.421100000000000000e+04
5.425000000000000000e+04
5.426400000000000000e+04
5.449500000000000000e+04
5.451200000000000000e+04
5.457200000000000000e+04
5.477400000000000000e+04
5.480900000000000000e+04
5.492700000000000000e+04
5.492800000000000000e+04
5.502600000000000000e+04
5.506100000000000000e+04
5.508000000000000000e+04
5.538700000000000000e+04
5.558000000000000000e+04
5.563100000000000000e+04
5.574300000000000000e+04
5.576200000000000000e+04
5.576700000000000000e+04
5.576900000000000000e+04
5.586700000000000000e+04
5.587400000000000000e+04
5.607400000000000000e+04
5.608100000000000000e+04
5.618000000000000000e+04
5.624000000000000000e+04
5.625000000000000000e+04
5.661100000000000000e+04
5.663200000000000000e+04
5.667900000000000000e+04
5.688400000000000000e+04
5.695800000000000000e+04
5.696100000000000000e+04
5.702600000000000000e+04
5.707100000000000000e+04
5.713100000000000000e+04
5.714800000000000000e+04
5.719200000000000000e+04
5.733800000000000000e+04
5.740000000000000000e+04
5.747400000000000000e+04
5.750500000000000000e+04
5.752200000000000000e+04
5.758300000000000000e+04
5.762700000000000000e+04
5.763100000000000000e+04
5.765200000000000000e+04
5.766300000000000000e+04
5.771600000000000000e+04
5.784300000000000000e+04
5.793500000000000000e+04
5.793800000000000000e+04
5.793900000000000000e+04
5.795600000000000000e+04
5.798400000000000000e+04
5.801600000000000000e+04
5.813900000000000000e+04
5.816700000000000000e+04
5.833700000000000000e+04
5.840600000000000000e+04
5.852700000000000000e+04
5.853100000000000000e+04
5.859300000000000000e+04
5.872300000000000000e+04
5.878300000000000000e+04
5.879200000000000000e+04
5.882500000000000000e+04
5.882600000000000000e+04
5.894500000000000000e+04
5.898600000000000000e+04
5.910600000000000000e+04
5.912500000000000000e+04
5.916500000000000000e+04
5.923300000000000000e+04
5.925500000000000000e+04
5.930200000000000000e+04
5.951600000000000000e+04
5.986300000000000000e+04
5.996600000000000000e+04
6.000600000000000000e+04
6.003700000000000000e+04
6.018800000000000000e+04
6.020600000000000000e+04
6.021400000000000000e+04
6.071900000000000000e+04
6.073500000000000000e+04
6.079400000000000000e+04
6.107000000000000000e+04
6.118900000000000000e+04
6.119400000000000000e+04
6.120000000000000000e+04
6.126400000000000000e+04
6.129900000000000000e+04
6.136100000000000000e+04
6.136300000000000000e+04
6.141800000000000000e+04
6.144900000000000000e+04
6.151800000000000000e+04
6.161200000000000000e+04
6.162400000000000000e+04
6.164900000000000000e+04
6.176200000000000000e+04
6.184400000000000000e+04
6.193700000000000000e+04
6.203600000000000000e+04
6.203700000000000000e+04
6.204300000000000000e+04
6.206000000000000000e+04
6.207500000000000000e+04
6.208000000000000000e+04
6.219500000000000000e+04
6.221800000000000000e+04
6.223100000000000000e+04
6.225500000000000000e+04
6.229200000000000000e+04
6.235200000000000000e+04
6.237800000000000000e+04
6.238700000000000000e+04
6.243200000000000000e+04
6.247600000000000000e+04
6.249100000000000000e+04
6.256500000000000000e+04
6.261700000000000000e+04
6.268900000000000000e+04
6.283300000000000000e+04
6.284700000000000000e+04
6.285500000000000000e+04
6.285600000000000000e+04
6.305700000000000000e+04
6.307200000000000000e+04
6.308700000000000000e+04
6.316600000000000000e+04
6.322400000000000000e+04
6.325200000000000000e+04
6.330100000000000000e+04
6.330800000000000000e+04
6.338600000000000000e+04
6.342500000000000000e+04
6.353000000000000000e+04
6.353100000000000000e+04
6.367600000000000000e+04
6.367700000000000000e+04
6.378200000000000000e+04
6.391700000000000000e+04
6.395200000000000000e+04
6.401200000000000000e+04
6.405300000000000000e+04
6.406200000000000000e+04
6.415300000000000000e+04
6.419500000000000000e+04
6.452900000000000000e+04
6.455900000000000000e+04
6.461300000000000000e+04
6.461400000000000000e+04
6.489700000000000000e+04
6.490700000000000000e+04
6.491100000000000000e+04
6.498600000000000000e+04
6.510000000000000000e+04
6.519600000000000000e+04
6.526100000000000000e+04
6.526300000000000000e+04
6.530900000000000000e+04
6.539500000000000000e+04
6.546500000000000000e+04
6.550300000000000000e+04
6.551500000000000000e+04
6.556700000000000000e+04
6.590000000000000000e+04
6.604600000000000000e+04
6.618500000000000000e+04
6.628100000000000000e+04
6.649900000000000000e+04
6.654200000000000000e+04
6.654800000000000000e+04
6.655000000000000000e+04
6.671700000000000000e+04
6.679000000000000000e+04
6.682500000000000000e+04
6.696900000000000000e+04
6.731400000000000000e+04
6.732500000000000000e+04
6.739200000000000000e+04
6.748400000000000000e+04
6.750200000000000000e+04
6.753900000000000000e+04
6.770900000000000000e+04
6.771000000000000000e+04
6.777800000000000000e+04
6.784200000000000000e+04
6.787700000000000000e+04
6.806600000000000000e+04
6.807700000000000000e+04
6.813700000000000000e+04
6.818700000000000000e+04
6.826200000000000000e+04
6.828000000000000000e+04
6.830800000000000000e+04
6.838400000000000000e+04
6.847300000000000000e+04
6.855700000000000000e+04
6.855800000000000000e+04
6.857100000000000000e+04
6.865700000000000000e+04
6.871500000000000000e+04
6.875400000000000000e+04
6.881800000000000000e+04
6.893700000000000000e+04
6.908400000000000000e+04
6.911600000000000000e+04
6.915900000000000000e+04
6.920200000000000000e+04
6.920600000000000000e+04
6.941200000000000000e+04
6.959400000000000000e+04
6.980100000000000000e+04
6.989600000000000000e+04
6.990200000000000000e+04
7.009400000000000000e+04
7.024200000000000000e+04
7.033100000000000000e+04
7.038600000000000000e+04
7.043300000000000000e+04
7.047600000000000000e+04
7.048100000000000000e+04
7.054200000000000000e+04
7.061400000000000000e+04
7.067900000000000000e+04
7.068000000000000000e+04
7.068900000000000000e+04
7.071300000000000000e+04
7.077800000000000000e+04
7.079700000000000000e+04
7.080900000000000000e+04
7.104200000000000000e+04
7.107500000000000000e+04
7.123500000000000000e+04
7.162900000000000000e+04
7.168800000000000000e+04
7.170100000000000000e+04
7.171000000000000000e+04
7.172600000000000000e+04
7.181000000000000000e+04
7.184600000000000000e+04
7.185200000000000000e+04
7.188800000000000000e+04
7.205400000000000000e+04
7.209200000000000000e+04
7.229700000000000000e+04
7.247300000000000000e+04
7.247500000000000000e+04
7.247900000000000000e+04
7.248400000000000000e+04
7.252300000000000000e+04
7.255400000000000000e+04
7.273100000000000000e+04
7.285600000000000000e+04
7.292300000000000000e+04
7.295000000000000000e+04
7.296600000000000000e+04
7.298700000000000000e+04
7.304200000000000000e+04
7.316300000000000000e+04
7.322800000000000000e+04
7.325000000000000000e+04
7.331600000000000000e+04
7.334500000000000000e+04
7.348700000000000000e+04
7.357200000000000000e+04
7.359500000000000000e+04
7.365300000000000000e+04
7.393900000000000000e+04
7.396400000000000000e+04
7.406600000000000000e+04
7.407600000000000000e+04
7.414300000000000000e+04
7.416900000000000000e+04
7.418700000000000000e+04
7.421400000000000000e+04
7.444800000000000000e+04
7.444900000000000000e+04
7.456600000000000000e+04
7.460300000000000000e+04
7.466100000000000000e+04
7.470900000000000000e+04
7.476500000000000000e+04
7.482400000000000000e+04
7.486200000000000000e+04
7.486700000000000000e+04
7.500100000000000000e+04
7.500700000000000000e+04
7.504700000000000000e+04
7.506700000000000000e+04
7.528800000000000000e+04
7.532800000000000000e+04
7.542300000000000000e+04
7.547500000000000000e+04
7.564800000000000000e+04
7.576100000000000000e+04
7.589600000000000000e+04
7.601200000000000000e+04
7.602200000000000000e+04
7.603700000000000000e+04
7.607300000000000000e+04
7.609100000000000000e+04
7.614000000000000000e+04
7.619000000000000000e+04
7.638600000000000000e+04
7.646000000000000000e+04
7.653900000000000000e+04
7.654000000000000000e+04
7.670700000000000000e+04
7.671400000000000000e+04
7.677700000000000000e+04
7.685400000000000000e+04
7.689300000000000000e+04
7.714100000000000000e+04
7.714400000000000000e+04
7.739500000000000000e+04
7.741900000000000000e+04
7.779200000000000000e+04
7.792300000000000000e+04
7.794600000000000000e+04
7.795200000000000000e+04
7.803200000000000000e+04
7.803300000000000000e+04
7.806400000000000000e+04
7.830800000000000000e+04
7.833400000000000000e+04
7.834500000000000000e+04
7.842700000000000000e+04
7.866900000000000000e+04
7.867000000000000000e+04
7.871400000000000000e+04
7.877800000000000000e+04
7.881600000000000000e+04
7.891300000000000000e+04
7.892400000000000000e+04
7.896700000000000000e+04
7.900900000000000000e+04
7.904500000000000000e+04
7.909500000000000000e+04
7.919900000000000000e+04
7.920400000000000000e+04
7.921300000000000000e+04
7.932200000000000000e+04
7.936000000000000000e+04
7.941100000000000000e+04
7.943900000000000000e+04
7.945400000000000000e+04
7.946300000000000000e+04
7.961800000000000000e+04
7.962200000000000000e+04
7.969800000000000000e+04
7.983100000000000000e+04
8.013600000000000000e+04
8.023000000000000000e+04
8.035700000000000000e+04
8.037100000000000000e+04
8.040800000000000000e+04
8.041400000000000000e+04
8.042600000000000000e+04
8.043600000000000000e+04
8.048000000000000000e+04
8.053000000000000000e+04
8.054200000000000000e+04
8.068300000000000000e+04
8.087600000000000000e+04
8.089100000000000000e+04
8.095500000000000000e+04
8.096100000000000000e+04
8.102900000000000000e+04
8.104200000000000000e+04
8.108800000000000000e+04
8.110700000000000000e+04
8.111700000000000000e+04
8.115000000000000000e+04
8.122400000000000000e+04
8.135900000000000000e+04
8.141300000000000000e+04
8.148700000000000000e+04
8.152500000000000000e+04
8.159500000000000000e+04
8.171000000000000000e+04
8.179100000000000000e+04
8.180100000000000000e+04
8.181400000000000000e+04
8.197100000000000000e+04
8.205700000000000000e+04
8.220200000000000000e+04
8.226600000000000000e+04
8.242100000000000000e+04
8.267700000000000000e+04
8.267900000000000000e+04
8.271300000000000000e+04
8.274900000000000000e+04
8.329200000000000000e+04
8.331500000000000000e+04
8.332000000000000000e+04
8.340300000000000000e+04
8.343000000000000000e+04
8.351000000000000000e+04
8.356400000000000000e+04
8.374800000000000000e+04
8.379100000000000000e+04
8.398300000000000000e+04
8.408100000000000000e+04
8.408300000000000000e+04
8.429100000000000000e+04
8.436000000000000000e+04
8.446400000000000000e+04
8.446600000000000000e+04
8.447500000000000000e+04
8.449200000000000000e+04
8.450400000000000000e+04
8.457100000000000000e+04
8.462500000000000000e+04
8.470900000000000000e+04
8.472900000000000000e+04
8.474700000000000000e+04
8.489000000000000000e+04
8.498100000000000000e+04
8.499000000000000000e+04
8.505500000000000000e+04
8.506500000000000000e+04
8.510100000000000000e+04
8.525800000000000000e+04
8.563100000000000000e+04
8.563500000000000000e+04
8.582000000000000000e+04
8.583100000000000000e+04
8.587400000000000000e+04
8.593000000000000000e+04
8.609600000000000000e+04
8.625900000000000000e+04
8.638100000000000000e+04
8.639300000000000000e+04
8.642100000000000000e+04
8.643000000000000000e+04
8.647000000000000000e+04
8.653700000000000000e+04
8.660000000000000000e+04
8.690900000000000000e+04
8.693000000000000000e+04
8.704300000000000000e+04
8.706200000000000000e+04
8.711000000000000000e+04
8.724100000000000000e+04
8.726300000000000000e+04
8.728300000000000000e+04
8.732800000000000000e+04
8.752300000000000000e+04
8.757300000000000000e+04
8.759900000000000000e+04
8.771300000000000000e+04
8.774000000000000000e+04
8.776100000000000000e+04
8.792000000000000000e+04
8.798400000000000000e+04
8.801000000000000000e+04
8.803600000000000000e+04
8.813800000000000000e+04
8.818600000000000000e+04
8.819500000000000000e+04
8.820200000000000000e+04
8.824400000000000000e+04
8.834800000000000000e+04
8.838500000000000000e+04
8.841100000000000000e+04
8.842400000000000000e+04
8.844700000000000000e+04
8.849200000000000000e+04
8.849900000000000000e+04
8.850600000000000000e+04
8.866300000000000000e+04
8.867800000000000000e+04
8.881400000000000000e+04
8.900700000000000000e+04
8.908900000000000000e+04
8.912700000000000000e+04
8.924300000000000000e+04
