2.920000000000000000e+02
5.220000000000000000e+02
6.690000000000000000e+02
6.970000000000000000e+02
9.330000000000000000e+02
9.340000000000000000e+02
1.014000000000000000e+03
1.080000000000000000e+03
1.164000000000000000e+03
1.353000000000000000e+03
1.354000000000000000e+03
1.440000000000000000e+03
1.441000000000000000e+03
1.863000000000000000e+03
2.045000000000000000e+03
2.156000000000000000e+03
2.157000000000000000e+03
2.362000000000000000e+03
2.363000000000000000e+03
2.476000000000000000e+03
2.479000000000000000e+03
2.619000000000000000e+03
2.651000000000000000e+03
2.771000000000000000e+03
2.772000000000000000e+03
2.790000000000000000e+03
2.800000000000000000e+03
2.801000000000000000e+03
3.203000000000000000e+03
3.204000000000000000e+03
3.241000000000000000e+03
3.315000000000000000e+03
3.372000000000000000e+03
3.373000000000000000e+03
3.568000000000000000e+03
3.569000000000000000e+03
3.833000000000000000e+03
3.847000000000000000e+03
4.278000000000000000e+03
4.410000000000000000e+03
4.411000000000000000e+03
4.516000000000000000e+03
4.534000000000000000e+03
4.558000000000000000e+03
4.559000000000000000e+03
4.609000000000000000e+03
4.610000000000000000e+03
4.656000000000000000e+03
5.022000000000000000e+03
5.070000000000000000e+03
5.111000000000000000e+03
5.213000000000000000e+03
5.291000000000000000e+03
5.604000000000000000e+03
5.605000000000000000e+03
5.628000000000000000e+03
5.676000000000000000e+03
6.066000000000000000e+03
6.163000000000000000e+03
6.204000000000000000e+03
6.205000000000000000e+03
6.510000000000000000e+03
6.558000000000000000e+03
6.704000000000000000e+03
6.789000000000000000e+03
7.415000000000000000e+03
7.416000000000000000e+03
7.527000000000000000e+03
7.596000000000000000e+03
7.602000000000000000e+03
7.603000000000000000e+03
7.787000000000000000e+03
7.788000000000000000e+03
8.079000000000000000e+03
8.080000000000000000e+03
8.618000000000000000e+03
9.119000000000000000e+03
9.196000000000000000e+03
9.387000000000000000e+03
9.388000000000000000e+03
1.051600000000000000e+04
1.065100000000000000e+04
1.065200000000000000e+04
1.109900000000000000e+04
1.117900000000000000e+04
1.118000000000000000e+04
1.138500000000000000e+04
1.138600000000000000e+04
1.151100000000000000e+04
1.155800000000000000e+04
1.189400000000000000e+04
1.193200000000000000e+04
1.194200000000000000e+04
1.206500000000000000e+04
1.232700000000000000e+04
1.232800000000000000e+04
1.241900000000000000e+04
1.293300000000000000e+04
1.314000000000000000e+04
1.314100000000000000e+04
1.330800000000000000e+04
1.333000000000000000e+04
1.333100000000000000e+04
1.343000000000000000e+04
1.364100000000000000e+04
1.380700000000000000e+04
1.435000000000000000e+04
1.439600000000000000e+04
1.449800000000000000e+04
1.467000000000000000e+04
1.467100000000000000e+04
1.528200000000000000e+04
1.542700000000000000e+04
1.544700000000000000e+04
1.573600000000000000e+04
1.593100000000000000e+04
1.593200000000000000e+04
1.602500000000000000e+04
1.615500000000000000e+04
1.638500000000000000e+04
1.655000000000000000e+04
1.670700000000000000e+04
1.670800000000000000e+04
1.678000000000000000e+04
1.678600000000000000e+04
1.678700000000000000e+04
1.693300000000000000e+04
1.695100000000000000e+04
1.696300000000000000e+04
1.696400000000000000e+04
1.696600000000000000e+04
1.716900000000000000e+04
1.717000000000000000e+04
1.746200000000000000e+04
1.770400000000000000e+04
1.770600000000000000e+04
1.770700000000000000e+04
1.823100000000000000e+04
1.823200000000000000e+04
1.827200000000000000e+04
1.827300000000000000e+04
1.839100000000000000e+04
1.839200000000000000e+04
1.843700000000000000e+04
1.846400000000000000e+04
1.848800000000000000e+04
1.851400000000000000e+04
1.868800000000000000e+04
1.868900000000000000e+04
1.869700000000000000e+04
1.869800000000000000e+04
1.891900000000000000e+04
1.896200000000000000e+04
1.916100000000000000e+04
1.968600000000000000e+04
1.978800000000000000e+04
1.985300000000000000e+04
1.988700000000000000e+04
1.989200000000000000e+04
1.991800000000000000e+04
1.992700000000000000e+04
1.992800000000000000e+04
1.999700000000000000e+04
2.008300000000000000e+04
2.011300000000000000e+04
2.040800000000000000e+04
2.046000000000000000e+04
2.056500000000000000e+04
2.075100000000000000e+04
2.075200000000000000e+04
2.100200000000000000e+04
2.111200000000000000e+04
2.126400000000000000e+04
2.131000000000000000e+04
2.180600000000000000e+04
2.193700000000000000e+04
2.193800000000000000e+04
2.212300000000000000e+04
2.229300000000000000e+04
2.231400000000000000e+04
2.244800000000000000e+04
2.258600000000000000e+04
2.258700000000000000e+04
2.279100000000000000e+04
2.283600000000000000e+04
2.285600000000000000e+04
2.307700000000000000e+04
2.308400000000000000e+04
2.308500000000000000e+04
2.331300000000000000e+04
2.366100000000000000e+04
2.366200000000000000e+04
2.377800000000000000e+04
2.406700000000000000e+04
2.408700000000000000e+04
2.409300000000000000e+04
2.409400000000000000e+04
2.444500000000000000e+04
2.447000000000000000e+04
2.453500000000000000e+04
2.465000000000000000e+04
2.472600000000000000e+04
2.475500000000000000e+04
2.495100000000000000e+04
2.502100000000000000e+04
2.511100000000000000e+04
2.513400000000000000e+04
2.532800000000000000e+04
2.564700000000000000e+04
2.565300000000000000e+04
2.571500000000000000e+04
2.592700000000000000e+04
2.613300000000000000e+04
2.613400000000000000e+04
2.625600000000000000e+04
2.642400000000000000e+04
2.676900000000000000e+04
2.694200000000000000e+04
2.698900000000000000e+04
2.724900000000000000e+04
2.725000000000000000e+04
2.733000000000000000e+04
2.739000000000000000e+04
2.744900000000000000e+04
2.746000000000000000e+04
2.758200000000000000e+04
2.771300000000000000e+04
2.780300000000000000e+04
2.793500000000000000e+04
2.803300000000000000e+04
2.813000000000000000e+04
2.830400000000000000e+04
2.832900000000000000e+04
2.839700000000000000e+04
2.855600000000000000e+04
2.863000000000000000e+04
2.863500000000000000e+04
2.864000000000000000e+04
2.867000000000000000e+04
2.869500000000000000e+04
2.869600000000000000e+04
2.870900000000000000e+04
2.871000000000000000e+04
2.894600000000000000e+04
2.894700000000000000e+04
2.894900000000000000e+04
2.899000000000000000e+04
2.899100000000000000e+04
2.907600000000000000e+04
2.909100000000000000e+04
2.919400000000000000e+04
2.921300000000000000e+04
2.925200000000000000e+04
2.943100000000000000e+04
2.946300000000000000e+04
2.963000000000000000e+04
2.967500000000000000e+04
2.985200000000000000e+04
2.990300000000000000e+04
3.016900000000000000e+04
3.026100000000000000e+04
3.033000000000000000e+04
3.033100000000000000e+04
3.057500000000000000e+04
3.059700000000000000e+04
3.108000000000000000e+04
3.162100000000000000e+04
3.169800000000000000e+04
3.174600000000000000e+04
3.186800000000000000e+04
3.188300000000000000e+04
3.205600000000000000e+04
3.207400000000000000e+04
3.247900000000000000e+04
3.249500000000000000e+04
3.252600000000000000e+04
3.252700000000000000e+04
3.297700000000000000e+04
3.339300000000000000e+04
3.347300000000000000e+04
3.349700000000000000e+04
3.362100000000000000e+04
3.395600000000000000e+04
3.399200000000000000e+04
3.399300000000000000e+04
3.402100000000000000e+04
3.408600000000000000e+04
3.434800000000000000e+04
3.443100000000000000e+04
3.445500000000000000e+04
3.450900000000000000e+04
3.470700000000000000e+04
3.513000000000000000e+04
3.529300000000000000e+04
3.580400000000000000e+04
3.591200000000000000e+04
3.600400000000000000e+04
3.603400000000000000e+04
3.610000000000000000e+04
3.628700000000000000e+04
3.647600000000000000e+04
3.648000000000000000e+04
3.679200000000000000e+04
3.679300000000000000e+04
3.681600000000000000e+04
3.685300000000000000e+04
3.685400000000000000e+04
3.701500000000000000e+04
3.709400000000000000e+04
3.711500000000000000e+04
3.728000000000000000e+04
3.735900000000000000e+04
3.750000000000000000e+04
3.750100000000000000e+04
3.754100000000000000e+04
3.761300000000000000e+04
3.763300000000000000e+04
3.764400000000000000e+04
3.768800000000000000e+04
3.768900000000000000e+04
3.796600000000000000e+04
3.798100000000000000e+04
3.798200000000000000e+04
3.819100000000000000e+04
3.840800000000000000e+04
3.844200000000000000e+04
3.846400000000000000e+04
3.879800000000000000e+04
3.879900000000000000e+04
3.887000000000000000e+04
3.888600000000000000e+04
3.893100000000000000e+04
3.901300000000000000e+04
3.915200000000000000e+04
3.932100000000000000e+04
3.940900000000000000e+04
3.971700000000000000e+04
3.980700000000000000e+04
3.990300000000000000e+04
3.993200000000000000e+04
4.013600000000000000e+04
4.039300000000000000e+04
4.048900000000000000e+04
4.050700000000000000e+04
4.055300000000000000e+04
4.064500000000000000e+04
4.123400000000000000e+04
4.127300000000000000e+04
4.127700000000000000e+04
4.133900000000000000e+04
4.136500000000000000e+04
4.142500000000000000e+04
4.142600000000000000e+04
4.157300000000000000e+04
4.168200000000000000e+04
4.168300000000000000e+04
4.188500000000000000e+04
4.208400000000000000e+04
4.219300000000000000e+04
4.247100000000000000e+04
4.262200000000000000e+04
4.276500000000000000e+04
4.295700000000000000e+04
4.313600000000000000e+04
4.314200000000000000e+04
4.321800000000000000e+04
4.329300000000000000e+04
4.363000000000000000e+04
4.380200000000000000e+04
4.380300000000000000e+04
4.411000000000000000e+04
4.453100000000000000e+04
4.460300000000000000e+04
4.511900000000000000e+04
4.512100000000000000e+04
4.539600000000000000e+04
4.546200000000000000e+04
4.546300000000000000e+04
4.549100000000000000e+04
4.566000000000000000e+04
4.574200000000000000e+04
4.575600000000000000e+04
4.584600000000000000e+04
4.604800000000000000e+04
4.620200000000000000e+04
4.645400000000000000e+04
4.646800000000000000e+04
4.646900000000000000e+04
4.660100000000000000e+04
4.689400000000000000e+04
4.698800000000000000e+04
4.699800000000000000e+04
4.713800000000000000e+04
4.721300000000000000e+04
4.721400000000000000e+04
4.724000000000000000e+04
4.747400000000000000e+04
4.762200000000000000e+04
4.778200000000000000e+04
4.779100000000000000e+04
4.784100000000000000e+04
4.797000000000000000e+04
4.802600000000000000e+04
4.825300000000000000e+04
4.831900000000000000e+04
4.849500000000000000e+04
4.871600000000000000e+04
4.873700000000000000e+04
4.880400000000000000e+04
4.885700000000000000e+04
4.894500000000000000e+04
4.934000000000000000e+04
4.941200000000000000e+04
4.942200000000000000e+04
4.945000000000000000e+04
4.946900000000000000e+04
4.979300000000000000e+04
4.979700000000000000e+04
5.000300000000000000e+04
5.019700000000000000e+04
5.020600000000000000e+04
5.046100000000000000e+04
5.049400000000000000e+04
5.060600000000000000e+04
5.077400000000000000e+04
5.090500000000000000e+04
5.096600000000000000e+04
5.117700000000000000e+04
5.127900000000000000e+04
5.129600000000000000e+04
5.133000000000000000e+04
5.135200000000000000e+04
5.136700000000000000e+04
5.136900000000000000e+04
5.142500000000000000e+04
5.146800000000000000e+04
5.153600000000000000e+04
5.162800000000000000e+04
5.163400000000000000e+04
5.163500000000000000e+04
5.272800000000000000e+04
5.286500000000000000e+04
5.294400000000000000e+04
5.296400000000000000e+04
5.333200000000000000e+04
5.341100000000000000e+04
5.346300000000000000e+04
5.376600000000000000e+04
5.383800000000000000e+04
5.390000000000000000e+04
5.405400000000000000e+04
5.405900000000000000e+04
5.419800000000000000e+04
5.419900000000000000e+04
5.464600000000000000e+04
5.464700000000000000e+04
5.517700000000000000e+04
5.524100000000000000e+04
5.529600000000000000e+04
5.540600000000000000e+04
5.566200000000000000e+04
5.591900000000000000e+04
5.598600000000000000e+04
5.632200000000000000e+04
5.646000000000000000e+04
5.647800000000000000e+04
5.648800000000000000e+04
5.711200000000000000e+04
5.733300000000000000e+04
5.757400000000000000e+04
5.765500000000000000e+04
5.768200000000000000e+04
5.770400000000000000e+04
5.790800000000000000e+04
5.791900000000000000e+04
5.803100000000000000e+04
5.806800000000000000e+04
5.820300000000000000e+04
5.826100000000000000e+04
5.849300000000000000e+04
5.910300000000000000e+04
5.919300000000000000e+04
5.930000000000000000e+04
5.931700000000000000e+04
5.968200000000000000e+04
5.970100000000000000e+04
5.973100000000000000e+04
5.976100000000000000e+04
5.978200000000000000e+04
5.982600000000000000e+04
5.998100000000000000e+04
6.003500000000000000e+04
6.020000000000000000e+04
6.033800000000000000e+04
6.035900000000000000e+04
6.037100000000000000e+04
6.037400000000000000e+04
6.072900000000000000e+04
6.080000000000000000e+04
6.090600000000000000e+04
6.125600000000000000e+04
6.127800000000000000e+04
6.146600000000000000e+04
6.157800000000000000e+04
6.189700000000000000e+04
6.190400000000000000e+04
6.233400000000000000e+04
6.315800000000000000e+04
6.320100000000000000e+04
6.335700000000000000e+04
6.336600000000000000e+04
6.343600000000000000e+04
6.350000000000000000e+04
6.405200000000000000e+04
6.435800000000000000e+04
6.438200000000000000e+04
6.471100000000000000e+04
6.482200000000000000e+04
6.511100000000000000e+04
6.531100000000000000e+04
6.539000000000000000e+04
6.555400000000000000e+04
6.580100000000000000e+04
6.584800000000000000e+04
6.585900000000000000e+04
6.590900000000000000e+04
6.602200000000000000e+04
6.623100000000000000e+04
6.624000000000000000e+04
6.628000000000000000e+04
6.648200000000000000e+04
6.655400000000000000e+04
6.686100000000000000e+04
6.709400000000000000e+04
6.742000000000000000e+04
6.743200000000000000e+04
6.768000000000000000e+04
6.815200000000000000e+04
6.821500000000000000e+04
6.830400000000000000e+04
6.867500000000000000e+04
6.880700000000000000e+04
6.898300000000000000e+04
6.905000000000000000e+04
6.924600000000000000e+04
6.937400000000000000e+04
6.955500000000000000e+04
6.967500000000000000e+04
6.968200000000000000e+04
6.985200000000000000e+04
6.999500000000000000e+04
7.000800000000000000e+04
7.012800000000000000e+04
7.017000000000000000e+04
7.027800000000000000e+04
7.032600000000000000e+04
7.041600000000000000e+04
7.072600000000000000e+04
7.083000000000000000e+04
7.087000000000000000e+04
7.092900000000000000e+04
7.113500000000000000e+04
7.126800000000000000e+04
7.139400000000000000e+04
7.157500000000000000e+04
7.161400000000000000e+04
7.164500000000000000e+04
7.202100000000000000e+04
7.206100000000000000e+04
7.220100000000000000e+04
7.263500000000000000e+04
7.290000000000000000e+04
7.297900000000000000e+04
7.303500000000000000e+04
7.309500000000000000e+04
7.316600000000000000e+04
7.319400000000000000e+04
7.319800000000000000e+04
7.334900000000000000e+04
7.349300000000000000e+04
7.358000000000000000e+04
7.365700000000000000e+04
7.373500000000000000e+04
7.388500000000000000e+04
7.416300000000000000e+04
7.455800000000000000e+04
7.491800000000000000e+04
7.529000000000000000e+04
7.534200000000000000e+04
7.538400000000000000e+04
7.538500000000000000e+04
7.622700000000000000e+04
7.690100000000000000e+04
7.696200000000000000e+04
7.710400000000000000e+04
7.712900000000000000e+04
7.718700000000000000e+04
7.733100000000000000e+04
7.783100000000000000e+04
7.797400000000000000e+04
7.805000000000000000e+04
7.811700000000000000e+04
7.823500000000000000e+04
7.832200000000000000e+04
7.838600000000000000e+04
7.840500000000000000e+04
7.859800000000000000e+04
7.869700000000000000e+04
7.876600000000000000e+04
7.879100000000000000e+04
7.883300000000000000e+04
7.897300000000000000e+04
7.907200000000000000e+04
7.964000000000000000e+04
7.973300000000000000e+04
7.981300000000000000e+04
7.995800000000000000e+04
7.999700000000000000e+04
8.005900000000000000e+04
8.046400000000000000e+04
8.075600000000000000e+04
8.078900000000000000e+04
8.081500000000000000e+04
8.092200000000000000e+04
8.148000000000000000e+04
8.148600000000000000e+04
8.152100000000000000e+04
8.176500000000000000e+04
8.184600000000000000e+04
8.197700000000000000e+04
8.206300000000000000e+04
8.209000000000000000e+04
8.234200000000000000e+04
8.235700000000000000e+04
8.244300000000000000e+04
8.251800000000000000e+04
8.276600000000000000e+04
8.282400000000000000e+04
8.290600000000000000e+04
8.310500000000000000e+04
8.315600000000000000e+04
8.315800000000000000e+04
8.326000000000000000e+04
8.335900000000000000e+04
8.359000000000000000e+04
8.373400000000000000e+04
8.380200000000000000e+04
8.381700000000000000e+04
8.390600000000000000e+04
8.407400000000000000e+04
8.418500000000000000e+04
8.446700000000000000e+04
8.462200000000000000e+04
8.471500000000000000e+04
8.489300000000000000e+04
8.542300000000000000e+04
8.555600000000000000e+04
8.557700000000000000e+04
8.563300000000000000e+04
8.564800000000000000e+04
8.572500000000000000e+04
8.586100000000000000e+04
8.586700000000000000e+04
8.631500000000000000e+04
8.646900000000000000e+04
8.661200000000000000e+04
8.678200000000000000e+04
8.684600000000000000e+04
8.709000000000000000e+04
8.712700000000000000e+04
8.731600000000000000e+04
8.733500000000000000e+04
8.743400000000000000e+04
8.746900000000000000e+04
8.768500000000000000e+04
8.774200000000000000e+04
8.775100000000000000e+04
8.780100000000000000e+04
8.781700000000000000e+04
8.786200000000000000e+04
8.792300000000000000e+04
8.802400000000000000e+04
8.814700000000000000e+04
8.889800000000000000e+04
8.897200000000000000e+04
8.901900000000000000e+04
8.903900000000000000e+04
8.912600000000000000e+04
