1.200000000000000000e+01
4.900000000000000000e+01
5.100000000000000000e+01
7.400000000000000000e+01
8.800000000000000000e+01
9.800000000000000000e+01
1.050000000000000000e+02
1.330000000000000000e+02
2.850000000000000000e+02
2.940000000000000000e+02
3.030000000000000000e+02
3.540000000000000000e+02
3.950000000000000000e+02
5.040000000000000000e+02
5.730000000000000000e+02
6.050000000000000000e+02
6.150000000000000000e+02
6.230000000000000000e+02
6.340000000000000000e+02
6.810000000000000000e+02
6.870000000000000000e+02
6.880000000000000000e+02
6.990000000000000000e+02
7.040000000000000000e+02
7.570000000000000000e+02
7.820000000000000000e+02
8.300000000000000000e+02
8.480000000000000000e+02
8.960000000000000000e+02
9.160000000000000000e+02
9.220000000000000000e+02
9.380000000000000000e+02
1.015000000000000000e+03
1.068000000000000000e+03
1.151000000000000000e+03
1.157000000000000000e+03
1.167000000000000000e+03
1.184000000000000000e+03
1.259000000000000000e+03
1.270000000000000000e+03
1.356000000000000000e+03
1.392000000000000000e+03
1.405000000000000000e+03
1.467000000000000000e+03
1.497000000000000000e+03
1.578000000000000000e+03
1.597000000000000000e+03
1.600000000000000000e+03
1.601000000000000000e+03
1.645000000000000000e+03
1.664000000000000000e+03
1.669000000000000000e+03
1.709000000000000000e+03
1.713000000000000000e+03
1.732000000000000000e+03
1.739000000000000000e+03
1.778000000000000000e+03
1.797000000000000000e+03
1.861000000000000000e+03
1.866000000000000000e+03
2.078000000000000000e+03
2.245000000000000000e+03
2.247000000000000000e+03
2.255000000000000000e+03
2.292000000000000000e+03
2.314000000000000000e+03
2.350000000000000000e+03
2.400000000000000000e+03
2.466000000000000000e+03
2.588000000000000000e+03
2.594000000000000000e+03
2.624000000000000000e+03
2.641000000000000000e+03
2.695000000000000000e+03
2.739000000000000000e+03
2.884000000000000000e+03
2.896000000000000000e+03
2.904000000000000000e+03
2.935000000000000000e+03
2.938000000000000000e+03
2.953000000000000000e+03
3.143000000000000000e+03
3.196000000000000000e+03
3.211000000000000000e+03
3.241000000000000000e+03
3.265000000000000000e+03
3.271000000000000000e+03
3.291000000000000000e+03
3.301000000000000000e+03
3.302000000000000000e+03
3.311000000000000000e+03
3.372000000000000000e+03
3.386000000000000000e+03
3.388000000000000000e+03
3.467000000000000000e+03
3.482000000000000000e+03
3.488000000000000000e+03
3.520000000000000000e+03
3.528000000000000000e+03
3.633000000000000000e+03
3.640000000000000000e+03
3.643000000000000000e+03
3.644000000000000000e+03
3.678000000000000000e+03
3.707000000000000000e+03
3.716000000000000000e+03
3.772000000000000000e+03
3.808000000000000000e+03
3.828000000000000000e+03
3.865000000000000000e+03
3.901000000000000000e+03
3.913000000000000000e+03
3.952000000000000000e+03
3.976000000000000000e+03
3.983000000000000000e+03
3.996000000000000000e+03
4.027000000000000000e+03
4.050000000000000000e+03
4.063000000000000000e+03
4.076000000000000000e+03
4.160000000000000000e+03
4.185000000000000000e+03
4.257000000000000000e+03
4.300000000000000000e+03
4.307000000000000000e+03
4.318000000000000000e+03
4.324000000000000000e+03
4.325000000000000000e+03
4.332000000000000000e+03
4.358000000000000000e+03
4.417000000000000000e+03
4.419000000000000000e+03
4.426000000000000000e+03
4.482000000000000000e+03
4.516000000000000000e+03
4.521000000000000000e+03
4.556000000000000000e+03
4.576000000000000000e+03
4.616000000000000000e+03
4.622000000000000000e+03
4.637000000000000000e+03
4.674000000000000000e+03
4.740000000000000000e+03
4.836000000000000000e+03
4.846000000000000000e+03
4.858000000000000000e+03
4.859000000000000000e+03
4.862000000000000000e+03
4.869000000000000000e+03
4.932000000000000000e+03
4.970000000000000000e+03
5.004000000000000000e+03
5.011000000000000000e+03
5.028000000000000000e+03
5.059000000000000000e+03
5.066000000000000000e+03
5.085000000000000000e+03
5.103000000000000000e+03
5.130000000000000000e+03
5.177000000000000000e+03
5.193000000000000000e+03
5.231000000000000000e+03
5.232000000000000000e+03
5.255000000000000000e+03
5.300000000000000000e+03
5.344000000000000000e+03
5.385000000000000000e+03
5.480000000000000000e+03
5.482000000000000000e+03
5.528000000000000000e+03
5.534000000000000000e+03
5.540000000000000000e+03
5.543000000000000000e+03
5.606000000000000000e+03
5.612000000000000000e+03
5.621000000000000000e+03
5.687000000000000000e+03
5.695000000000000000e+03
5.728000000000000000e+03
5.732000000000000000e+03
5.741000000000000000e+03
5.759000000000000000e+03
5.795000000000000000e+03
5.824000000000000000e+03
5.836000000000000000e+03
5.843000000000000000e+03
5.856000000000000000e+03
5.858000000000000000e+03
5.893000000000000000e+03
5.921000000000000000e+03
5.963000000000000000e+03
5.980000000000000000e+03
5.997000000000000000e+03
6.003000000000000000e+03
6.006000000000000000e+03
6.082000000000000000e+03
6.085000000000000000e+03
6.091000000000000000e+03
6.100000000000000000e+03
6.113000000000000000e+03
6.123000000000000000e+03
6.142000000000000000e+03
6.151000000000000000e+03
6.166000000000000000e+03
6.238000000000000000e+03
6.311000000000000000e+03
6.352000000000000000e+03
6.375000000000000000e+03
6.422000000000000000e+03
6.488000000000000000e+03
6.502000000000000000e+03
6.550000000000000000e+03
6.568000000000000000e+03
6.609000000000000000e+03
6.628000000000000000e+03
6.641000000000000000e+03
6.653000000000000000e+03
6.667000000000000000e+03
6.717000000000000000e+03
6.718000000000000000e+03
6.729000000000000000e+03
6.731000000000000000e+03
6.740000000000000000e+03
6.757000000000000000e+03
6.758000000000000000e+03
6.774000000000000000e+03
6.789000000000000000e+03
6.902000000000000000e+03
6.906000000000000000e+03
6.918000000000000000e+03
6.927000000000000000e+03
6.935000000000000000e+03
6.945000000000000000e+03
6.967000000000000000e+03
6.974000000000000000e+03
6.996000000000000000e+03
7.069000000000000000e+03
7.073000000000000000e+03
7.124000000000000000e+03
7.148000000000000000e+03
7.165000000000000000e+03
7.209000000000000000e+03
7.226000000000000000e+03
7.267000000000000000e+03
7.283000000000000000e+03
7.290000000000000000e+03
7.310000000000000000e+03
7.312000000000000000e+03
7.357000000000000000e+03
7.364000000000000000e+03
7.424000000000000000e+03
7.431000000000000000e+03
7.436000000000000000e+03
7.457000000000000000e+03
7.479000000000000000e+03
7.500000000000000000e+03
7.504000000000000000e+03
7.532000000000000000e+03
7.534000000000000000e+03
7.543000000000000000e+03
7.544000000000000000e+03
7.615000000000000000e+03
7.639000000000000000e+03
7.673000000000000000e+03
7.745000000000000000e+03
7.760000000000000000e+03
7.783000000000000000e+03
7.788000000000000000e+03
7.842000000000000000e+03
7.865000000000000000e+03
7.867000000000000000e+03
7.878000000000000000e+03
7.895000000000000000e+03
7.916000000000000000e+03
7.946000000000000000e+03
7.950000000000000000e+03
7.967000000000000000e+03
7.977000000000000000e+03
7.991000000000000000e+03
8.017000000000000000e+03
8.062000000000000000e+03
8.077000000000000000e+03
8.080000000000000000e+03
8.089000000000000000e+03
8.106000000000000000e+03
8.143000000000000000e+03
8.155000000000000000e+03
8.157000000000000000e+03
8.164000000000000000e+03
8.188000000000000000e+03
8.192000000000000000e+03
8.229000000000000000e+03
8.284000000000000000e+03
8.324000000000000000e+03
8.325000000000000000e+03
8.333000000000000000e+03
8.353000000000000000e+03
8.373000000000000000e+03
8.393000000000000000e+03
8.444000000000000000e+03
8.518000000000000000e+03
8.548000000000000000e+03
8.553000000000000000e+03
8.567000000000000000e+03
8.573000000000000000e+03
8.625000000000000000e+03
8.664000000000000000e+03
8.685000000000000000e+03
8.689000000000000000e+03
8.703000000000000000e+03
8.714000000000000000e+03
8.715000000000000000e+03
8.721000000000000000e+03
8.734000000000000000e+03
8.764000000000000000e+03
8.804000000000000000e+03
8.817000000000000000e+03
8.833000000000000000e+03
8.852000000000000000e+03
8.867000000000000000e+03
8.881000000000000000e+03
8.903000000000000000e+03
8.921000000000000000e+03
8.925000000000000000e+03
8.940000000000000000e+03
8.944000000000000000e+03
8.964000000000000000e+03
8.966000000000000000e+03
8.972000000000000000e+03
9.003000000000000000e+03
9.008000000000000000e+03
9.019000000000000000e+03
9.032000000000000000e+03
9.048000000000000000e+03
9.064000000000000000e+03
9.074000000000000000e+03
9.076000000000000000e+03
9.102000000000000000e+03
9.153000000000000000e+03
9.173000000000000000e+03
9.232000000000000000e+03
9.242000000000000000e+03
9.302000000000000000e+03
9.334000000000000000e+03
9.347000000000000000e+03
9.362000000000000000e+03
9.386000000000000000e+03
9.388000000000000000e+03
9.391000000000000000e+03
9.434000000000000000e+03
9.437000000000000000e+03
9.449000000000000000e+03
9.474000000000000000e+03
9.503000000000000000e+03
9.508000000000000000e+03
9.561000000000000000e+03
9.579000000000000000e+03
9.602000000000000000e+03
9.633000000000000000e+03
9.654000000000000000e+03
9.681000000000000000e+03
9.717000000000000000e+03
9.719000000000000000e+03
9.730000000000000000e+03
9.754000000000000000e+03
9.780000000000000000e+03
9.859000000000000000e+03
9.910000000000000000e+03
9.948000000000000000e+03
9.973000000000000000e+03
9.981000000000000000e+03
9.994000000000000000e+03
1.000300000000000000e+04
1.002200000000000000e+04
1.003600000000000000e+04
1.008500000000000000e+04
1.009000000000000000e+04
1.013400000000000000e+04
1.014700000000000000e+04
1.017400000000000000e+04
1.019300000000000000e+04
1.020400000000000000e+04
1.023200000000000000e+04
1.025400000000000000e+04
1.025900000000000000e+04
1.027200000000000000e+04
1.028500000000000000e+04
1.030700000000000000e+04
1.031100000000000000e+04
1.032800000000000000e+04
1.033500000000000000e+04
1.035900000000000000e+04
1.037000000000000000e+04
1.037300000000000000e+04
1.038800000000000000e+04
1.041300000000000000e+04
1.042000000000000000e+04
1.043700000000000000e+04
1.044300000000000000e+04
1.048600000000000000e+04
1.057700000000000000e+04
1.059200000000000000e+04
1.060200000000000000e+04
1.070700000000000000e+04
1.075500000000000000e+04
1.075700000000000000e+04
1.076400000000000000e+04
1.077600000000000000e+04
1.080900000000000000e+04
1.084400000000000000e+04
1.085500000000000000e+04
1.085900000000000000e+04
1.087300000000000000e+04
1.095700000000000000e+04
1.096500000000000000e+04
1.098200000000000000e+04
1.102900000000000000e+04
1.103600000000000000e+04
1.109000000000000000e+04
1.118800000000000000e+04
1.127600000000000000e+04
1.129500000000000000e+04
1.129900000000000000e+04
1.131100000000000000e+04
1.139700000000000000e+04
1.142100000000000000e+04
1.144300000000000000e+04
1.146900000000000000e+04
1.147000000000000000e+04
1.149100000000000000e+04
1.151400000000000000e+04
1.153600000000000000e+04
1.156500000000000000e+04
1.161900000000000000e+04
1.162200000000000000e+04
1.164400000000000000e+04
1.165500000000000000e+04
1.166100000000000000e+04
1.166300000000000000e+04
1.168400000000000000e+04
1.168900000000000000e+04
1.175400000000000000e+04
1.175600000000000000e+04
1.176100000000000000e+04
1.180300000000000000e+04
1.181700000000000000e+04
1.181800000000000000e+04
1.185900000000000000e+04
1.187800000000000000e+04
1.189500000000000000e+04
1.189700000000000000e+04
1.191100000000000000e+04
1.196300000000000000e+04
1.199800000000000000e+04
1.203700000000000000e+04
1.203900000000000000e+04
1.209300000000000000e+04
1.217000000000000000e+04
1.224600000000000000e+04
1.225700000000000000e+04
1.227300000000000000e+04
1.228700000000000000e+04
1.232300000000000000e+04
1.233400000000000000e+04
1.233900000000000000e+04
1.234800000000000000e+04
1.235500000000000000e+04
1.244300000000000000e+04
1.244800000000000000e+04
1.245300000000000000e+04
1.246200000000000000e+04
1.246600000000000000e+04
1.246900000000000000e+04
1.253100000000000000e+04
1.256300000000000000e+04
1.261500000000000000e+04
1.266000000000000000e+04
1.268800000000000000e+04
1.269000000000000000e+04
1.275100000000000000e+04
1.279600000000000000e+04
1.283000000000000000e+04
1.283800000000000000e+04
1.288400000000000000e+04
1.288700000000000000e+04
1.292400000000000000e+04
1.298300000000000000e+04
1.298900000000000000e+04
1.303900000000000000e+04
1.305600000000000000e+04
1.308000000000000000e+04
1.308200000000000000e+04
1.311100000000000000e+04
1.313700000000000000e+04
1.315400000000000000e+04
1.315700000000000000e+04
1.320200000000000000e+04
1.322000000000000000e+04
1.327400000000000000e+04
1.329900000000000000e+04
1.336800000000000000e+04
1.339200000000000000e+04
1.344800000000000000e+04
1.348100000000000000e+04
1.349600000000000000e+04
1.354400000000000000e+04
1.356200000000000000e+04
1.358200000000000000e+04
1.364800000000000000e+04
1.365600000000000000e+04
1.369600000000000000e+04
1.372500000000000000e+04
1.378500000000000000e+04
1.381700000000000000e+04
1.384500000000000000e+04
1.384700000000000000e+04
1.388200000000000000e+04
1.389100000000000000e+04
1.397600000000000000e+04
1.398500000000000000e+04
1.400100000000000000e+04
1.400700000000000000e+04
1.418100000000000000e+04
1.418900000000000000e+04
1.421300000000000000e+04
1.424100000000000000e+04
1.427500000000000000e+04
1.428700000000000000e+04
1.430300000000000000e+04
1.432500000000000000e+04
1.433900000000000000e+04
1.440400000000000000e+04
1.442300000000000000e+04
1.444600000000000000e+04
1.447700000000000000e+04
1.450300000000000000e+04
1.454200000000000000e+04
1.454800000000000000e+04
1.455200000000000000e+04
1.460000000000000000e+04
1.462000000000000000e+04
1.463500000000000000e+04
1.465500000000000000e+04
1.467200000000000000e+04
1.469000000000000000e+04
1.472800000000000000e+04
1.473600000000000000e+04
1.473900000000000000e+04
1.482100000000000000e+04
1.482200000000000000e+04
1.483900000000000000e+04
1.490100000000000000e+04
1.494600000000000000e+04
1.495900000000000000e+04
1.498000000000000000e+04
1.498800000000000000e+04
1.502800000000000000e+04
1.504200000000000000e+04
1.504400000000000000e+04
1.504500000000000000e+04
1.504600000000000000e+04
1.512900000000000000e+04
1.513800000000000000e+04
1.516900000000000000e+04
1.520100000000000000e+04
1.520300000000000000e+04
1.520600000000000000e+04
1.521300000000000000e+04
1.525700000000000000e+04
1.531100000000000000e+04
1.535800000000000000e+04
1.538100000000000000e+04
1.538600000000000000e+04
1.539000000000000000e+04
1.539100000000000000e+04
1.540400000000000000e+04
1.542800000000000000e+04
1.542900000000000000e+04
1.543200000000000000e+04
1.547800000000000000e+04
1.548900000000000000e+04
1.549600000000000000e+04
1.553200000000000000e+04
1.555400000000000000e+04
1.555800000000000000e+04
1.556900000000000000e+04
1.557500000000000000e+04
1.564900000000000000e+04
1.565400000000000000e+04
1.566600000000000000e+04
1.566700000000000000e+04
1.568700000000000000e+04
1.570400000000000000e+04
1.571100000000000000e+04
1.571800000000000000e+04
1.572000000000000000e+04
1.575000000000000000e+04
1.576500000000000000e+04
1.581500000000000000e+04
1.585400000000000000e+04
1.588300000000000000e+04
1.590000000000000000e+04
1.593700000000000000e+04
1.595200000000000000e+04
1.595500000000000000e+04
1.597000000000000000e+04
1.598600000000000000e+04
1.598700000000000000e+04
1.608100000000000000e+04
1.608900000000000000e+04
1.617200000000000000e+04
1.617300000000000000e+04
1.617800000000000000e+04
1.619000000000000000e+04
1.624800000000000000e+04
1.626500000000000000e+04
1.626900000000000000e+04
1.629400000000000000e+04
1.631200000000000000e+04
1.636400000000000000e+04
1.646700000000000000e+04
1.651100000000000000e+04
1.651800000000000000e+04
1.654400000000000000e+04
1.658500000000000000e+04
1.660800000000000000e+04
1.662200000000000000e+04
1.666200000000000000e+04
1.677900000000000000e+04
1.680200000000000000e+04
1.682100000000000000e+04
1.682200000000000000e+04
1.683200000000000000e+04
1.687700000000000000e+04
1.687800000000000000e+04
1.688200000000000000e+04
1.688800000000000000e+04
1.689600000000000000e+04
1.690200000000000000e+04
1.690400000000000000e+04
1.693800000000000000e+04
1.695100000000000000e+04
1.696600000000000000e+04
1.696900000000000000e+04
1.697000000000000000e+04
1.697500000000000000e+04
1.698600000000000000e+04
1.706100000000000000e+04
1.706200000000000000e+04
1.707000000000000000e+04
1.707300000000000000e+04
1.707400000000000000e+04
1.711400000000000000e+04
1.711800000000000000e+04
1.715700000000000000e+04
1.718600000000000000e+04
1.721700000000000000e+04
1.722700000000000000e+04
1.729700000000000000e+04
1.732100000000000000e+04
1.738700000000000000e+04
1.743200000000000000e+04
1.743300000000000000e+04
1.745400000000000000e+04
1.745500000000000000e+04
1.746000000000000000e+04
1.748400000000000000e+04
1.748800000000000000e+04
1.750100000000000000e+04
1.752700000000000000e+04
1.754200000000000000e+04
1.756600000000000000e+04
1.757200000000000000e+04
1.761200000000000000e+04
1.761300000000000000e+04
1.761900000000000000e+04
1.762200000000000000e+04
1.763500000000000000e+04
1.764700000000000000e+04
1.764800000000000000e+04
1.764900000000000000e+04
1.769800000000000000e+04
1.770600000000000000e+04
1.770700000000000000e+04
1.772000000000000000e+04
1.772300000000000000e+04
1.772900000000000000e+04
1.775100000000000000e+04
1.777500000000000000e+04
1.779600000000000000e+04
1.779700000000000000e+04
1.780500000000000000e+04
1.782200000000000000e+04
1.783200000000000000e+04
1.783700000000000000e+04
1.784000000000000000e+04
1.788100000000000000e+04
1.789700000000000000e+04
1.791300000000000000e+04
1.792200000000000000e+04
1.793400000000000000e+04
1.795900000000000000e+04
1.797100000000000000e+04
1.803300000000000000e+04
1.806200000000000000e+04
1.808000000000000000e+04
1.809600000000000000e+04
1.809900000000000000e+04
1.810000000000000000e+04
1.814000000000000000e+04
1.814300000000000000e+04
1.816000000000000000e+04
1.816200000000000000e+04
1.816700000000000000e+04
1.818200000000000000e+04
1.818600000000000000e+04
1.823200000000000000e+04
1.826800000000000000e+04
1.826900000000000000e+04
1.827000000000000000e+04
1.827200000000000000e+04
1.827400000000000000e+04
1.827700000000000000e+04
1.829600000000000000e+04
1.830900000000000000e+04
1.831200000000000000e+04
1.832500000000000000e+04
1.834500000000000000e+04
1.836000000000000000e+04
1.837600000000000000e+04
1.838400000000000000e+04
1.838700000000000000e+04
1.841200000000000000e+04
1.841300000000000000e+04
1.841400000000000000e+04
1.842600000000000000e+04
1.844400000000000000e+04
1.845000000000000000e+04
1.846700000000000000e+04
1.847600000000000000e+04
1.848100000000000000e+04
1.849600000000000000e+04
1.851500000000000000e+04
1.851600000000000000e+04
1.852900000000000000e+04
1.855600000000000000e+04
1.855700000000000000e+04
1.858500000000000000e+04
1.860400000000000000e+04
1.863000000000000000e+04
1.865000000000000000e+04
1.866200000000000000e+04
1.867700000000000000e+04
1.868100000000000000e+04
1.874000000000000000e+04
1.876000000000000000e+04
1.877400000000000000e+04
1.877500000000000000e+04
1.877900000000000000e+04
1.879700000000000000e+04
1.882400000000000000e+04
1.883200000000000000e+04
1.884500000000000000e+04
1.885600000000000000e+04
1.889000000000000000e+04
1.890100000000000000e+04
1.890300000000000000e+04
1.893600000000000000e+04
1.894500000000000000e+04
1.895100000000000000e+04
1.896100000000000000e+04
1.896300000000000000e+04
1.898100000000000000e+04
1.899400000000000000e+04
1.900600000000000000e+04
1.902200000000000000e+04
1.902600000000000000e+04
1.904800000000000000e+04
1.904900000000000000e+04
1.907400000000000000e+04
1.908600000000000000e+04
1.909000000000000000e+04
1.909600000000000000e+04
1.913000000000000000e+04
1.917100000000000000e+04
1.917500000000000000e+04
1.920600000000000000e+04
1.921300000000000000e+04
1.922900000000000000e+04
1.923200000000000000e+04
1.924300000000000000e+04
1.925300000000000000e+04
1.927600000000000000e+04
1.929500000000000000e+04
1.935100000000000000e+04
1.940300000000000000e+04
1.940900000000000000e+04
1.941500000000000000e+04
1.942000000000000000e+04
1.942800000000000000e+04
1.943700000000000000e+04
1.946900000000000000e+04
1.947900000000000000e+04
1.948900000000000000e+04
1.949000000000000000e+04
1.949400000000000000e+04
1.950100000000000000e+04
1.951400000000000000e+04
1.954500000000000000e+04
1.958200000000000000e+04
1.960400000000000000e+04
1.961300000000000000e+04
1.962400000000000000e+04
1.963200000000000000e+04
1.969000000000000000e+04
1.972300000000000000e+04
1.973400000000000000e+04
1.974700000000000000e+04
1.974800000000000000e+04
1.976700000000000000e+04
1.976800000000000000e+04
1.978100000000000000e+04
1.978300000000000000e+04
1.979300000000000000e+04
1.980300000000000000e+04
1.980700000000000000e+04
1.981600000000000000e+04
1.983600000000000000e+04
1.984600000000000000e+04
1.984900000000000000e+04
1.986500000000000000e+04
1.987100000000000000e+04
1.987900000000000000e+04
1.988100000000000000e+04
1.988900000000000000e+04
1.989900000000000000e+04
1.990000000000000000e+04
1.992400000000000000e+04
1.999000000000000000e+04
1.999300000000000000e+04
2.000200000000000000e+04
2.001000000000000000e+04
2.003800000000000000e+04
2.008700000000000000e+04
2.015000000000000000e+04
2.016300000000000000e+04
2.016400000000000000e+04
2.016900000000000000e+04
2.019700000000000000e+04
2.024000000000000000e+04
2.024300000000000000e+04
2.024400000000000000e+04
2.025900000000000000e+04
2.028600000000000000e+04
2.031200000000000000e+04
2.031500000000000000e+04
2.033400000000000000e+04
2.036200000000000000e+04
2.036800000000000000e+04
2.037400000000000000e+04
2.039700000000000000e+04
2.039900000000000000e+04
2.042600000000000000e+04
2.042800000000000000e+04
2.043700000000000000e+04
2.046100000000000000e+04
2.047700000000000000e+04
2.050600000000000000e+04
2.052400000000000000e+04
2.053900000000000000e+04
2.054500000000000000e+04
2.060400000000000000e+04
2.065700000000000000e+04
2.066200000000000000e+04
2.066500000000000000e+04
2.066900000000000000e+04
2.069800000000000000e+04
2.070600000000000000e+04
2.071100000000000000e+04
2.074400000000000000e+04
2.077300000000000000e+04
2.082600000000000000e+04
2.088600000000000000e+04
2.089100000000000000e+04
2.098100000000000000e+04
2.099200000000000000e+04
2.101100000000000000e+04
2.102000000000000000e+04
2.103700000000000000e+04
2.104900000000000000e+04
2.106100000000000000e+04
2.111600000000000000e+04
2.112000000000000000e+04
2.113800000000000000e+04
2.114700000000000000e+04
2.116900000000000000e+04
2.117000000000000000e+04
2.117200000000000000e+04
2.119500000000000000e+04
2.122100000000000000e+04
2.122200000000000000e+04
2.122600000000000000e+04
2.122700000000000000e+04
2.123600000000000000e+04
2.124800000000000000e+04
2.126500000000000000e+04
2.126900000000000000e+04
2.127100000000000000e+04
2.130100000000000000e+04
2.131000000000000000e+04
2.133300000000000000e+04
2.135700000000000000e+04
2.136500000000000000e+04
2.136600000000000000e+04
2.138000000000000000e+04
2.139500000000000000e+04
2.140000000000000000e+04
2.141300000000000000e+04
2.141800000000000000e+04
2.142700000000000000e+04
2.142800000000000000e+04
2.144600000000000000e+04
2.144900000000000000e+04
2.145600000000000000e+04
2.145900000000000000e+04
2.146800000000000000e+04
2.147700000000000000e+04
2.148000000000000000e+04
2.153200000000000000e+04
2.154600000000000000e+04
2.156500000000000000e+04
2.159000000000000000e+04
2.159100000000000000e+04
2.161800000000000000e+04
2.168200000000000000e+04
2.169800000000000000e+04
2.170000000000000000e+04
2.174900000000000000e+04
2.177300000000000000e+04
2.179800000000000000e+04
2.184800000000000000e+04
2.184900000000000000e+04
2.188800000000000000e+04
2.188900000000000000e+04
2.189300000000000000e+04
2.190400000000000000e+04
2.190800000000000000e+04
2.192900000000000000e+04
2.193200000000000000e+04
2.193700000000000000e+04
2.194600000000000000e+04
2.195100000000000000e+04
2.196600000000000000e+04
2.196900000000000000e+04
2.197100000000000000e+04
2.197400000000000000e+04
2.197800000000000000e+04
2.198400000000000000e+04
2.200500000000000000e+04
2.206500000000000000e+04
2.209200000000000000e+04
2.212800000000000000e+04
2.215800000000000000e+04
2.220700000000000000e+04
2.221000000000000000e+04
2.221500000000000000e+04
2.227300000000000000e+04
2.227800000000000000e+04
2.228700000000000000e+04
2.229100000000000000e+04
2.230700000000000000e+04
2.231900000000000000e+04
2.232000000000000000e+04
2.233300000000000000e+04
2.235700000000000000e+04
2.236500000000000000e+04
2.237500000000000000e+04
2.237900000000000000e+04
2.240100000000000000e+04
2.246800000000000000e+04
2.251100000000000000e+04
2.258200000000000000e+04
2.258600000000000000e+04
2.260600000000000000e+04
2.262400000000000000e+04
2.263200000000000000e+04
2.267300000000000000e+04
2.268700000000000000e+04
2.269400000000000000e+04
2.270800000000000000e+04
2.275100000000000000e+04
2.276600000000000000e+04
2.280300000000000000e+04
2.285200000000000000e+04
2.285600000000000000e+04
2.287000000000000000e+04
2.290600000000000000e+04
2.292800000000000000e+04
2.293500000000000000e+04
2.299100000000000000e+04
2.303200000000000000e+04
2.305200000000000000e+04
2.308700000000000000e+04
2.309200000000000000e+04
2.310600000000000000e+04
2.310700000000000000e+04
2.312400000000000000e+04
2.314200000000000000e+04
2.315000000000000000e+04
2.315800000000000000e+04
2.316300000000000000e+04
2.319600000000000000e+04
2.321500000000000000e+04
2.324600000000000000e+04
2.326600000000000000e+04
2.327000000000000000e+04
2.328300000000000000e+04
2.328800000000000000e+04
2.329900000000000000e+04
2.330000000000000000e+04
2.330900000000000000e+04
2.332000000000000000e+04
2.332400000000000000e+04
2.332700000000000000e+04
2.332900000000000000e+04
2.333300000000000000e+04
2.333600000000000000e+04
2.335600000000000000e+04
2.338600000000000000e+04
2.339700000000000000e+04
2.340100000000000000e+04
2.341900000000000000e+04
2.342500000000000000e+04
2.342900000000000000e+04
2.343700000000000000e+04
2.346000000000000000e+04
2.348200000000000000e+04
2.351300000000000000e+04
2.351700000000000000e+04
2.354100000000000000e+04
2.354400000000000000e+04
2.354800000000000000e+04
2.355200000000000000e+04
2.358900000000000000e+04
2.359300000000000000e+04
2.360500000000000000e+04
2.362200000000000000e+04
2.362500000000000000e+04
2.363000000000000000e+04
2.366600000000000000e+04
2.369200000000000000e+04
2.371000000000000000e+04
2.372200000000000000e+04
2.374100000000000000e+04
2.374500000000000000e+04
2.377400000000000000e+04
2.380100000000000000e+04
2.380400000000000000e+04
2.381900000000000000e+04
2.382300000000000000e+04
2.385500000000000000e+04
2.386200000000000000e+04
2.386900000000000000e+04
2.387600000000000000e+04
2.389200000000000000e+04
2.389900000000000000e+04
2.392500000000000000e+04
2.393200000000000000e+04
2.393600000000000000e+04
2.401800000000000000e+04
2.403000000000000000e+04
2.405700000000000000e+04
2.407800000000000000e+04
2.407900000000000000e+04
2.408000000000000000e+04
2.408900000000000000e+04
2.410700000000000000e+04
2.414700000000000000e+04
2.415500000000000000e+04
2.416500000000000000e+04
2.421000000000000000e+04
2.423500000000000000e+04
2.424700000000000000e+04
2.425800000000000000e+04
2.428800000000000000e+04
2.432600000000000000e+04
2.436800000000000000e+04
2.436900000000000000e+04
2.437800000000000000e+04
2.439600000000000000e+04
2.446100000000000000e+04
2.446400000000000000e+04
2.447800000000000000e+04
2.452300000000000000e+04
2.453100000000000000e+04
2.453400000000000000e+04
2.457500000000000000e+04
2.459600000000000000e+04
2.460800000000000000e+04
2.462400000000000000e+04
2.465200000000000000e+04
2.465900000000000000e+04
2.468800000000000000e+04
2.473700000000000000e+04
2.474500000000000000e+04
2.476000000000000000e+04
2.478600000000000000e+04
2.479100000000000000e+04
2.481300000000000000e+04
2.483700000000000000e+04
2.487000000000000000e+04
2.487400000000000000e+04
2.489600000000000000e+04
2.493700000000000000e+04
2.494900000000000000e+04
2.501000000000000000e+04
2.502000000000000000e+04
2.504400000000000000e+04
2.506000000000000000e+04
2.506800000000000000e+04
2.507800000000000000e+04
2.508500000000000000e+04
2.508600000000000000e+04
2.510600000000000000e+04
2.513900000000000000e+04
2.523900000000000000e+04
2.524000000000000000e+04
2.525800000000000000e+04
2.528500000000000000e+04
2.529000000000000000e+04
2.531300000000000000e+04
2.533400000000000000e+04
2.534000000000000000e+04
2.536500000000000000e+04
2.538500000000000000e+04
2.540000000000000000e+04
2.540500000000000000e+04
2.542300000000000000e+04
2.543000000000000000e+04
2.543300000000000000e+04
2.544200000000000000e+04
2.549300000000000000e+04
2.550300000000000000e+04
2.550400000000000000e+04
2.551100000000000000e+04
2.551800000000000000e+04
2.552100000000000000e+04
2.553900000000000000e+04
2.559600000000000000e+04
2.564300000000000000e+04
2.564600000000000000e+04
2.565000000000000000e+04
2.565100000000000000e+04
2.566200000000000000e+04
2.566400000000000000e+04
2.566700000000000000e+04
2.569900000000000000e+04
2.577000000000000000e+04
2.578100000000000000e+04
2.579200000000000000e+04
2.580000000000000000e+04
2.582000000000000000e+04
2.587700000000000000e+04
2.588400000000000000e+04
2.589500000000000000e+04
2.594700000000000000e+04
2.595600000000000000e+04
2.595900000000000000e+04
2.597900000000000000e+04
2.598900000000000000e+04
2.600600000000000000e+04
2.606400000000000000e+04
2.615100000000000000e+04
2.616300000000000000e+04
2.616500000000000000e+04
2.617600000000000000e+04
2.619400000000000000e+04
2.620000000000000000e+04
2.620200000000000000e+04
2.629100000000000000e+04
2.630000000000000000e+04
2.631600000000000000e+04
2.635300000000000000e+04
2.639800000000000000e+04
2.640100000000000000e+04
2.642300000000000000e+04
2.644800000000000000e+04
2.649600000000000000e+04
2.650100000000000000e+04
2.650800000000000000e+04
2.651600000000000000e+04
2.656500000000000000e+04
2.657800000000000000e+04
2.658000000000000000e+04
2.658500000000000000e+04
2.659400000000000000e+04
2.660200000000000000e+04
2.660500000000000000e+04
2.660800000000000000e+04
2.661700000000000000e+04
2.667400000000000000e+04
2.669100000000000000e+04
2.677700000000000000e+04
2.679500000000000000e+04
2.683200000000000000e+04
2.683900000000000000e+04
2.687500000000000000e+04
2.691600000000000000e+04
2.696700000000000000e+04
2.699200000000000000e+04
2.699900000000000000e+04
2.701600000000000000e+04
2.702300000000000000e+04
2.708200000000000000e+04
2.709100000000000000e+04
2.710200000000000000e+04
2.715300000000000000e+04
2.717600000000000000e+04
2.717900000000000000e+04
2.722100000000000000e+04
2.726800000000000000e+04
2.727600000000000000e+04
2.728000000000000000e+04
2.728800000000000000e+04
2.730200000000000000e+04
2.731000000000000000e+04
2.732300000000000000e+04
2.733300000000000000e+04
2.733800000000000000e+04
2.734000000000000000e+04
2.736900000000000000e+04
2.739300000000000000e+04
2.740900000000000000e+04
2.741100000000000000e+04
2.741500000000000000e+04
2.744400000000000000e+04
2.745400000000000000e+04
2.745500000000000000e+04
2.745900000000000000e+04
2.746200000000000000e+04
2.746700000000000000e+04
2.748000000000000000e+04
2.748300000000000000e+04
2.751200000000000000e+04
2.754300000000000000e+04
2.754700000000000000e+04
2.754900000000000000e+04
2.758200000000000000e+04
2.762100000000000000e+04
2.763900000000000000e+04
2.764800000000000000e+04
2.765900000000000000e+04
2.767200000000000000e+04
2.767400000000000000e+04
2.768300000000000000e+04
2.769600000000000000e+04
2.770200000000000000e+04
2.770500000000000000e+04
2.774700000000000000e+04
2.776100000000000000e+04
2.778000000000000000e+04
2.778400000000000000e+04
2.779600000000000000e+04
2.780600000000000000e+04
2.781100000000000000e+04
2.781500000000000000e+04
2.784700000000000000e+04
2.786400000000000000e+04
2.789000000000000000e+04
2.790100000000000000e+04
2.792800000000000000e+04
2.794600000000000000e+04
2.795300000000000000e+04
2.795700000000000000e+04
2.797900000000000000e+04
2.799000000000000000e+04
2.799700000000000000e+04
2.801100000000000000e+04
2.803400000000000000e+04
2.806400000000000000e+04
2.807200000000000000e+04
2.812400000000000000e+04
2.814500000000000000e+04
2.817200000000000000e+04
2.820300000000000000e+04
2.822600000000000000e+04
2.827200000000000000e+04
2.827900000000000000e+04
2.829100000000000000e+04
2.829400000000000000e+04
2.830200000000000000e+04
2.830500000000000000e+04
2.830800000000000000e+04
2.832100000000000000e+04
2.838300000000000000e+04
2.838600000000000000e+04
2.840400000000000000e+04
2.840500000000000000e+04
2.841000000000000000e+04
2.843800000000000000e+04
2.844200000000000000e+04
2.849200000000000000e+04
2.852200000000000000e+04
2.855100000000000000e+04
2.856300000000000000e+04
2.858600000000000000e+04
2.859100000000000000e+04
2.864300000000000000e+04
2.866300000000000000e+04
2.867400000000000000e+04
2.868100000000000000e+04
2.872100000000000000e+04
2.874700000000000000e+04
2.876400000000000000e+04
2.880100000000000000e+04
2.881700000000000000e+04
2.884100000000000000e+04
2.884200000000000000e+04
2.885600000000000000e+04
2.887700000000000000e+04
2.889200000000000000e+04
2.890400000000000000e+04
2.891500000000000000e+04
2.892200000000000000e+04
2.892400000000000000e+04
2.893000000000000000e+04
2.893800000000000000e+04
2.896100000000000000e+04
2.900300000000000000e+04
2.903600000000000000e+04
2.908100000000000000e+04
2.911700000000000000e+04
2.913100000000000000e+04
2.915000000000000000e+04
2.916300000000000000e+04
2.920800000000000000e+04
2.921000000000000000e+04
2.922200000000000000e+04
2.922500000000000000e+04
2.923700000000000000e+04
2.924300000000000000e+04
2.926100000000000000e+04
2.928400000000000000e+04
2.931800000000000000e+04
2.932400000000000000e+04
2.932900000000000000e+04
2.934400000000000000e+04
2.936400000000000000e+04
2.940900000000000000e+04
2.943000000000000000e+04
2.944900000000000000e+04
2.945000000000000000e+04
2.945800000000000000e+04
2.946200000000000000e+04
2.948800000000000000e+04
2.949000000000000000e+04
2.949600000000000000e+04
2.951300000000000000e+04
2.952700000000000000e+04
2.955700000000000000e+04
2.957100000000000000e+04
2.957900000000000000e+04
2.962100000000000000e+04
2.962300000000000000e+04
2.963200000000000000e+04
2.964200000000000000e+04
2.964300000000000000e+04
2.965800000000000000e+04
2.967600000000000000e+04
2.968500000000000000e+04
2.971500000000000000e+04
2.972200000000000000e+04
2.974700000000000000e+04
2.978600000000000000e+04
2.978700000000000000e+04
2.979000000000000000e+04
2.980400000000000000e+04
2.984100000000000000e+04
2.988500000000000000e+04
2.988900000000000000e+04
2.989500000000000000e+04
2.990500000000000000e+04
2.995000000000000000e+04
2.995100000000000000e+04
2.996400000000000000e+04
2.996700000000000000e+04
3.000500000000000000e+04
3.001100000000000000e+04
3.002800000000000000e+04
3.002900000000000000e+04
3.003600000000000000e+04
3.007800000000000000e+04
3.008400000000000000e+04
3.010600000000000000e+04
3.011000000000000000e+04
3.017300000000000000e+04
3.018000000000000000e+04
3.020700000000000000e+04
3.022600000000000000e+04
3.025400000000000000e+04
3.025700000000000000e+04
3.029100000000000000e+04
3.031800000000000000e+04
3.032400000000000000e+04
3.036000000000000000e+04
3.037100000000000000e+04
3.037500000000000000e+04
3.038900000000000000e+04
3.040100000000000000e+04
3.041200000000000000e+04
3.041700000000000000e+04
3.043400000000000000e+04
3.044700000000000000e+04
3.047100000000000000e+04
3.049200000000000000e+04
3.050300000000000000e+04
3.053900000000000000e+04
3.054100000000000000e+04
3.055300000000000000e+04
3.056700000000000000e+04
3.058600000000000000e+04
3.059500000000000000e+04
3.061000000000000000e+04
3.063600000000000000e+04
3.065300000000000000e+04
3.066500000000000000e+04
3.066600000000000000e+04
3.067500000000000000e+04
3.070200000000000000e+04
3.072500000000000000e+04
3.074900000000000000e+04
3.076500000000000000e+04
3.076600000000000000e+04
3.076700000000000000e+04
3.077800000000000000e+04
3.079400000000000000e+04
3.079500000000000000e+04
3.083100000000000000e+04
3.085700000000000000e+04
3.087500000000000000e+04
3.089000000000000000e+04
3.092500000000000000e+04
3.094100000000000000e+04
3.094200000000000000e+04
3.094500000000000000e+04
3.100100000000000000e+04
3.101700000000000000e+04
3.102500000000000000e+04
3.103000000000000000e+04
3.103500000000000000e+04
3.111000000000000000e+04
3.112900000000000000e+04
3.113400000000000000e+04
3.115800000000000000e+04
3.117700000000000000e+04
3.118000000000000000e+04
3.120900000000000000e+04
3.124300000000000000e+04
3.124600000000000000e+04
3.124800000000000000e+04
3.126200000000000000e+04
3.127300000000000000e+04
3.128300000000000000e+04
3.128400000000000000e+04
3.129100000000000000e+04
3.130500000000000000e+04
3.132700000000000000e+04
3.134900000000000000e+04
3.135200000000000000e+04
3.135900000000000000e+04
3.138400000000000000e+04
3.139400000000000000e+04
3.139600000000000000e+04
3.141000000000000000e+04
3.143000000000000000e+04
3.144600000000000000e+04
3.145400000000000000e+04
3.145500000000000000e+04
3.148300000000000000e+04
3.151500000000000000e+04
3.154200000000000000e+04
3.156400000000000000e+04
3.157500000000000000e+04
3.158600000000000000e+04
3.161800000000000000e+04
3.164600000000000000e+04
3.165900000000000000e+04
3.166100000000000000e+04
3.168900000000000000e+04
3.174800000000000000e+04
3.178400000000000000e+04
3.180400000000000000e+04
3.181200000000000000e+04
3.185900000000000000e+04
3.187400000000000000e+04
3.187600000000000000e+04
3.188500000000000000e+04
3.189400000000000000e+04
3.189500000000000000e+04
3.190300000000000000e+04
3.190600000000000000e+04
3.190800000000000000e+04
3.192200000000000000e+04
3.193100000000000000e+04
3.193200000000000000e+04
3.193500000000000000e+04
3.197100000000000000e+04
3.198400000000000000e+04
3.199100000000000000e+04
3.206700000000000000e+04
3.207300000000000000e+04
3.207400000000000000e+04
3.211100000000000000e+04
3.212600000000000000e+04
3.212700000000000000e+04
3.213300000000000000e+04
3.213700000000000000e+04
3.214300000000000000e+04
3.221700000000000000e+04
3.224900000000000000e+04
3.225900000000000000e+04
3.231300000000000000e+04
3.231400000000000000e+04
3.231600000000000000e+04
3.232200000000000000e+04
3.232900000000000000e+04
3.234100000000000000e+04
3.237100000000000000e+04
3.238000000000000000e+04
3.240500000000000000e+04
3.242600000000000000e+04
3.245200000000000000e+04
3.246500000000000000e+04
3.248500000000000000e+04
3.248600000000000000e+04
3.249700000000000000e+04
3.249800000000000000e+04
3.251200000000000000e+04
3.253300000000000000e+04
3.253400000000000000e+04
3.254100000000000000e+04
3.256000000000000000e+04
3.257800000000000000e+04
3.258700000000000000e+04
3.260500000000000000e+04
3.262700000000000000e+04
3.264000000000000000e+04
3.268400000000000000e+04
3.270100000000000000e+04
3.272200000000000000e+04
3.272900000000000000e+04
3.277700000000000000e+04
3.281000000000000000e+04
3.281600000000000000e+04
3.281800000000000000e+04
3.282000000000000000e+04
3.285500000000000000e+04
3.286800000000000000e+04
3.287200000000000000e+04
3.290100000000000000e+04
3.293500000000000000e+04
3.295600000000000000e+04
3.297400000000000000e+04
3.298300000000000000e+04
3.298900000000000000e+04
3.299100000000000000e+04
3.303700000000000000e+04
3.307500000000000000e+04
3.314100000000000000e+04
3.315500000000000000e+04
3.316000000000000000e+04
3.318400000000000000e+04
3.319900000000000000e+04
3.321400000000000000e+04
3.323800000000000000e+04
3.327100000000000000e+04
3.331400000000000000e+04
3.333800000000000000e+04
3.335000000000000000e+04
3.335800000000000000e+04
3.336300000000000000e+04
3.336500000000000000e+04
3.336600000000000000e+04
3.337000000000000000e+04
3.338200000000000000e+04
3.339000000000000000e+04
3.339600000000000000e+04
3.341300000000000000e+04
3.342200000000000000e+04
3.342900000000000000e+04
3.343000000000000000e+04
3.345100000000000000e+04
3.346100000000000000e+04
3.349300000000000000e+04
3.352700000000000000e+04
3.352800000000000000e+04
3.358600000000000000e+04
3.359000000000000000e+04
3.359900000000000000e+04
3.360700000000000000e+04
3.361500000000000000e+04
3.362200000000000000e+04
3.362500000000000000e+04
3.364100000000000000e+04
3.371900000000000000e+04
3.373500000000000000e+04
3.379100000000000000e+04
3.379800000000000000e+04
3.381800000000000000e+04
3.384300000000000000e+04
3.386000000000000000e+04
3.386700000000000000e+04
3.387100000000000000e+04
3.389800000000000000e+04
3.392400000000000000e+04
3.393100000000000000e+04
3.395200000000000000e+04
3.398100000000000000e+04
3.399500000000000000e+04
3.409100000000000000e+04
3.410300000000000000e+04
3.413400000000000000e+04
3.414500000000000000e+04
3.419200000000000000e+04
3.419600000000000000e+04
3.426100000000000000e+04
3.426400000000000000e+04
3.427100000000000000e+04
3.428300000000000000e+04
3.430400000000000000e+04
3.436500000000000000e+04
3.436700000000000000e+04
3.436900000000000000e+04
3.437300000000000000e+04
3.437700000000000000e+04
3.439300000000000000e+04
3.445000000000000000e+04
3.445800000000000000e+04
3.448000000000000000e+04
