1.600000000000000000e+01
2.000000000000000000e+01
8.400000000000000000e+01
1.040000000000000000e+02
1.140000000000000000e+02
1.850000000000000000e+02
1.960000000000000000e+02
2.130000000000000000e+02
2.380000000000000000e+02
2.770000000000000000e+02
3.200000000000000000e+02
3.250000000000000000e+02
3.350000000000000000e+02
3.360000000000000000e+02
3.400000000000000000e+02
3.560000000000000000e+02
3.710000000000000000e+02
3.790000000000000000e+02
4.080000000000000000e+02
4.170000000000000000e+02
4.450000000000000000e+02
4.690000000000000000e+02
4.910000000000000000e+02
5.290000000000000000e+02
5.450000000000000000e+02
5.870000000000000000e+02
6.020000000000000000e+02
6.280000000000000000e+02
6.800000000000000000e+02
6.820000000000000000e+02
6.890000000000000000e+02
6.960000000000000000e+02
6.980000000000000000e+02
7.100000000000000000e+02
7.230000000000000000e+02
7.270000000000000000e+02
7.320000000000000000e+02
7.660000000000000000e+02
7.810000000000000000e+02
8.100000000000000000e+02
8.420000000000000000e+02
8.660000000000000000e+02
8.770000000000000000e+02
9.100000000000000000e+02
9.850000000000000000e+02
1.041000000000000000e+03
1.101000000000000000e+03
1.145000000000000000e+03
1.149000000000000000e+03
1.172000000000000000e+03
1.194000000000000000e+03
1.204000000000000000e+03
1.226000000000000000e+03
1.230000000000000000e+03
1.231000000000000000e+03
1.323000000000000000e+03
1.427000000000000000e+03
1.445000000000000000e+03
1.472000000000000000e+03
1.473000000000000000e+03
1.547000000000000000e+03
1.575000000000000000e+03
1.619000000000000000e+03
1.637000000000000000e+03
1.642000000000000000e+03
1.677000000000000000e+03
1.703000000000000000e+03
1.726000000000000000e+03
1.731000000000000000e+03
1.754000000000000000e+03
1.768000000000000000e+03
1.783000000000000000e+03
1.830000000000000000e+03
1.876000000000000000e+03
1.886000000000000000e+03
1.895000000000000000e+03
1.938000000000000000e+03
1.973000000000000000e+03
1.975000000000000000e+03
2.000000000000000000e+03
2.021000000000000000e+03
2.022000000000000000e+03
2.036000000000000000e+03
2.061000000000000000e+03
2.094000000000000000e+03
2.112000000000000000e+03
2.118000000000000000e+03
2.132000000000000000e+03
2.232000000000000000e+03
2.249000000000000000e+03
2.251000000000000000e+03
2.259000000000000000e+03
2.262000000000000000e+03
2.312000000000000000e+03
2.336000000000000000e+03
2.384000000000000000e+03
2.402000000000000000e+03
2.532000000000000000e+03
2.582000000000000000e+03
2.586000000000000000e+03
2.630000000000000000e+03
2.659000000000000000e+03
2.713000000000000000e+03
2.735000000000000000e+03
2.762000000000000000e+03
2.788000000000000000e+03
2.805000000000000000e+03
2.828000000000000000e+03
2.857000000000000000e+03
2.912000000000000000e+03
2.916000000000000000e+03
2.921000000000000000e+03
2.941000000000000000e+03
2.949000000000000000e+03
2.961000000000000000e+03
3.057000000000000000e+03
3.078000000000000000e+03
3.110000000000000000e+03
3.149000000000000000e+03
3.156000000000000000e+03
3.168000000000000000e+03
3.212000000000000000e+03
3.290000000000000000e+03
3.370000000000000000e+03
3.375000000000000000e+03
3.426000000000000000e+03
3.441000000000000000e+03
3.565000000000000000e+03
3.574000000000000000e+03
3.604000000000000000e+03
3.652000000000000000e+03
3.659000000000000000e+03
3.686000000000000000e+03
3.712000000000000000e+03
3.725000000000000000e+03
3.750000000000000000e+03
3.801000000000000000e+03
3.805000000000000000e+03
3.829000000000000000e+03
3.843000000000000000e+03
3.868000000000000000e+03
3.902000000000000000e+03
3.903000000000000000e+03
3.932000000000000000e+03
3.946000000000000000e+03
3.977000000000000000e+03
3.987000000000000000e+03
4.025000000000000000e+03
4.046000000000000000e+03
4.053000000000000000e+03
4.068000000000000000e+03
4.140000000000000000e+03
4.181000000000000000e+03
4.200000000000000000e+03
4.263000000000000000e+03
4.301000000000000000e+03
4.355000000000000000e+03
4.454000000000000000e+03
4.463000000000000000e+03
4.464000000000000000e+03
4.515000000000000000e+03
4.524000000000000000e+03
4.538000000000000000e+03
4.635000000000000000e+03
4.647000000000000000e+03
4.668000000000000000e+03
4.694000000000000000e+03
4.768000000000000000e+03
4.811000000000000000e+03
4.818000000000000000e+03
4.821000000000000000e+03
4.837000000000000000e+03
4.856000000000000000e+03
4.857000000000000000e+03
4.958000000000000000e+03
4.962000000000000000e+03
4.986000000000000000e+03
5.022000000000000000e+03
5.029000000000000000e+03
5.089000000000000000e+03
5.093000000000000000e+03
5.107000000000000000e+03
5.182000000000000000e+03
5.211000000000000000e+03
5.244000000000000000e+03
5.294000000000000000e+03
5.317000000000000000e+03
5.320000000000000000e+03
5.336000000000000000e+03
5.354000000000000000e+03
5.379000000000000000e+03
5.399000000000000000e+03
5.404000000000000000e+03
5.416000000000000000e+03
5.426000000000000000e+03
5.438000000000000000e+03
5.441000000000000000e+03
5.473000000000000000e+03
5.522000000000000000e+03
5.523000000000000000e+03
5.526000000000000000e+03
5.622000000000000000e+03
5.628000000000000000e+03
5.714000000000000000e+03
5.806000000000000000e+03
5.809000000000000000e+03
5.813000000000000000e+03
5.830000000000000000e+03
5.831000000000000000e+03
5.899000000000000000e+03
5.915000000000000000e+03
5.974000000000000000e+03
6.005000000000000000e+03
6.013000000000000000e+03
6.028000000000000000e+03
6.064000000000000000e+03
6.086000000000000000e+03
6.102000000000000000e+03
6.232000000000000000e+03
6.249000000000000000e+03
6.256000000000000000e+03
6.286000000000000000e+03
6.312000000000000000e+03
6.334000000000000000e+03
6.335000000000000000e+03
6.357000000000000000e+03
6.370000000000000000e+03
6.393000000000000000e+03
6.394000000000000000e+03
6.445000000000000000e+03
6.447000000000000000e+03
6.450000000000000000e+03
6.490000000000000000e+03
6.491000000000000000e+03
6.509000000000000000e+03
6.523000000000000000e+03
6.530000000000000000e+03
6.548000000000000000e+03
6.584000000000000000e+03
6.617000000000000000e+03
6.625000000000000000e+03
6.631000000000000000e+03
6.637000000000000000e+03
6.686000000000000000e+03
6.690000000000000000e+03
6.728000000000000000e+03
6.747000000000000000e+03
6.754000000000000000e+03
6.862000000000000000e+03
6.919000000000000000e+03
6.923000000000000000e+03
6.932000000000000000e+03
6.943000000000000000e+03
6.954000000000000000e+03
7.000000000000000000e+03
7.009000000000000000e+03
7.025000000000000000e+03
7.038000000000000000e+03
7.108000000000000000e+03
7.138000000000000000e+03
7.220000000000000000e+03
7.231000000000000000e+03
7.244000000000000000e+03
7.247000000000000000e+03
7.347000000000000000e+03
7.381000000000000000e+03
7.439000000000000000e+03
7.445000000000000000e+03
7.461000000000000000e+03
7.503000000000000000e+03
7.509000000000000000e+03
7.527000000000000000e+03
7.540000000000000000e+03
7.549000000000000000e+03
7.550000000000000000e+03
7.558000000000000000e+03
7.611000000000000000e+03
7.683000000000000000e+03
7.728000000000000000e+03
7.766000000000000000e+03
7.807000000000000000e+03
7.840000000000000000e+03
7.890000000000000000e+03
7.913000000000000000e+03
7.970000000000000000e+03
8.009000000000000000e+03
8.037000000000000000e+03
8.115000000000000000e+03
8.140000000000000000e+03
8.163000000000000000e+03
8.173000000000000000e+03
8.193000000000000000e+03
8.246000000000000000e+03
8.266000000000000000e+03
8.276000000000000000e+03
8.285000000000000000e+03
8.298000000000000000e+03
8.349000000000000000e+03
8.372000000000000000e+03
8.391000000000000000e+03
8.429000000000000000e+03
8.431000000000000000e+03
8.438000000000000000e+03
8.447000000000000000e+03
8.448000000000000000e+03
8.454000000000000000e+03
8.485000000000000000e+03
8.552000000000000000e+03
8.601000000000000000e+03
8.642000000000000000e+03
8.680000000000000000e+03
8.694000000000000000e+03
8.711000000000000000e+03
8.733000000000000000e+03
8.786000000000000000e+03
8.790000000000000000e+03
8.811000000000000000e+03
8.812000000000000000e+03
8.866000000000000000e+03
8.875000000000000000e+03
8.895000000000000000e+03
8.896000000000000000e+03
8.960000000000000000e+03
8.963000000000000000e+03
8.981000000000000000e+03
8.984000000000000000e+03
8.990000000000000000e+03
9.014000000000000000e+03
9.030000000000000000e+03
9.052000000000000000e+03
9.121000000000000000e+03
9.129000000000000000e+03
9.138000000000000000e+03
9.180000000000000000e+03
9.264000000000000000e+03
9.282000000000000000e+03
9.291000000000000000e+03
9.428000000000000000e+03
9.433000000000000000e+03
9.467000000000000000e+03
9.496000000000000000e+03
9.511000000000000000e+03
9.512000000000000000e+03
9.569000000000000000e+03
9.594000000000000000e+03
9.597000000000000000e+03
9.599000000000000000e+03
9.603000000000000000e+03
9.647000000000000000e+03
9.710000000000000000e+03
9.722000000000000000e+03
9.725000000000000000e+03
9.732000000000000000e+03
9.737000000000000000e+03
9.753000000000000000e+03
9.845000000000000000e+03
9.879000000000000000e+03
9.881000000000000000e+03
9.898000000000000000e+03
9.956000000000000000e+03
1.015400000000000000e+04
1.020100000000000000e+04
1.021200000000000000e+04
1.023000000000000000e+04
1.023700000000000000e+04
1.024200000000000000e+04
1.024500000000000000e+04
1.027400000000000000e+04
1.028000000000000000e+04
1.030200000000000000e+04
1.031200000000000000e+04
1.033400000000000000e+04
1.034100000000000000e+04
1.046500000000000000e+04
1.053800000000000000e+04
1.057500000000000000e+04
1.058100000000000000e+04
1.068500000000000000e+04
1.073000000000000000e+04
1.077200000000000000e+04
1.079400000000000000e+04
1.079600000000000000e+04
1.081700000000000000e+04
1.082100000000000000e+04
1.086400000000000000e+04
1.088500000000000000e+04
1.088900000000000000e+04
1.090900000000000000e+04
1.095500000000000000e+04
1.097400000000000000e+04
1.098100000000000000e+04
1.102200000000000000e+04
1.105400000000000000e+04
1.122900000000000000e+04
1.128600000000000000e+04
1.130700000000000000e+04
1.133200000000000000e+04
1.135200000000000000e+04
1.138800000000000000e+04
1.139200000000000000e+04
1.141000000000000000e+04
1.142700000000000000e+04
1.143500000000000000e+04
1.145000000000000000e+04
1.146100000000000000e+04
1.148500000000000000e+04
1.150300000000000000e+04
1.151200000000000000e+04
1.152100000000000000e+04
1.152400000000000000e+04
1.152700000000000000e+04
1.153100000000000000e+04
1.161300000000000000e+04
1.163000000000000000e+04
1.166500000000000000e+04
1.173300000000000000e+04
1.174100000000000000e+04
1.178800000000000000e+04
1.179800000000000000e+04
1.180400000000000000e+04
1.183000000000000000e+04
1.183200000000000000e+04
1.184200000000000000e+04
1.190400000000000000e+04
1.196700000000000000e+04
1.197300000000000000e+04
1.203800000000000000e+04
1.210000000000000000e+04
1.215300000000000000e+04
1.216700000000000000e+04
1.217900000000000000e+04
1.225900000000000000e+04
1.228900000000000000e+04
1.230100000000000000e+04
1.230800000000000000e+04
1.236200000000000000e+04
1.242900000000000000e+04
1.244000000000000000e+04
1.249400000000000000e+04
1.252800000000000000e+04
1.258500000000000000e+04
1.261300000000000000e+04
1.266200000000000000e+04
1.276600000000000000e+04
1.277700000000000000e+04
1.278000000000000000e+04
1.279200000000000000e+04
1.280100000000000000e+04
1.286200000000000000e+04
1.287900000000000000e+04
1.289200000000000000e+04
1.290100000000000000e+04
1.294100000000000000e+04
1.301700000000000000e+04
1.302200000000000000e+04
1.303100000000000000e+04
1.308300000000000000e+04
1.311700000000000000e+04
1.311900000000000000e+04
1.312900000000000000e+04
1.314900000000000000e+04
1.318400000000000000e+04
1.320800000000000000e+04
1.321400000000000000e+04
1.323400000000000000e+04
1.326200000000000000e+04
1.329800000000000000e+04
1.332200000000000000e+04
1.335400000000000000e+04
1.338300000000000000e+04
1.339600000000000000e+04
1.345000000000000000e+04
1.345300000000000000e+04
1.349700000000000000e+04
1.351700000000000000e+04
1.352600000000000000e+04
1.362800000000000000e+04
1.362900000000000000e+04
1.366600000000000000e+04
1.367400000000000000e+04
1.369900000000000000e+04
1.370200000000000000e+04
1.376200000000000000e+04
1.376400000000000000e+04
1.377800000000000000e+04
1.380300000000000000e+04
1.382100000000000000e+04
1.383900000000000000e+04
1.384200000000000000e+04
1.387200000000000000e+04
1.390900000000000000e+04
1.392000000000000000e+04
1.393600000000000000e+04
1.396300000000000000e+04
1.396800000000000000e+04
1.404500000000000000e+04
1.405100000000000000e+04
1.409200000000000000e+04
1.410300000000000000e+04
1.412500000000000000e+04
1.415600000000000000e+04
1.415800000000000000e+04
1.423000000000000000e+04
1.425800000000000000e+04
1.432100000000000000e+04
1.432700000000000000e+04
1.434500000000000000e+04
1.437100000000000000e+04
1.437800000000000000e+04
1.443600000000000000e+04
1.450900000000000000e+04
1.458800000000000000e+04
1.463400000000000000e+04
1.463900000000000000e+04
1.464100000000000000e+04
1.465900000000000000e+04
1.468700000000000000e+04
1.470100000000000000e+04
1.471200000000000000e+04
1.472000000000000000e+04
1.479300000000000000e+04
1.481300000000000000e+04
1.481700000000000000e+04
1.483700000000000000e+04
1.484700000000000000e+04
1.485000000000000000e+04
1.491900000000000000e+04
1.493700000000000000e+04
1.496100000000000000e+04
1.497700000000000000e+04
1.499600000000000000e+04
1.500700000000000000e+04
1.501600000000000000e+04
1.501900000000000000e+04
1.507000000000000000e+04
1.509600000000000000e+04
1.510400000000000000e+04
1.514200000000000000e+04
1.525500000000000000e+04
1.526900000000000000e+04
1.529600000000000000e+04
1.531900000000000000e+04
1.535900000000000000e+04
1.536800000000000000e+04
1.540600000000000000e+04
1.543800000000000000e+04
1.546600000000000000e+04
1.547900000000000000e+04
1.548500000000000000e+04
1.552900000000000000e+04
1.557000000000000000e+04
1.560000000000000000e+04
1.567000000000000000e+04
1.567100000000000000e+04
1.568100000000000000e+04
1.570600000000000000e+04
1.581900000000000000e+04
1.583300000000000000e+04
1.583400000000000000e+04
1.584000000000000000e+04
1.585900000000000000e+04
1.586700000000000000e+04
1.589900000000000000e+04
1.593900000000000000e+04
1.594000000000000000e+04
1.597400000000000000e+04
1.605100000000000000e+04
1.605300000000000000e+04
1.606400000000000000e+04
1.611100000000000000e+04
1.616200000000000000e+04
1.620000000000000000e+04
1.627600000000000000e+04
1.630200000000000000e+04
1.630800000000000000e+04
1.633600000000000000e+04
1.639400000000000000e+04
1.641900000000000000e+04
1.642700000000000000e+04
1.645700000000000000e+04
1.648100000000000000e+04
1.652200000000000000e+04
1.659100000000000000e+04
1.660400000000000000e+04
1.665200000000000000e+04
1.667300000000000000e+04
1.669800000000000000e+04
1.677300000000000000e+04
1.677600000000000000e+04
1.681700000000000000e+04
1.685400000000000000e+04
1.689100000000000000e+04
1.694900000000000000e+04
1.695200000000000000e+04
1.697100000000000000e+04
1.697700000000000000e+04
1.702000000000000000e+04
1.706900000000000000e+04
1.708800000000000000e+04
1.716400000000000000e+04
1.716600000000000000e+04
1.717400000000000000e+04
1.719400000000000000e+04
1.724600000000000000e+04
1.732700000000000000e+04
1.736500000000000000e+04
1.738100000000000000e+04
1.739200000000000000e+04
1.749500000000000000e+04
1.751600000000000000e+04
1.752600000000000000e+04
1.753400000000000000e+04
1.753800000000000000e+04
1.754300000000000000e+04
1.755500000000000000e+04
1.756000000000000000e+04
1.767100000000000000e+04
1.767400000000000000e+04
1.768000000000000000e+04
1.771000000000000000e+04
1.771100000000000000e+04
1.771300000000000000e+04
1.772800000000000000e+04
1.774200000000000000e+04
1.774300000000000000e+04
1.776400000000000000e+04
1.776900000000000000e+04
1.777200000000000000e+04
1.780400000000000000e+04
1.782100000000000000e+04
1.787200000000000000e+04
1.787900000000000000e+04
1.793200000000000000e+04
1.793800000000000000e+04
1.795200000000000000e+04
1.797600000000000000e+04
1.798500000000000000e+04
1.801200000000000000e+04
1.801800000000000000e+04
1.801900000000000000e+04
1.806400000000000000e+04
1.807100000000000000e+04
1.808200000000000000e+04
1.808700000000000000e+04
1.811900000000000000e+04
1.814400000000000000e+04
1.822300000000000000e+04
1.824400000000000000e+04
1.834400000000000000e+04
1.839300000000000000e+04
1.843900000000000000e+04
1.845200000000000000e+04
1.850100000000000000e+04
1.852200000000000000e+04
1.855500000000000000e+04
1.859400000000000000e+04
1.859800000000000000e+04
1.863700000000000000e+04
1.868200000000000000e+04
1.883500000000000000e+04
1.897100000000000000e+04
1.898900000000000000e+04
1.906600000000000000e+04
1.907300000000000000e+04
1.908100000000000000e+04
1.917600000000000000e+04
1.919100000000000000e+04
1.922300000000000000e+04
1.928000000000000000e+04
1.928500000000000000e+04
1.934700000000000000e+04
1.950400000000000000e+04
1.951700000000000000e+04
1.956300000000000000e+04
1.959300000000000000e+04
1.961100000000000000e+04
1.968600000000000000e+04
1.973600000000000000e+04
1.975200000000000000e+04
1.976400000000000000e+04
1.977800000000000000e+04
1.978200000000000000e+04
1.980100000000000000e+04
1.986000000000000000e+04
1.986300000000000000e+04
1.986800000000000000e+04
1.988200000000000000e+04
1.990600000000000000e+04
1.991100000000000000e+04
1.993100000000000000e+04
1.998300000000000000e+04
2.003200000000000000e+04
2.009000000000000000e+04
2.015800000000000000e+04
2.032300000000000000e+04
2.037500000000000000e+04
2.046700000000000000e+04
2.046900000000000000e+04
2.050400000000000000e+04
2.061900000000000000e+04
2.062900000000000000e+04
2.064100000000000000e+04
2.075000000000000000e+04
2.079600000000000000e+04
2.083900000000000000e+04
2.096900000000000000e+04
2.097200000000000000e+04
2.099600000000000000e+04
2.102600000000000000e+04
2.105600000000000000e+04
2.108200000000000000e+04
2.110100000000000000e+04
2.115000000000000000e+04
2.116000000000000000e+04
2.116300000000000000e+04
2.123400000000000000e+04
2.126800000000000000e+04
2.134800000000000000e+04
2.140900000000000000e+04
2.150600000000000000e+04
2.151100000000000000e+04
2.157800000000000000e+04
2.161600000000000000e+04
2.164000000000000000e+04
2.164900000000000000e+04
2.165700000000000000e+04
2.173500000000000000e+04
2.175100000000000000e+04
2.181200000000000000e+04
2.181700000000000000e+04
2.183900000000000000e+04
2.185700000000000000e+04
2.188500000000000000e+04
2.191000000000000000e+04
2.193400000000000000e+04
2.202400000000000000e+04
2.207400000000000000e+04
2.208600000000000000e+04
2.212400000000000000e+04
2.213200000000000000e+04
2.215100000000000000e+04
2.217900000000000000e+04
2.222300000000000000e+04
2.223200000000000000e+04
2.224900000000000000e+04
2.235500000000000000e+04
2.237000000000000000e+04
2.242400000000000000e+04
2.243300000000000000e+04
2.243800000000000000e+04
2.247900000000000000e+04
2.248300000000000000e+04
2.251200000000000000e+04
2.252800000000000000e+04
2.257000000000000000e+04
2.261900000000000000e+04
2.269800000000000000e+04
2.272200000000000000e+04
2.272400000000000000e+04
2.273400000000000000e+04
2.273800000000000000e+04
2.278000000000000000e+04
2.286000000000000000e+04
2.296800000000000000e+04
2.297600000000000000e+04
2.306300000000000000e+04
2.307100000000000000e+04
2.310200000000000000e+04
2.311500000000000000e+04
2.312500000000000000e+04
2.315500000000000000e+04
2.318400000000000000e+04
2.320200000000000000e+04
2.320400000000000000e+04
2.322300000000000000e+04
2.322900000000000000e+04
2.323700000000000000e+04
2.326500000000000000e+04
2.329300000000000000e+04
2.331100000000000000e+04
2.336100000000000000e+04
2.337100000000000000e+04
2.340400000000000000e+04
2.350900000000000000e+04
2.351900000000000000e+04
2.355000000000000000e+04
2.360400000000000000e+04
2.363600000000000000e+04
2.367300000000000000e+04
2.369500000000000000e+04
2.373400000000000000e+04
2.382200000000000000e+04
2.387400000000000000e+04
2.387800000000000000e+04
2.404000000000000000e+04
2.404500000000000000e+04
2.410000000000000000e+04
2.411800000000000000e+04
2.420800000000000000e+04
2.421400000000000000e+04
2.422100000000000000e+04
2.423400000000000000e+04
2.436700000000000000e+04
2.437100000000000000e+04
2.443900000000000000e+04
2.444800000000000000e+04
2.459100000000000000e+04
2.461600000000000000e+04
2.463300000000000000e+04
2.464900000000000000e+04
2.469600000000000000e+04
2.473600000000000000e+04
2.483600000000000000e+04
2.484700000000000000e+04
2.485400000000000000e+04
2.490900000000000000e+04
2.491800000000000000e+04
2.493000000000000000e+04
2.499900000000000000e+04
2.502300000000000000e+04
2.502500000000000000e+04
2.505800000000000000e+04
2.511900000000000000e+04
2.512900000000000000e+04
2.522900000000000000e+04
2.528600000000000000e+04
2.549500000000000000e+04
2.551300000000000000e+04
2.553700000000000000e+04
2.557100000000000000e+04
2.558800000000000000e+04
2.568200000000000000e+04
2.572200000000000000e+04
2.574100000000000000e+04
2.578300000000000000e+04
2.579500000000000000e+04
2.580400000000000000e+04
2.581900000000000000e+04
2.585900000000000000e+04
2.586800000000000000e+04
2.590300000000000000e+04
2.596300000000000000e+04
2.598000000000000000e+04
2.598100000000000000e+04
2.600500000000000000e+04
2.606000000000000000e+04
2.607900000000000000e+04
2.608500000000000000e+04
2.609900000000000000e+04
2.612800000000000000e+04
2.617800000000000000e+04
2.620600000000000000e+04
2.622800000000000000e+04
2.623800000000000000e+04
2.626200000000000000e+04
2.637800000000000000e+04
2.638900000000000000e+04
2.639100000000000000e+04
2.639400000000000000e+04
2.641800000000000000e+04
2.644100000000000000e+04
2.644300000000000000e+04
2.646700000000000000e+04
2.649000000000000000e+04
2.649400000000000000e+04
2.651400000000000000e+04
2.652100000000000000e+04
2.654800000000000000e+04
2.672600000000000000e+04
2.679900000000000000e+04
2.680300000000000000e+04
2.684300000000000000e+04
2.684400000000000000e+04
2.684700000000000000e+04
2.694700000000000000e+04
2.696000000000000000e+04
2.700800000000000000e+04
2.700900000000000000e+04
2.703500000000000000e+04
2.706900000000000000e+04
2.709000000000000000e+04
2.713800000000000000e+04
2.715000000000000000e+04
2.718600000000000000e+04
2.719700000000000000e+04
2.720000000000000000e+04
2.720900000000000000e+04
2.723900000000000000e+04
2.725700000000000000e+04
2.730100000000000000e+04
2.730700000000000000e+04
2.733500000000000000e+04
2.735600000000000000e+04
2.735900000000000000e+04
2.737400000000000000e+04
2.737900000000000000e+04
2.739200000000000000e+04
2.747900000000000000e+04
2.748600000000000000e+04
2.748700000000000000e+04
2.757900000000000000e+04
2.759300000000000000e+04
2.773800000000000000e+04
2.779300000000000000e+04
2.785300000000000000e+04
2.788900000000000000e+04
2.790200000000000000e+04
2.797300000000000000e+04
2.799800000000000000e+04
2.807400000000000000e+04
2.807500000000000000e+04
2.807900000000000000e+04
2.809500000000000000e+04
2.820200000000000000e+04
2.821600000000000000e+04
2.822400000000000000e+04
2.826800000000000000e+04
2.833100000000000000e+04
2.833800000000000000e+04
2.839000000000000000e+04
2.840100000000000000e+04
2.840700000000000000e+04
2.842200000000000000e+04
2.847500000000000000e+04
2.851200000000000000e+04
2.854800000000000000e+04
2.864500000000000000e+04
2.864700000000000000e+04
2.867700000000000000e+04
2.871000000000000000e+04
2.871800000000000000e+04
2.880700000000000000e+04
2.882300000000000000e+04
2.890500000000000000e+04
2.898400000000000000e+04
2.903900000000000000e+04
2.906700000000000000e+04
2.910500000000000000e+04
2.921400000000000000e+04
2.925700000000000000e+04
2.927400000000000000e+04
2.931200000000000000e+04
2.939800000000000000e+04
2.940300000000000000e+04
2.941500000000000000e+04
2.945500000000000000e+04
2.952300000000000000e+04
2.958900000000000000e+04
2.960600000000000000e+04
2.962800000000000000e+04
2.972000000000000000e+04
2.975200000000000000e+04
2.978000000000000000e+04
2.979200000000000000e+04
2.990300000000000000e+04
2.991600000000000000e+04
2.991800000000000000e+04
2.992400000000000000e+04
2.994100000000000000e+04
2.996800000000000000e+04
2.998800000000000000e+04
2.999400000000000000e+04
2.999500000000000000e+04
3.001200000000000000e+04
3.007700000000000000e+04
3.009300000000000000e+04
3.010800000000000000e+04
3.018900000000000000e+04
3.026400000000000000e+04
3.030300000000000000e+04
3.033500000000000000e+04
3.034800000000000000e+04
3.040200000000000000e+04
3.048900000000000000e+04
3.050600000000000000e+04
3.051300000000000000e+04
3.055900000000000000e+04
3.057800000000000000e+04
3.060900000000000000e+04
3.066900000000000000e+04
3.067800000000000000e+04
3.067900000000000000e+04
3.068600000000000000e+04
3.085400000000000000e+04
3.086800000000000000e+04
3.092100000000000000e+04
3.099900000000000000e+04
3.100800000000000000e+04
3.101300000000000000e+04
3.105600000000000000e+04
3.112700000000000000e+04
3.115100000000000000e+04
3.116000000000000000e+04
3.118900000000000000e+04
3.122700000000000000e+04
3.128100000000000000e+04
3.130300000000000000e+04
3.131600000000000000e+04
3.133800000000000000e+04
3.135100000000000000e+04
3.136000000000000000e+04
3.137300000000000000e+04
3.142800000000000000e+04
3.145700000000000000e+04
3.148600000000000000e+04
3.150400000000000000e+04
3.157700000000000000e+04
3.164700000000000000e+04
3.164800000000000000e+04
3.166200000000000000e+04
3.167800000000000000e+04
3.174100000000000000e+04
3.175600000000000000e+04
3.176900000000000000e+04
3.177400000000000000e+04
3.179900000000000000e+04
3.187300000000000000e+04
3.191800000000000000e+04
3.195500000000000000e+04
3.196400000000000000e+04
3.201900000000000000e+04
3.205000000000000000e+04
3.209100000000000000e+04
3.211000000000000000e+04
3.211200000000000000e+04
3.213000000000000000e+04
3.219900000000000000e+04
3.222300000000000000e+04
3.223600000000000000e+04
3.228600000000000000e+04
3.236900000000000000e+04
3.238800000000000000e+04
3.242100000000000000e+04
3.252300000000000000e+04
3.255100000000000000e+04
3.255200000000000000e+04
3.256200000000000000e+04
3.259200000000000000e+04
3.271200000000000000e+04
3.273700000000000000e+04
3.275600000000000000e+04
3.280700000000000000e+04
3.286900000000000000e+04
3.287600000000000000e+04
3.292000000000000000e+04
3.295200000000000000e+04
3.296400000000000000e+04
3.301500000000000000e+04
3.304900000000000000e+04
3.312700000000000000e+04
3.313700000000000000e+04
3.323200000000000000e+04
3.326400000000000000e+04
3.328300000000000000e+04
3.329900000000000000e+04
3.331500000000000000e+04
3.340200000000000000e+04
3.341800000000000000e+04
3.348700000000000000e+04
3.355700000000000000e+04
3.357400000000000000e+04
3.358300000000000000e+04
3.368200000000000000e+04
3.375800000000000000e+04
3.390000000000000000e+04
3.401600000000000000e+04
3.402000000000000000e+04
3.404900000000000000e+04
3.405100000000000000e+04
3.406200000000000000e+04
3.409200000000000000e+04
3.413500000000000000e+04
3.414600000000000000e+04
3.415800000000000000e+04
3.420400000000000000e+04
3.427700000000000000e+04
3.434100000000000000e+04
3.435100000000000000e+04
3.441000000000000000e+04
3.447400000000000000e+04
3.447900000000000000e+04
