8.100000000000000000e+01
8.300000000000000000e+01
1.770000000000000000e+02
1.860000000000000000e+02
2.600000000000000000e+02
3.330000000000000000e+02
3.840000000000000000e+02
3.910000000000000000e+02
4.820000000000000000e+02
5.200000000000000000e+02
5.470000000000000000e+02
5.570000000000000000e+02
5.610000000000000000e+02
6.030000000000000000e+02
6.120000000000000000e+02
6.260000000000000000e+02
7.000000000000000000e+02
7.180000000000000000e+02
7.430000000000000000e+02
7.540000000000000000e+02
7.930000000000000000e+02
8.520000000000000000e+02
8.620000000000000000e+02
8.720000000000000000e+02
9.330000000000000000e+02
9.640000000000000000e+02
9.840000000000000000e+02
9.880000000000000000e+02
9.970000000000000000e+02
1.111000000000000000e+03
1.118000000000000000e+03
1.131000000000000000e+03
1.147000000000000000e+03
1.186000000000000000e+03
1.212000000000000000e+03
1.272000000000000000e+03
1.314000000000000000e+03
1.336000000000000000e+03
1.357000000000000000e+03
1.380000000000000000e+03
1.384000000000000000e+03
1.433000000000000000e+03
1.516000000000000000e+03
1.588000000000000000e+03
1.615000000000000000e+03
1.748000000000000000e+03
1.750000000000000000e+03
1.776000000000000000e+03
1.785000000000000000e+03
1.793000000000000000e+03
1.802000000000000000e+03
1.819000000000000000e+03
1.823000000000000000e+03
1.851000000000000000e+03
1.855000000000000000e+03
1.909000000000000000e+03
1.920000000000000000e+03
1.925000000000000000e+03
1.931000000000000000e+03
1.944000000000000000e+03
1.956000000000000000e+03
2.046000000000000000e+03
2.099000000000000000e+03
2.134000000000000000e+03
2.184000000000000000e+03
2.186000000000000000e+03
2.200000000000000000e+03
2.203000000000000000e+03
2.213000000000000000e+03
2.221000000000000000e+03
2.225000000000000000e+03
2.276000000000000000e+03
2.281000000000000000e+03
2.291000000000000000e+03
2.302000000000000000e+03
2.307000000000000000e+03
2.316000000000000000e+03
2.319000000000000000e+03
2.330000000000000000e+03
2.333000000000000000e+03
2.335000000000000000e+03
2.349000000000000000e+03
2.356000000000000000e+03
2.363000000000000000e+03
2.376000000000000000e+03
2.391000000000000000e+03
2.411000000000000000e+03
2.430000000000000000e+03
2.434000000000000000e+03
2.448000000000000000e+03
2.483000000000000000e+03
2.489000000000000000e+03
2.493000000000000000e+03
2.607000000000000000e+03
2.664000000000000000e+03
2.711000000000000000e+03
2.716000000000000000e+03
2.717000000000000000e+03
2.737000000000000000e+03
2.750000000000000000e+03
2.753000000000000000e+03
2.769000000000000000e+03
2.851000000000000000e+03
2.875000000000000000e+03
2.889000000000000000e+03
2.892000000000000000e+03
2.905000000000000000e+03
2.906000000000000000e+03
2.913000000000000000e+03
2.947000000000000000e+03
2.966000000000000000e+03
2.977000000000000000e+03
3.010000000000000000e+03
3.052000000000000000e+03
3.066000000000000000e+03
3.087000000000000000e+03
3.098000000000000000e+03
3.147000000000000000e+03
3.201000000000000000e+03
3.207000000000000000e+03
3.208000000000000000e+03
3.213000000000000000e+03
3.226000000000000000e+03
3.236000000000000000e+03
3.274000000000000000e+03
3.279000000000000000e+03
3.284000000000000000e+03
3.327000000000000000e+03
3.329000000000000000e+03
3.368000000000000000e+03
3.446000000000000000e+03
3.472000000000000000e+03
3.575000000000000000e+03
3.603000000000000000e+03
3.620000000000000000e+03
3.631000000000000000e+03
3.671000000000000000e+03
3.675000000000000000e+03
3.676000000000000000e+03
3.677000000000000000e+03
3.681000000000000000e+03
3.733000000000000000e+03
3.749000000000000000e+03
3.779000000000000000e+03
3.780000000000000000e+03
3.815000000000000000e+03
3.850000000000000000e+03
3.854000000000000000e+03
3.912000000000000000e+03
3.940000000000000000e+03
3.944000000000000000e+03
3.970000000000000000e+03
4.032000000000000000e+03
4.051000000000000000e+03
4.097000000000000000e+03
4.108000000000000000e+03
4.129000000000000000e+03
4.145000000000000000e+03
4.150000000000000000e+03
4.172000000000000000e+03
4.205000000000000000e+03
4.226000000000000000e+03
4.243000000000000000e+03
4.251000000000000000e+03
4.270000000000000000e+03
4.337000000000000000e+03
4.350000000000000000e+03
4.391000000000000000e+03
4.407000000000000000e+03
4.420000000000000000e+03
4.423000000000000000e+03
4.431000000000000000e+03
4.436000000000000000e+03
4.484000000000000000e+03
4.486000000000000000e+03
4.491000000000000000e+03
4.513000000000000000e+03
4.557000000000000000e+03
4.566000000000000000e+03
4.569000000000000000e+03
4.581000000000000000e+03
4.589000000000000000e+03
4.600000000000000000e+03
4.612000000000000000e+03
4.711000000000000000e+03
4.718000000000000000e+03
4.739000000000000000e+03
4.757000000000000000e+03
4.781000000000000000e+03
4.790000000000000000e+03
4.795000000000000000e+03
4.815000000000000000e+03
4.827000000000000000e+03
4.871000000000000000e+03
4.884000000000000000e+03
4.895000000000000000e+03
4.900000000000000000e+03
4.906000000000000000e+03
4.916000000000000000e+03
4.920000000000000000e+03
4.930000000000000000e+03
4.939000000000000000e+03
4.988000000000000000e+03
4.992000000000000000e+03
5.035000000000000000e+03
5.044000000000000000e+03
5.073000000000000000e+03
5.097000000000000000e+03
5.106000000000000000e+03
5.138000000000000000e+03
5.159000000000000000e+03
5.185000000000000000e+03
5.191000000000000000e+03
5.250000000000000000e+03
5.270000000000000000e+03
5.272000000000000000e+03
5.276000000000000000e+03
5.293000000000000000e+03
5.410000000000000000e+03
5.415000000000000000e+03
5.449000000000000000e+03
5.467000000000000000e+03
5.471000000000000000e+03
5.659000000000000000e+03
5.669000000000000000e+03
5.675000000000000000e+03
5.678000000000000000e+03
5.706000000000000000e+03
5.721000000000000000e+03
5.730000000000000000e+03
5.745000000000000000e+03
5.746000000000000000e+03
5.818000000000000000e+03
5.857000000000000000e+03
5.871000000000000000e+03
5.906000000000000000e+03
5.945000000000000000e+03
5.948000000000000000e+03
6.018000000000000000e+03
6.037000000000000000e+03
6.039000000000000000e+03
6.040000000000000000e+03
6.060000000000000000e+03
6.120000000000000000e+03
6.121000000000000000e+03
6.122000000000000000e+03
6.140000000000000000e+03
6.148000000000000000e+03
6.160000000000000000e+03
6.213000000000000000e+03
6.215000000000000000e+03
6.225000000000000000e+03
6.230000000000000000e+03
6.254000000000000000e+03
6.271000000000000000e+03
6.292000000000000000e+03
6.336000000000000000e+03
6.366000000000000000e+03
6.380000000000000000e+03
6.434000000000000000e+03
6.439000000000000000e+03
6.452000000000000000e+03
6.492000000000000000e+03
6.503000000000000000e+03
6.510000000000000000e+03
6.533000000000000000e+03
6.534000000000000000e+03
6.582000000000000000e+03
6.589000000000000000e+03
6.598000000000000000e+03
6.602000000000000000e+03
6.688000000000000000e+03
6.705000000000000000e+03
6.715000000000000000e+03
6.738000000000000000e+03
6.750000000000000000e+03
6.767000000000000000e+03
6.776000000000000000e+03
6.798000000000000000e+03
6.807000000000000000e+03
6.830000000000000000e+03
6.834000000000000000e+03
6.838000000000000000e+03
6.856000000000000000e+03
6.863000000000000000e+03
6.878000000000000000e+03
6.893000000000000000e+03
6.907000000000000000e+03
6.920000000000000000e+03
6.953000000000000000e+03
6.975000000000000000e+03
6.976000000000000000e+03
6.977000000000000000e+03
7.006000000000000000e+03
7.017000000000000000e+03
7.022000000000000000e+03
7.040000000000000000e+03
7.082000000000000000e+03
7.085000000000000000e+03
7.112000000000000000e+03
7.120000000000000000e+03
7.164000000000000000e+03
7.186000000000000000e+03
7.191000000000000000e+03
7.199000000000000000e+03
7.245000000000000000e+03
7.262000000000000000e+03
7.288000000000000000e+03
7.306000000000000000e+03
7.307000000000000000e+03
7.330000000000000000e+03
7.342000000000000000e+03
7.348000000000000000e+03
7.358000000000000000e+03
7.360000000000000000e+03
7.395000000000000000e+03
7.426000000000000000e+03
7.428000000000000000e+03
7.438000000000000000e+03
7.469000000000000000e+03
7.528000000000000000e+03
7.537000000000000000e+03
7.583000000000000000e+03
7.637000000000000000e+03
7.646000000000000000e+03
7.694000000000000000e+03
7.698000000000000000e+03
7.738000000000000000e+03
7.740000000000000000e+03
7.753000000000000000e+03
7.820000000000000000e+03
7.835000000000000000e+03
7.863000000000000000e+03
7.897000000000000000e+03
7.917000000000000000e+03
7.919000000000000000e+03
7.943000000000000000e+03
7.944000000000000000e+03
7.945000000000000000e+03
8.016000000000000000e+03
8.026000000000000000e+03
8.054000000000000000e+03
8.081000000000000000e+03
8.129000000000000000e+03
8.255000000000000000e+03
8.262000000000000000e+03
8.275000000000000000e+03
8.287000000000000000e+03
8.310000000000000000e+03
8.326000000000000000e+03
8.327000000000000000e+03
8.335000000000000000e+03
8.345000000000000000e+03
8.366000000000000000e+03
8.387000000000000000e+03
8.402000000000000000e+03
8.439000000000000000e+03
8.465000000000000000e+03
8.475000000000000000e+03
8.540000000000000000e+03
8.590000000000000000e+03
8.613000000000000000e+03
8.618000000000000000e+03
8.624000000000000000e+03
8.630000000000000000e+03
8.636000000000000000e+03
8.654000000000000000e+03
8.657000000000000000e+03
8.675000000000000000e+03
8.701000000000000000e+03
8.730000000000000000e+03
8.742000000000000000e+03
8.791000000000000000e+03
8.814000000000000000e+03
8.830000000000000000e+03
8.835000000000000000e+03
8.885000000000000000e+03
8.894000000000000000e+03
8.915000000000000000e+03
8.949000000000000000e+03
8.950000000000000000e+03
8.971000000000000000e+03
8.976000000000000000e+03
9.006000000000000000e+03
9.028000000000000000e+03
9.078000000000000000e+03
9.095000000000000000e+03
9.112000000000000000e+03
9.134000000000000000e+03
9.147000000000000000e+03
9.221000000000000000e+03
9.222000000000000000e+03
9.224000000000000000e+03
9.246000000000000000e+03
9.266000000000000000e+03
9.271000000000000000e+03
9.299000000000000000e+03
9.313000000000000000e+03
9.316000000000000000e+03
9.356000000000000000e+03
9.379000000000000000e+03
9.401000000000000000e+03
9.436000000000000000e+03
9.441000000000000000e+03
9.443000000000000000e+03
9.447000000000000000e+03
9.463000000000000000e+03
9.473000000000000000e+03
9.475000000000000000e+03
9.479000000000000000e+03
9.500000000000000000e+03
9.514000000000000000e+03
9.545000000000000000e+03
9.560000000000000000e+03
9.582000000000000000e+03
9.640000000000000000e+03
9.650000000000000000e+03
9.652000000000000000e+03
9.695000000000000000e+03
9.698000000000000000e+03
9.705000000000000000e+03
9.734000000000000000e+03
9.747000000000000000e+03
9.748000000000000000e+03
9.762000000000000000e+03
9.764000000000000000e+03
9.769000000000000000e+03
9.773000000000000000e+03
9.792000000000000000e+03
9.818000000000000000e+03
9.834000000000000000e+03
9.841000000000000000e+03
9.847000000000000000e+03
9.913000000000000000e+03
9.928000000000000000e+03
9.953000000000000000e+03
9.969000000000000000e+03
9.971000000000000000e+03
9.983000000000000000e+03
9.986000000000000000e+03
1.003000000000000000e+04
1.004900000000000000e+04
1.005700000000000000e+04
1.007400000000000000e+04
1.009800000000000000e+04
1.010700000000000000e+04
1.011100000000000000e+04
1.012600000000000000e+04
1.013900000000000000e+04
1.019100000000000000e+04
1.022400000000000000e+04
1.027000000000000000e+04
1.029600000000000000e+04
1.033600000000000000e+04
1.035200000000000000e+04
1.035500000000000000e+04
1.037100000000000000e+04
1.040800000000000000e+04
1.042300000000000000e+04
1.045600000000000000e+04
1.046200000000000000e+04
1.047400000000000000e+04
1.047500000000000000e+04
1.048200000000000000e+04
1.048400000000000000e+04
1.049700000000000000e+04
1.052700000000000000e+04
1.053300000000000000e+04
1.054100000000000000e+04
1.054500000000000000e+04
1.056800000000000000e+04
1.059500000000000000e+04
1.063100000000000000e+04
1.063200000000000000e+04
1.064900000000000000e+04
1.065000000000000000e+04
1.067600000000000000e+04
1.068600000000000000e+04
1.069200000000000000e+04
1.080200000000000000e+04
1.081800000000000000e+04
1.082200000000000000e+04
1.083300000000000000e+04
1.088700000000000000e+04
1.091900000000000000e+04
1.093300000000000000e+04
1.094900000000000000e+04
1.100100000000000000e+04
1.101800000000000000e+04
1.109300000000000000e+04
1.110100000000000000e+04
1.110500000000000000e+04
1.111000000000000000e+04
1.112500000000000000e+04
1.112600000000000000e+04
1.114100000000000000e+04
1.115700000000000000e+04
1.116300000000000000e+04
1.116700000000000000e+04
1.118700000000000000e+04
1.124500000000000000e+04
1.126400000000000000e+04
1.126500000000000000e+04
1.127800000000000000e+04
1.131600000000000000e+04
1.131700000000000000e+04
1.132000000000000000e+04
1.132800000000000000e+04
1.134200000000000000e+04
1.134600000000000000e+04
1.135100000000000000e+04
1.135900000000000000e+04
1.137900000000000000e+04
1.139500000000000000e+04
1.140200000000000000e+04
1.141200000000000000e+04
1.143700000000000000e+04
1.146400000000000000e+04
1.151500000000000000e+04
1.158000000000000000e+04
1.159300000000000000e+04
1.159800000000000000e+04
1.160200000000000000e+04
1.161600000000000000e+04
1.161700000000000000e+04
1.164500000000000000e+04
1.164700000000000000e+04
1.165600000000000000e+04
1.166200000000000000e+04
1.167100000000000000e+04
1.168800000000000000e+04
1.177200000000000000e+04
1.179500000000000000e+04
1.181200000000000000e+04
1.181300000000000000e+04
1.181400000000000000e+04
1.184000000000000000e+04
1.186700000000000000e+04
1.189900000000000000e+04
1.192500000000000000e+04
1.198500000000000000e+04
1.199200000000000000e+04
1.200600000000000000e+04
1.202800000000000000e+04
1.205800000000000000e+04
1.206700000000000000e+04
1.207500000000000000e+04
1.208900000000000000e+04
1.209200000000000000e+04
1.209800000000000000e+04
1.212900000000000000e+04
1.215000000000000000e+04
1.215100000000000000e+04
1.216300000000000000e+04
1.219800000000000000e+04
1.220700000000000000e+04
1.221500000000000000e+04
1.231900000000000000e+04
1.234200000000000000e+04
1.235000000000000000e+04
1.240900000000000000e+04
1.241500000000000000e+04
1.244400000000000000e+04
1.248500000000000000e+04
1.250100000000000000e+04
1.252900000000000000e+04
1.254300000000000000e+04
1.255600000000000000e+04
1.258900000000000000e+04
1.259000000000000000e+04
1.265200000000000000e+04
1.268400000000000000e+04
1.268700000000000000e+04
1.270300000000000000e+04
1.273900000000000000e+04
1.274600000000000000e+04
1.275500000000000000e+04
1.277800000000000000e+04
1.286700000000000000e+04
1.287600000000000000e+04
1.288200000000000000e+04
1.294000000000000000e+04
1.294900000000000000e+04
1.296800000000000000e+04
1.298500000000000000e+04
1.300500000000000000e+04
1.303400000000000000e+04
1.306300000000000000e+04
1.307600000000000000e+04
1.308900000000000000e+04
1.309300000000000000e+04
1.310400000000000000e+04
1.311000000000000000e+04
1.313200000000000000e+04
1.316100000000000000e+04
1.322300000000000000e+04
1.323500000000000000e+04
1.324900000000000000e+04
1.329500000000000000e+04
1.334100000000000000e+04
1.334600000000000000e+04
1.335900000000000000e+04
1.336300000000000000e+04
1.337700000000000000e+04
1.338800000000000000e+04
1.340500000000000000e+04
1.347000000000000000e+04
1.351800000000000000e+04
1.355700000000000000e+04
1.358000000000000000e+04
1.360400000000000000e+04
1.361300000000000000e+04
1.367900000000000000e+04
1.368800000000000000e+04
1.371200000000000000e+04
1.377100000000000000e+04
1.377300000000000000e+04
1.379300000000000000e+04
1.381400000000000000e+04
1.382800000000000000e+04
1.383100000000000000e+04
1.384600000000000000e+04
1.386700000000000000e+04
1.387700000000000000e+04
1.391600000000000000e+04
1.391900000000000000e+04
1.392900000000000000e+04
1.396200000000000000e+04
1.396500000000000000e+04
1.397000000000000000e+04
1.400000000000000000e+04
1.400800000000000000e+04
1.403100000000000000e+04
1.416000000000000000e+04
1.420200000000000000e+04
1.421000000000000000e+04
1.423100000000000000e+04
1.424300000000000000e+04
1.426600000000000000e+04
1.427600000000000000e+04
1.433000000000000000e+04
1.434900000000000000e+04
1.443300000000000000e+04
1.444100000000000000e+04
1.447100000000000000e+04
1.448800000000000000e+04
1.451100000000000000e+04
1.453000000000000000e+04
1.456200000000000000e+04
1.465600000000000000e+04
1.469500000000000000e+04
1.473100000000000000e+04
1.476400000000000000e+04
1.477000000000000000e+04
1.477100000000000000e+04
1.483200000000000000e+04
1.486300000000000000e+04
1.489100000000000000e+04
1.492100000000000000e+04
1.492300000000000000e+04
1.493100000000000000e+04
1.493900000000000000e+04
1.506800000000000000e+04
1.507400000000000000e+04
1.509100000000000000e+04
1.513600000000000000e+04
1.513700000000000000e+04
1.518600000000000000e+04
1.519900000000000000e+04
1.521200000000000000e+04
1.521600000000000000e+04
1.523400000000000000e+04
1.524500000000000000e+04
1.525100000000000000e+04
1.533000000000000000e+04
1.536600000000000000e+04
1.537400000000000000e+04
1.537600000000000000e+04
1.539600000000000000e+04
1.540500000000000000e+04
1.541100000000000000e+04
1.543400000000000000e+04
1.544000000000000000e+04
1.544200000000000000e+04
1.550300000000000000e+04
1.553500000000000000e+04
1.558700000000000000e+04
1.558900000000000000e+04
1.562100000000000000e+04
1.564800000000000000e+04
1.565700000000000000e+04
1.571900000000000000e+04
1.573900000000000000e+04
1.575200000000000000e+04
1.578400000000000000e+04
1.580000000000000000e+04
1.591000000000000000e+04
1.594100000000000000e+04
1.594400000000000000e+04
1.597600000000000000e+04
1.600500000000000000e+04
1.603100000000000000e+04
1.605500000000000000e+04
1.608500000000000000e+04
1.612100000000000000e+04
1.612200000000000000e+04
1.612400000000000000e+04
1.614500000000000000e+04
1.616000000000000000e+04
1.620300000000000000e+04
1.626200000000000000e+04
1.631900000000000000e+04
1.632400000000000000e+04
1.632600000000000000e+04
1.633200000000000000e+04
1.634000000000000000e+04
1.638900000000000000e+04
1.642400000000000000e+04
1.644000000000000000e+04
1.644500000000000000e+04
1.654100000000000000e+04
1.656200000000000000e+04
1.656800000000000000e+04
1.657300000000000000e+04
1.660300000000000000e+04
1.660700000000000000e+04
1.666000000000000000e+04
1.666400000000000000e+04
1.666700000000000000e+04
1.672500000000000000e+04
1.675600000000000000e+04
1.680500000000000000e+04
1.681400000000000000e+04
1.682800000000000000e+04
1.684700000000000000e+04
1.685300000000000000e+04
1.686100000000000000e+04
1.687000000000000000e+04
1.689800000000000000e+04
1.692600000000000000e+04
1.693600000000000000e+04
1.695800000000000000e+04
1.698000000000000000e+04
1.701100000000000000e+04
1.702700000000000000e+04
1.704400000000000000e+04
1.706500000000000000e+04
1.707700000000000000e+04
1.712500000000000000e+04
1.712600000000000000e+04
1.713500000000000000e+04
1.717900000000000000e+04
1.721000000000000000e+04
1.722100000000000000e+04
1.724200000000000000e+04
1.726800000000000000e+04
1.728700000000000000e+04
1.730300000000000000e+04
1.730400000000000000e+04
1.733000000000000000e+04
1.734300000000000000e+04
1.737500000000000000e+04
1.741400000000000000e+04
1.742100000000000000e+04
1.742200000000000000e+04
1.746200000000000000e+04
1.747000000000000000e+04
1.748900000000000000e+04
1.750600000000000000e+04
1.754100000000000000e+04
1.755100000000000000e+04
1.755300000000000000e+04
1.755900000000000000e+04
1.756300000000000000e+04
1.756800000000000000e+04
1.765000000000000000e+04
1.766400000000000000e+04
1.767700000000000000e+04
1.767800000000000000e+04
1.778500000000000000e+04
1.778600000000000000e+04
1.778700000000000000e+04
1.780600000000000000e+04
1.783300000000000000e+04
1.785700000000000000e+04
1.789600000000000000e+04
1.790700000000000000e+04
1.796100000000000000e+04
1.800200000000000000e+04
1.803800000000000000e+04
1.809200000000000000e+04
1.813500000000000000e+04
1.815800000000000000e+04
1.816500000000000000e+04
1.817800000000000000e+04
1.822200000000000000e+04
1.824000000000000000e+04
1.824500000000000000e+04
1.825000000000000000e+04
1.826700000000000000e+04
1.828700000000000000e+04
1.831300000000000000e+04
1.835800000000000000e+04
1.840600000000000000e+04
1.841000000000000000e+04
1.845800000000000000e+04
1.851900000000000000e+04
1.855100000000000000e+04
1.855900000000000000e+04
1.856000000000000000e+04
1.857000000000000000e+04
1.863900000000000000e+04
1.864600000000000000e+04
1.879400000000000000e+04
1.879500000000000000e+04
1.882100000000000000e+04
1.885800000000000000e+04
1.887000000000000000e+04
1.887100000000000000e+04
1.892200000000000000e+04
1.893000000000000000e+04
1.896900000000000000e+04
1.897800000000000000e+04
1.899600000000000000e+04
1.904000000000000000e+04
1.905000000000000000e+04
1.907700000000000000e+04
1.909700000000000000e+04
1.911000000000000000e+04
1.915800000000000000e+04
1.916400000000000000e+04
1.916600000000000000e+04
1.921700000000000000e+04
1.923000000000000000e+04
1.923100000000000000e+04
1.925900000000000000e+04
1.926100000000000000e+04
1.933000000000000000e+04
1.934500000000000000e+04
1.935400000000000000e+04
1.937000000000000000e+04
1.945200000000000000e+04
1.947100000000000000e+04
1.947300000000000000e+04
1.949500000000000000e+04
1.952700000000000000e+04
1.954700000000000000e+04
1.955900000000000000e+04
1.958900000000000000e+04
1.964600000000000000e+04
1.968400000000000000e+04
1.973000000000000000e+04
1.975600000000000000e+04
1.978000000000000000e+04
1.978500000000000000e+04
1.982500000000000000e+04
1.983000000000000000e+04
1.985500000000000000e+04
1.987200000000000000e+04
1.992700000000000000e+04
1.996300000000000000e+04
1.997800000000000000e+04
2.004800000000000000e+04
2.007500000000000000e+04
2.013000000000000000e+04
2.015300000000000000e+04
2.018300000000000000e+04
2.021100000000000000e+04
2.022400000000000000e+04
2.022700000000000000e+04
2.024200000000000000e+04
2.028000000000000000e+04
2.029200000000000000e+04
2.032500000000000000e+04
2.033200000000000000e+04
2.033300000000000000e+04
2.034800000000000000e+04
2.038400000000000000e+04
2.042100000000000000e+04
2.043800000000000000e+04
2.048200000000000000e+04
2.048600000000000000e+04
2.055100000000000000e+04
2.056800000000000000e+04
2.060100000000000000e+04
2.060600000000000000e+04
2.065800000000000000e+04
2.067400000000000000e+04
2.068600000000000000e+04
2.069500000000000000e+04
2.078400000000000000e+04
2.079700000000000000e+04
2.082100000000000000e+04
2.083700000000000000e+04
2.084900000000000000e+04
2.085000000000000000e+04
2.089300000000000000e+04
2.090600000000000000e+04
2.092000000000000000e+04
2.092400000000000000e+04
2.095500000000000000e+04
2.105300000000000000e+04
2.107400000000000000e+04
2.107700000000000000e+04
2.110200000000000000e+04
2.112800000000000000e+04
2.117900000000000000e+04
2.133600000000000000e+04
2.138200000000000000e+04
2.140200000000000000e+04
2.142900000000000000e+04
2.145100000000000000e+04
2.146100000000000000e+04
2.149700000000000000e+04
2.152000000000000000e+04
2.152100000000000000e+04
2.152700000000000000e+04
2.155400000000000000e+04
2.156300000000000000e+04
2.161100000000000000e+04
2.163600000000000000e+04
2.164200000000000000e+04
2.164300000000000000e+04
2.165900000000000000e+04
2.169900000000000000e+04
2.174000000000000000e+04
2.175400000000000000e+04
2.176900000000000000e+04
2.177900000000000000e+04
2.180000000000000000e+04
2.182100000000000000e+04
2.182400000000000000e+04
2.183000000000000000e+04
2.185900000000000000e+04
2.189400000000000000e+04
2.190600000000000000e+04
2.191400000000000000e+04
2.197900000000000000e+04
2.203100000000000000e+04
2.203700000000000000e+04
2.206300000000000000e+04
2.207700000000000000e+04
2.211200000000000000e+04
2.216200000000000000e+04
2.217200000000000000e+04
2.218800000000000000e+04
2.221100000000000000e+04
2.224200000000000000e+04
2.226000000000000000e+04
2.226500000000000000e+04
2.233600000000000000e+04
2.235000000000000000e+04
2.239200000000000000e+04
2.240200000000000000e+04
2.244000000000000000e+04
2.249100000000000000e+04
2.249500000000000000e+04
2.251300000000000000e+04
2.254600000000000000e+04
2.256400000000000000e+04
2.257200000000000000e+04
2.261000000000000000e+04
2.262600000000000000e+04
2.262800000000000000e+04
2.263100000000000000e+04
2.263600000000000000e+04
2.265300000000000000e+04
2.268400000000000000e+04
2.271100000000000000e+04
2.273100000000000000e+04
2.274500000000000000e+04
2.274900000000000000e+04
2.276700000000000000e+04
2.277800000000000000e+04
2.278500000000000000e+04
2.278600000000000000e+04
2.280500000000000000e+04
2.282700000000000000e+04
2.283200000000000000e+04
2.288800000000000000e+04
2.293100000000000000e+04
2.295600000000000000e+04
2.300100000000000000e+04
2.303800000000000000e+04
2.303900000000000000e+04
2.307800000000000000e+04
2.308600000000000000e+04
2.308800000000000000e+04
2.320600000000000000e+04
2.322400000000000000e+04
2.322500000000000000e+04
2.329200000000000000e+04
2.330100000000000000e+04
2.330700000000000000e+04
2.333200000000000000e+04
2.333900000000000000e+04
2.336200000000000000e+04
2.342100000000000000e+04
2.344400000000000000e+04
2.354900000000000000e+04
2.356400000000000000e+04
2.358800000000000000e+04
2.360700000000000000e+04
2.362000000000000000e+04
2.362700000000000000e+04
2.364900000000000000e+04
2.366700000000000000e+04
2.370400000000000000e+04
2.373200000000000000e+04
2.374900000000000000e+04
2.378200000000000000e+04
2.379200000000000000e+04
2.382100000000000000e+04
2.383100000000000000e+04
2.390800000000000000e+04
2.393300000000000000e+04
2.393900000000000000e+04
2.394200000000000000e+04
2.404800000000000000e+04
2.405200000000000000e+04
2.406900000000000000e+04
2.407600000000000000e+04
2.410400000000000000e+04
2.410900000000000000e+04
2.412400000000000000e+04
2.413600000000000000e+04
2.414300000000000000e+04
2.417300000000000000e+04
2.419700000000000000e+04
2.420300000000000000e+04
2.420600000000000000e+04
2.421100000000000000e+04
2.423100000000000000e+04
2.426900000000000000e+04
2.427300000000000000e+04
2.429000000000000000e+04
2.431500000000000000e+04
2.435600000000000000e+04
2.438400000000000000e+04
2.441000000000000000e+04
2.443400000000000000e+04
2.445700000000000000e+04
2.447200000000000000e+04
2.452700000000000000e+04
2.453200000000000000e+04
2.455900000000000000e+04
2.456400000000000000e+04
2.456500000000000000e+04
2.458000000000000000e+04
2.464700000000000000e+04
2.465800000000000000e+04
2.468000000000000000e+04
2.469000000000000000e+04
2.470200000000000000e+04
2.471500000000000000e+04
2.472500000000000000e+04
2.473400000000000000e+04
2.475200000000000000e+04
2.476300000000000000e+04
2.478400000000000000e+04
2.483000000000000000e+04
2.483500000000000000e+04
2.488700000000000000e+04
2.492600000000000000e+04
2.493900000000000000e+04
2.496700000000000000e+04
2.497200000000000000e+04
2.497900000000000000e+04
2.500400000000000000e+04
2.500800000000000000e+04
2.508300000000000000e+04
2.508800000000000000e+04
2.509200000000000000e+04
2.521900000000000000e+04
2.523400000000000000e+04
2.524800000000000000e+04
2.525400000000000000e+04
2.526100000000000000e+04
2.531700000000000000e+04
2.532400000000000000e+04
2.534200000000000000e+04
2.536300000000000000e+04
2.538200000000000000e+04
2.541700000000000000e+04
2.542200000000000000e+04
2.542900000000000000e+04
2.548200000000000000e+04
2.549200000000000000e+04
2.552700000000000000e+04
2.557500000000000000e+04
2.557600000000000000e+04
2.562400000000000000e+04
2.563500000000000000e+04
2.564800000000000000e+04
2.566800000000000000e+04
2.567100000000000000e+04
2.567300000000000000e+04
2.575600000000000000e+04
2.576700000000000000e+04
2.579800000000000000e+04
2.580200000000000000e+04
2.587900000000000000e+04
2.591900000000000000e+04
2.592200000000000000e+04
2.597600000000000000e+04
2.600000000000000000e+04
2.601400000000000000e+04
2.602100000000000000e+04
2.605000000000000000e+04
2.609700000000000000e+04
2.613900000000000000e+04
2.614100000000000000e+04
2.618100000000000000e+04
2.622500000000000000e+04
2.623400000000000000e+04
2.626500000000000000e+04
2.626900000000000000e+04
2.633000000000000000e+04
2.634200000000000000e+04
2.634700000000000000e+04
2.638000000000000000e+04
2.639000000000000000e+04
2.640900000000000000e+04
2.641700000000000000e+04
2.644600000000000000e+04
2.647800000000000000e+04
2.652700000000000000e+04
2.655500000000000000e+04
2.656000000000000000e+04
2.664400000000000000e+04
2.666000000000000000e+04
2.671200000000000000e+04
2.673500000000000000e+04
2.675200000000000000e+04
2.677900000000000000e+04
2.680000000000000000e+04
2.680900000000000000e+04
2.684600000000000000e+04
2.685500000000000000e+04
2.688500000000000000e+04
2.689100000000000000e+04
2.696400000000000000e+04
2.699700000000000000e+04
2.701200000000000000e+04
2.704100000000000000e+04
2.710400000000000000e+04
2.711100000000000000e+04
2.712000000000000000e+04
2.714500000000000000e+04
2.719300000000000000e+04
2.720300000000000000e+04
2.720400000000000000e+04
2.725300000000000000e+04
2.726000000000000000e+04
2.727200000000000000e+04
2.730600000000000000e+04
2.734900000000000000e+04
2.735700000000000000e+04
2.738700000000000000e+04
2.742000000000000000e+04
2.747400000000000000e+04
2.752100000000000000e+04
2.753000000000000000e+04
2.755100000000000000e+04
2.756500000000000000e+04
2.758600000000000000e+04
2.758700000000000000e+04
2.761600000000000000e+04
2.766700000000000000e+04
2.772400000000000000e+04
2.775900000000000000e+04
2.777100000000000000e+04
2.778200000000000000e+04
2.781700000000000000e+04
2.782000000000000000e+04
2.786100000000000000e+04
2.788300000000000000e+04
2.788600000000000000e+04
2.789500000000000000e+04
2.791600000000000000e+04
2.791700000000000000e+04
2.792500000000000000e+04
2.794500000000000000e+04
2.796300000000000000e+04
2.796400000000000000e+04
2.798800000000000000e+04
2.800500000000000000e+04
2.803100000000000000e+04
2.809800000000000000e+04
2.811900000000000000e+04
2.812700000000000000e+04
2.818900000000000000e+04
2.819300000000000000e+04
2.823800000000000000e+04
2.828300000000000000e+04
2.835700000000000000e+04
2.836600000000000000e+04
2.836700000000000000e+04
2.838100000000000000e+04
2.839700000000000000e+04
2.840600000000000000e+04
2.847200000000000000e+04
2.847900000000000000e+04
2.849700000000000000e+04
2.852400000000000000e+04
2.855300000000000000e+04
2.856800000000000000e+04
2.857500000000000000e+04
2.858800000000000000e+04
2.861500000000000000e+04
2.863700000000000000e+04
2.864000000000000000e+04
2.864900000000000000e+04
2.870500000000000000e+04
2.872400000000000000e+04
2.872600000000000000e+04
2.873700000000000000e+04
2.877900000000000000e+04
2.879000000000000000e+04
2.882500000000000000e+04
2.886400000000000000e+04
2.887400000000000000e+04
2.889000000000000000e+04
2.894500000000000000e+04
2.897100000000000000e+04
2.901300000000000000e+04
2.904400000000000000e+04
2.905800000000000000e+04
2.906000000000000000e+04
2.913200000000000000e+04
2.914500000000000000e+04
2.916600000000000000e+04
2.919700000000000000e+04
2.920500000000000000e+04
2.923100000000000000e+04
2.925100000000000000e+04
2.926700000000000000e+04
2.930500000000000000e+04
2.932000000000000000e+04
2.937600000000000000e+04
2.941800000000000000e+04
2.943500000000000000e+04
2.944400000000000000e+04
2.948600000000000000e+04
2.958000000000000000e+04
2.961800000000000000e+04
2.964100000000000000e+04
2.969100000000000000e+04
2.974100000000000000e+04
2.975000000000000000e+04
2.977500000000000000e+04
2.981300000000000000e+04
2.983400000000000000e+04
2.985300000000000000e+04
2.985500000000000000e+04
2.986400000000000000e+04
2.989600000000000000e+04
2.999600000000000000e+04
3.000000000000000000e+04
3.000600000000000000e+04
3.004200000000000000e+04
3.005000000000000000e+04
3.005100000000000000e+04
3.007300000000000000e+04
3.010300000000000000e+04
3.014100000000000000e+04
3.016600000000000000e+04
3.016800000000000000e+04
3.022700000000000000e+04
3.025000000000000000e+04
3.039000000000000000e+04
3.040900000000000000e+04
3.043500000000000000e+04
3.045700000000000000e+04
3.046100000000000000e+04
3.050100000000000000e+04
3.052200000000000000e+04
3.055500000000000000e+04
3.061500000000000000e+04
3.068400000000000000e+04
3.070300000000000000e+04
3.070400000000000000e+04
3.071700000000000000e+04
3.073300000000000000e+04
3.074600000000000000e+04
3.076100000000000000e+04
3.076200000000000000e+04
3.081100000000000000e+04
3.083200000000000000e+04
3.084400000000000000e+04
3.087700000000000000e+04
3.088200000000000000e+04
3.089200000000000000e+04
3.093600000000000000e+04
3.093800000000000000e+04
3.098100000000000000e+04
3.110700000000000000e+04
3.114800000000000000e+04
3.118600000000000000e+04
3.122800000000000000e+04
3.125500000000000000e+04
3.127500000000000000e+04
3.127900000000000000e+04
3.130700000000000000e+04
3.138600000000000000e+04
3.139200000000000000e+04
3.142500000000000000e+04
3.148500000000000000e+04
3.152200000000000000e+04
3.152300000000000000e+04
3.157600000000000000e+04
3.158700000000000000e+04
3.160800000000000000e+04
3.167300000000000000e+04
3.173900000000000000e+04
3.180500000000000000e+04
3.190100000000000000e+04
3.195100000000000000e+04
3.198300000000000000e+04
3.200100000000000000e+04
3.203100000000000000e+04
3.204300000000000000e+04
3.206000000000000000e+04
3.210100000000000000e+04
3.212000000000000000e+04
3.214700000000000000e+04
3.215600000000000000e+04
3.219000000000000000e+04
3.219200000000000000e+04
3.220300000000000000e+04
3.225100000000000000e+04
3.225400000000000000e+04
3.227700000000000000e+04
3.230000000000000000e+04
3.232600000000000000e+04
3.233800000000000000e+04
3.234900000000000000e+04
3.235200000000000000e+04
3.242700000000000000e+04
3.247500000000000000e+04
3.253000000000000000e+04
3.255500000000000000e+04
3.255900000000000000e+04
3.256600000000000000e+04
3.258800000000000000e+04
3.267400000000000000e+04
3.281100000000000000e+04
3.288000000000000000e+04
3.288200000000000000e+04
3.292900000000000000e+04
3.295700000000000000e+04
3.297000000000000000e+04
3.298400000000000000e+04
3.300200000000000000e+04
3.306400000000000000e+04
3.308800000000000000e+04
3.309500000000000000e+04
3.310900000000000000e+04
3.311300000000000000e+04
3.311400000000000000e+04
3.314800000000000000e+04
3.318000000000000000e+04
3.321100000000000000e+04
3.321300000000000000e+04
3.322800000000000000e+04
3.325700000000000000e+04
3.327500000000000000e+04
3.329000000000000000e+04
3.330700000000000000e+04
3.334700000000000000e+04
3.336200000000000000e+04
3.337800000000000000e+04
3.339900000000000000e+04
3.340800000000000000e+04
3.345800000000000000e+04
3.346500000000000000e+04
3.350200000000000000e+04
3.352200000000000000e+04
3.353400000000000000e+04
3.353600000000000000e+04
3.356400000000000000e+04
3.360500000000000000e+04
3.366800000000000000e+04
3.372600000000000000e+04
3.372700000000000000e+04
3.374900000000000000e+04
3.377100000000000000e+04
3.377700000000000000e+04
3.380400000000000000e+04
3.387800000000000000e+04
3.388400000000000000e+04
3.391000000000000000e+04
3.392700000000000000e+04
3.397900000000000000e+04
3.403800000000000000e+04
3.403900000000000000e+04
3.407100000000000000e+04
3.412300000000000000e+04
3.414800000000000000e+04
3.415700000000000000e+04
3.428500000000000000e+04
3.429900000000000000e+04
3.433300000000000000e+04
3.433800000000000000e+04
3.435000000000000000e+04
3.439200000000000000e+04
3.440600000000000000e+04
3.442300000000000000e+04
3.442400000000000000e+04
3.448500000000000000e+04
3.448600000000000000e+04
