1.000000000000000000e+01
4.600000000000000000e+01
7.100000000000000000e+01
7.700000000000000000e+01
9.400000000000000000e+01
1.100000000000000000e+02
1.220000000000000000e+02
1.590000000000000000e+02
1.990000000000000000e+02
2.060000000000000000e+02
2.180000000000000000e+02
2.490000000000000000e+02
2.930000000000000000e+02
3.160000000000000000e+02
3.490000000000000000e+02
3.500000000000000000e+02
3.990000000000000000e+02
4.020000000000000000e+02
4.290000000000000000e+02
4.840000000000000000e+02
4.890000000000000000e+02
5.750000000000000000e+02
5.760000000000000000e+02
6.110000000000000000e+02
6.170000000000000000e+02
6.200000000000000000e+02
6.410000000000000000e+02
6.600000000000000000e+02
6.730000000000000000e+02
7.010000000000000000e+02
7.500000000000000000e+02
7.650000000000000000e+02
7.700000000000000000e+02
7.980000000000000000e+02
8.260000000000000000e+02
8.590000000000000000e+02
8.690000000000000000e+02
8.980000000000000000e+02
8.990000000000000000e+02
9.030000000000000000e+02
9.050000000000000000e+02
9.190000000000000000e+02
9.300000000000000000e+02
9.590000000000000000e+02
9.670000000000000000e+02
9.680000000000000000e+02
9.820000000000000000e+02
9.930000000000000000e+02
1.017000000000000000e+03
1.081000000000000000e+03
1.088000000000000000e+03
1.109000000000000000e+03
1.177000000000000000e+03
1.248000000000000000e+03
1.264000000000000000e+03
1.276000000000000000e+03
1.307000000000000000e+03
1.318000000000000000e+03
1.340000000000000000e+03
1.346000000000000000e+03
1.360000000000000000e+03
1.371000000000000000e+03
1.376000000000000000e+03
1.401000000000000000e+03
1.409000000000000000e+03
1.410000000000000000e+03
1.446000000000000000e+03
1.456000000000000000e+03
1.512000000000000000e+03
1.513000000000000000e+03
1.534000000000000000e+03
1.551000000000000000e+03
1.608000000000000000e+03
1.609000000000000000e+03
1.623000000000000000e+03
1.636000000000000000e+03
1.643000000000000000e+03
1.644000000000000000e+03
1.672000000000000000e+03
1.673000000000000000e+03
1.686000000000000000e+03
1.708000000000000000e+03
1.721000000000000000e+03
1.723000000000000000e+03
1.755000000000000000e+03
1.759000000000000000e+03
1.772000000000000000e+03
1.773000000000000000e+03
1.779000000000000000e+03
1.787000000000000000e+03
1.788000000000000000e+03
1.789000000000000000e+03
1.792000000000000000e+03
1.808000000000000000e+03
1.809000000000000000e+03
1.817000000000000000e+03
1.828000000000000000e+03
1.836000000000000000e+03
1.840000000000000000e+03
1.852000000000000000e+03
1.853000000000000000e+03
1.857000000000000000e+03
1.859000000000000000e+03
1.860000000000000000e+03
1.875000000000000000e+03
1.899000000000000000e+03
1.910000000000000000e+03
1.927000000000000000e+03
1.932000000000000000e+03
1.939000000000000000e+03
1.955000000000000000e+03
1.964000000000000000e+03
1.970000000000000000e+03
1.982000000000000000e+03
1.983000000000000000e+03
1.984000000000000000e+03
1.989000000000000000e+03
2.004000000000000000e+03
2.009000000000000000e+03
2.010000000000000000e+03
2.019000000000000000e+03
2.026000000000000000e+03
2.031000000000000000e+03
2.034000000000000000e+03
2.038000000000000000e+03
2.043000000000000000e+03
2.054000000000000000e+03
2.060000000000000000e+03
2.074000000000000000e+03
2.084000000000000000e+03
2.085000000000000000e+03
2.086000000000000000e+03
2.091000000000000000e+03
2.098000000000000000e+03
2.111000000000000000e+03
2.117000000000000000e+03
2.127000000000000000e+03
2.136000000000000000e+03
2.137000000000000000e+03
2.140000000000000000e+03
2.144000000000000000e+03
2.148000000000000000e+03
2.149000000000000000e+03
2.153000000000000000e+03
2.155000000000000000e+03
2.161000000000000000e+03
2.170000000000000000e+03
2.174000000000000000e+03
2.179000000000000000e+03
2.191000000000000000e+03
2.205000000000000000e+03
2.210000000000000000e+03
2.215000000000000000e+03
2.220000000000000000e+03
2.257000000000000000e+03
2.260000000000000000e+03
2.265000000000000000e+03
2.267000000000000000e+03
2.270000000000000000e+03
2.272000000000000000e+03
2.280000000000000000e+03
2.282000000000000000e+03
2.284000000000000000e+03
2.294000000000000000e+03
2.303000000000000000e+03
2.304000000000000000e+03
2.310000000000000000e+03
2.313000000000000000e+03
2.329000000000000000e+03
2.331000000000000000e+03
2.355000000000000000e+03
2.371000000000000000e+03
2.372000000000000000e+03
2.381000000000000000e+03
2.385000000000000000e+03
2.387000000000000000e+03
2.394000000000000000e+03
2.413000000000000000e+03
2.420000000000000000e+03
2.423000000000000000e+03
2.447000000000000000e+03
2.452000000000000000e+03
2.465000000000000000e+03
2.472000000000000000e+03
2.497000000000000000e+03
2.507000000000000000e+03
2.518000000000000000e+03
2.521000000000000000e+03
2.534000000000000000e+03
2.535000000000000000e+03
2.537000000000000000e+03
2.543000000000000000e+03
2.546000000000000000e+03
2.557000000000000000e+03
2.566000000000000000e+03
2.569000000000000000e+03
2.570000000000000000e+03
2.636000000000000000e+03
2.646000000000000000e+03
2.649000000000000000e+03
2.669000000000000000e+03
2.671000000000000000e+03
2.675000000000000000e+03
2.699000000000000000e+03
2.705000000000000000e+03
2.725000000000000000e+03
2.728000000000000000e+03
2.732000000000000000e+03
2.734000000000000000e+03
2.774000000000000000e+03
2.780000000000000000e+03
2.782000000000000000e+03
2.784000000000000000e+03
2.790000000000000000e+03
2.793000000000000000e+03
2.810000000000000000e+03
2.821000000000000000e+03
2.822000000000000000e+03
2.823000000000000000e+03
2.826000000000000000e+03
2.844000000000000000e+03
2.845000000000000000e+03
2.847000000000000000e+03
2.860000000000000000e+03
2.870000000000000000e+03
2.874000000000000000e+03
2.893000000000000000e+03
2.919000000000000000e+03
2.923000000000000000e+03
2.924000000000000000e+03
2.939000000000000000e+03
2.958000000000000000e+03
2.980000000000000000e+03
2.997000000000000000e+03
2.998000000000000000e+03
3.028000000000000000e+03
3.042000000000000000e+03
3.045000000000000000e+03
3.047000000000000000e+03
3.054000000000000000e+03
3.113000000000000000e+03
3.122000000000000000e+03
3.128000000000000000e+03
3.131000000000000000e+03
3.132000000000000000e+03
3.146000000000000000e+03
3.151000000000000000e+03
3.161000000000000000e+03
3.167000000000000000e+03
3.170000000000000000e+03
3.206000000000000000e+03
3.227000000000000000e+03
3.245000000000000000e+03
3.256000000000000000e+03
3.261000000000000000e+03
3.266000000000000000e+03
3.267000000000000000e+03
3.269000000000000000e+03
3.275000000000000000e+03
3.285000000000000000e+03
3.292000000000000000e+03
3.299000000000000000e+03
3.309000000000000000e+03
3.324000000000000000e+03
3.326000000000000000e+03
3.333000000000000000e+03
3.354000000000000000e+03
3.358000000000000000e+03
3.363000000000000000e+03
3.367000000000000000e+03
3.369000000000000000e+03
3.398000000000000000e+03
3.422000000000000000e+03
3.429000000000000000e+03
3.439000000000000000e+03
3.460000000000000000e+03
3.477000000000000000e+03
3.492000000000000000e+03
3.500000000000000000e+03
3.514000000000000000e+03
3.522000000000000000e+03
3.526000000000000000e+03
3.545000000000000000e+03
3.560000000000000000e+03
3.561000000000000000e+03
3.564000000000000000e+03
3.605000000000000000e+03
3.625000000000000000e+03
3.627000000000000000e+03
3.638000000000000000e+03
3.653000000000000000e+03
3.673000000000000000e+03
3.696000000000000000e+03
3.698000000000000000e+03
3.699000000000000000e+03
3.703000000000000000e+03
3.704000000000000000e+03
3.719000000000000000e+03
3.729000000000000000e+03
3.739000000000000000e+03
3.748000000000000000e+03
3.758000000000000000e+03
3.761000000000000000e+03
3.783000000000000000e+03
3.785000000000000000e+03
3.790000000000000000e+03
3.800000000000000000e+03
3.803000000000000000e+03
3.833000000000000000e+03
3.852000000000000000e+03
3.853000000000000000e+03
3.855000000000000000e+03
3.883000000000000000e+03
3.904000000000000000e+03
3.910000000000000000e+03
3.921000000000000000e+03
3.930000000000000000e+03
3.948000000000000000e+03
3.953000000000000000e+03
3.956000000000000000e+03
3.975000000000000000e+03
3.989000000000000000e+03
3.990000000000000000e+03
3.992000000000000000e+03
3.993000000000000000e+03
3.995000000000000000e+03
4.007000000000000000e+03
4.010000000000000000e+03
4.014000000000000000e+03
4.020000000000000000e+03
4.026000000000000000e+03
4.049000000000000000e+03
4.065000000000000000e+03
4.067000000000000000e+03
4.078000000000000000e+03
4.095000000000000000e+03
4.109000000000000000e+03
4.121000000000000000e+03
4.122000000000000000e+03
4.141000000000000000e+03
4.144000000000000000e+03
4.151000000000000000e+03
4.162000000000000000e+03
4.163000000000000000e+03
4.177000000000000000e+03
4.178000000000000000e+03
4.192000000000000000e+03
4.194000000000000000e+03
4.196000000000000000e+03
4.209000000000000000e+03
4.213000000000000000e+03
4.224000000000000000e+03
4.227000000000000000e+03
4.261000000000000000e+03
4.275000000000000000e+03
4.289000000000000000e+03
4.303000000000000000e+03
4.316000000000000000e+03
4.319000000000000000e+03
4.335000000000000000e+03
4.348000000000000000e+03
4.349000000000000000e+03
4.351000000000000000e+03
4.361000000000000000e+03
4.374000000000000000e+03
4.376000000000000000e+03
4.380000000000000000e+03
4.386000000000000000e+03
4.395000000000000000e+03
4.398000000000000000e+03
4.409000000000000000e+03
4.424000000000000000e+03
4.457000000000000000e+03
4.470000000000000000e+03
4.492000000000000000e+03
4.493000000000000000e+03
4.506000000000000000e+03
4.511000000000000000e+03
4.528000000000000000e+03
4.539000000000000000e+03
4.544000000000000000e+03
4.545000000000000000e+03
4.551000000000000000e+03
4.558000000000000000e+03
4.563000000000000000e+03
4.591000000000000000e+03
4.630000000000000000e+03
4.631000000000000000e+03
4.646000000000000000e+03
4.651000000000000000e+03
4.653000000000000000e+03
4.655000000000000000e+03
4.670000000000000000e+03
4.678000000000000000e+03
4.698000000000000000e+03
4.701000000000000000e+03
4.712000000000000000e+03
4.735000000000000000e+03
4.746000000000000000e+03
4.747000000000000000e+03
4.755000000000000000e+03
4.771000000000000000e+03
4.787000000000000000e+03
4.788000000000000000e+03
4.793000000000000000e+03
4.812000000000000000e+03
4.813000000000000000e+03
4.822000000000000000e+03
4.851000000000000000e+03
4.854000000000000000e+03
4.864000000000000000e+03
4.868000000000000000e+03
4.898000000000000000e+03
4.910000000000000000e+03
4.922000000000000000e+03
4.926000000000000000e+03
4.928000000000000000e+03
4.933000000000000000e+03
4.938000000000000000e+03
4.943000000000000000e+03
4.969000000000000000e+03
4.971000000000000000e+03
4.974000000000000000e+03
4.977000000000000000e+03
5.026000000000000000e+03
5.027000000000000000e+03
5.038000000000000000e+03
5.042000000000000000e+03
5.048000000000000000e+03
5.049000000000000000e+03
5.063000000000000000e+03
5.072000000000000000e+03
5.079000000000000000e+03
5.082000000000000000e+03
5.099000000000000000e+03
5.110000000000000000e+03
5.114000000000000000e+03
5.121000000000000000e+03
5.126000000000000000e+03
5.140000000000000000e+03
5.142000000000000000e+03
5.160000000000000000e+03
5.171000000000000000e+03
5.179000000000000000e+03
5.184000000000000000e+03
5.188000000000000000e+03
5.197000000000000000e+03
5.207000000000000000e+03
5.215000000000000000e+03
5.235000000000000000e+03
5.245000000000000000e+03
5.248000000000000000e+03
5.252000000000000000e+03
5.258000000000000000e+03
5.279000000000000000e+03
5.284000000000000000e+03
5.288000000000000000e+03
5.321000000000000000e+03
5.333000000000000000e+03
5.335000000000000000e+03
5.342000000000000000e+03
5.350000000000000000e+03
5.359000000000000000e+03
5.363000000000000000e+03
5.370000000000000000e+03
5.372000000000000000e+03
5.377000000000000000e+03
5.381000000000000000e+03
5.384000000000000000e+03
5.397000000000000000e+03
5.401000000000000000e+03
5.412000000000000000e+03
5.423000000000000000e+03
5.433000000000000000e+03
5.444000000000000000e+03
5.447000000000000000e+03
5.453000000000000000e+03
5.501000000000000000e+03
5.512000000000000000e+03
5.527000000000000000e+03
5.555000000000000000e+03
5.559000000000000000e+03
5.570000000000000000e+03
5.579000000000000000e+03
5.589000000000000000e+03
5.595000000000000000e+03
5.596000000000000000e+03
5.610000000000000000e+03
5.615000000000000000e+03
5.637000000000000000e+03
5.657000000000000000e+03
5.663000000000000000e+03
5.667000000000000000e+03
5.688000000000000000e+03
5.696000000000000000e+03
5.709000000000000000e+03
5.729000000000000000e+03
5.736000000000000000e+03
5.755000000000000000e+03
5.770000000000000000e+03
5.779000000000000000e+03
5.788000000000000000e+03
5.846000000000000000e+03
5.866000000000000000e+03
5.872000000000000000e+03
5.879000000000000000e+03
5.883000000000000000e+03
5.886000000000000000e+03
5.896000000000000000e+03
5.901000000000000000e+03
5.903000000000000000e+03
5.919000000000000000e+03
5.923000000000000000e+03
5.926000000000000000e+03
5.932000000000000000e+03
5.938000000000000000e+03
5.950000000000000000e+03
5.952000000000000000e+03
5.955000000000000000e+03
5.958000000000000000e+03
5.961000000000000000e+03
5.973000000000000000e+03
5.976000000000000000e+03
5.984000000000000000e+03
5.989000000000000000e+03
5.994000000000000000e+03
5.995000000000000000e+03
6.017000000000000000e+03
6.025000000000000000e+03
6.033000000000000000e+03
6.036000000000000000e+03
6.049000000000000000e+03
6.054000000000000000e+03
6.062000000000000000e+03
6.068000000000000000e+03
6.071000000000000000e+03
6.079000000000000000e+03
6.081000000000000000e+03
6.090000000000000000e+03
6.094000000000000000e+03
6.103000000000000000e+03
6.129000000000000000e+03
6.141000000000000000e+03
6.144000000000000000e+03
6.147000000000000000e+03
6.154000000000000000e+03
6.178000000000000000e+03
6.181000000000000000e+03
6.184000000000000000e+03
6.217000000000000000e+03
6.243000000000000000e+03
6.247000000000000000e+03
6.255000000000000000e+03
6.267000000000000000e+03
6.272000000000000000e+03
6.287000000000000000e+03
6.295000000000000000e+03
6.309000000000000000e+03
6.320000000000000000e+03
6.346000000000000000e+03
6.348000000000000000e+03
6.360000000000000000e+03
6.371000000000000000e+03
6.376000000000000000e+03
6.388000000000000000e+03
6.401000000000000000e+03
6.415000000000000000e+03
6.418000000000000000e+03
6.423000000000000000e+03
6.438000000000000000e+03
6.443000000000000000e+03
6.469000000000000000e+03
6.471000000000000000e+03
6.483000000000000000e+03
6.486000000000000000e+03
6.504000000000000000e+03
6.505000000000000000e+03
6.517000000000000000e+03
6.531000000000000000e+03
6.553000000000000000e+03
6.554000000000000000e+03
6.557000000000000000e+03
6.560000000000000000e+03
6.564000000000000000e+03
6.567000000000000000e+03
6.576000000000000000e+03
6.580000000000000000e+03
6.583000000000000000e+03
6.594000000000000000e+03
6.603000000000000000e+03
6.622000000000000000e+03
6.630000000000000000e+03
6.645000000000000000e+03
6.672000000000000000e+03
6.699000000000000000e+03
6.703000000000000000e+03
6.704000000000000000e+03
6.709000000000000000e+03
6.734000000000000000e+03
6.751000000000000000e+03
6.770000000000000000e+03
6.802000000000000000e+03
6.803000000000000000e+03
6.804000000000000000e+03
6.808000000000000000e+03
6.816000000000000000e+03
6.824000000000000000e+03
6.828000000000000000e+03
6.840000000000000000e+03
6.841000000000000000e+03
6.848000000000000000e+03
6.860000000000000000e+03
6.866000000000000000e+03
6.870000000000000000e+03
6.879000000000000000e+03
6.885000000000000000e+03
6.889000000000000000e+03
6.892000000000000000e+03
6.904000000000000000e+03
6.909000000000000000e+03
6.916000000000000000e+03
6.934000000000000000e+03
6.938000000000000000e+03
6.942000000000000000e+03
6.944000000000000000e+03
6.949000000000000000e+03
6.950000000000000000e+03
7.012000000000000000e+03
7.015000000000000000e+03
7.019000000000000000e+03
7.020000000000000000e+03
7.042000000000000000e+03
7.053000000000000000e+03
7.054000000000000000e+03
7.065000000000000000e+03
7.070000000000000000e+03
7.094000000000000000e+03
7.128000000000000000e+03
7.140000000000000000e+03
7.152000000000000000e+03
7.162000000000000000e+03
7.172000000000000000e+03
7.203000000000000000e+03
7.206000000000000000e+03
7.210000000000000000e+03
7.224000000000000000e+03
7.227000000000000000e+03
7.243000000000000000e+03
7.250000000000000000e+03
7.256000000000000000e+03
7.298000000000000000e+03
7.300000000000000000e+03
7.309000000000000000e+03
7.313000000000000000e+03
7.327000000000000000e+03
7.372000000000000000e+03
7.378000000000000000e+03
7.385000000000000000e+03
7.396000000000000000e+03
7.413000000000000000e+03
7.447000000000000000e+03
7.448000000000000000e+03
7.452000000000000000e+03
7.453000000000000000e+03
7.491000000000000000e+03
7.507000000000000000e+03
7.522000000000000000e+03
7.531000000000000000e+03
7.535000000000000000e+03
7.622000000000000000e+03
7.632000000000000000e+03
7.635000000000000000e+03
7.651000000000000000e+03
7.655000000000000000e+03
7.657000000000000000e+03
7.664000000000000000e+03
7.690000000000000000e+03
7.702000000000000000e+03
7.759000000000000000e+03
7.775000000000000000e+03
7.780000000000000000e+03
7.800000000000000000e+03
7.857000000000000000e+03
7.861000000000000000e+03
7.868000000000000000e+03
7.887000000000000000e+03
7.911000000000000000e+03
7.929000000000000000e+03
7.961000000000000000e+03
7.999000000000000000e+03
8.004000000000000000e+03
8.007000000000000000e+03
8.042000000000000000e+03
8.049000000000000000e+03
8.052000000000000000e+03
8.053000000000000000e+03
8.055000000000000000e+03
8.067000000000000000e+03
8.084000000000000000e+03
8.097000000000000000e+03
8.111000000000000000e+03
8.125000000000000000e+03
8.130000000000000000e+03
8.135000000000000000e+03
8.144000000000000000e+03
8.165000000000000000e+03
8.166000000000000000e+03
8.209000000000000000e+03
8.211000000000000000e+03
8.220000000000000000e+03
8.221000000000000000e+03
8.230000000000000000e+03
8.239000000000000000e+03
8.242000000000000000e+03
8.243000000000000000e+03
8.261000000000000000e+03
8.265000000000000000e+03
8.270000000000000000e+03
8.289000000000000000e+03
8.305000000000000000e+03
8.312000000000000000e+03
8.329000000000000000e+03
8.338000000000000000e+03
8.359000000000000000e+03
8.365000000000000000e+03
8.399000000000000000e+03
8.400000000000000000e+03
8.407000000000000000e+03
8.428000000000000000e+03
8.432000000000000000e+03
8.434000000000000000e+03
8.442000000000000000e+03
8.446000000000000000e+03
8.457000000000000000e+03
8.459000000000000000e+03
8.462000000000000000e+03
8.476000000000000000e+03
8.484000000000000000e+03
8.491000000000000000e+03
8.492000000000000000e+03
8.505000000000000000e+03
8.507000000000000000e+03
8.515000000000000000e+03
8.516000000000000000e+03
8.525000000000000000e+03
8.543000000000000000e+03
8.544000000000000000e+03
8.603000000000000000e+03
8.609000000000000000e+03
8.611000000000000000e+03
8.617000000000000000e+03
8.619000000000000000e+03
8.626000000000000000e+03
8.627000000000000000e+03
8.638000000000000000e+03
8.666000000000000000e+03
8.673000000000000000e+03
8.698000000000000000e+03
8.702000000000000000e+03
8.707000000000000000e+03
8.720000000000000000e+03
8.735000000000000000e+03
8.751000000000000000e+03
8.759000000000000000e+03
8.770000000000000000e+03
8.772000000000000000e+03
8.781000000000000000e+03
8.792000000000000000e+03
8.810000000000000000e+03
8.824000000000000000e+03
8.828000000000000000e+03
8.834000000000000000e+03
8.838000000000000000e+03
8.861000000000000000e+03
8.876000000000000000e+03
8.882000000000000000e+03
8.888000000000000000e+03
8.909000000000000000e+03
8.916000000000000000e+03
8.919000000000000000e+03
8.923000000000000000e+03
8.927000000000000000e+03
8.928000000000000000e+03
8.938000000000000000e+03
8.948000000000000000e+03
8.954000000000000000e+03
8.969000000000000000e+03
8.983000000000000000e+03
8.997000000000000000e+03
9.010000000000000000e+03
9.017000000000000000e+03
9.018000000000000000e+03
9.026000000000000000e+03
9.056000000000000000e+03
9.066000000000000000e+03
9.067000000000000000e+03
9.085000000000000000e+03
9.104000000000000000e+03
9.127000000000000000e+03
9.131000000000000000e+03
9.177000000000000000e+03
9.179000000000000000e+03
9.181000000000000000e+03
9.185000000000000000e+03
9.192000000000000000e+03
9.201000000000000000e+03
9.209000000000000000e+03
9.211000000000000000e+03
9.230000000000000000e+03
9.238000000000000000e+03
9.239000000000000000e+03
9.241000000000000000e+03
9.243000000000000000e+03
9.245000000000000000e+03
9.267000000000000000e+03
9.290000000000000000e+03
9.304000000000000000e+03
9.305000000000000000e+03
9.320000000000000000e+03
9.325000000000000000e+03
9.336000000000000000e+03
9.353000000000000000e+03
9.358000000000000000e+03
9.360000000000000000e+03
9.378000000000000000e+03
9.389000000000000000e+03
9.404000000000000000e+03
9.452000000000000000e+03
9.460000000000000000e+03
9.471000000000000000e+03
9.491000000000000000e+03
9.494000000000000000e+03
9.507000000000000000e+03
9.509000000000000000e+03
9.517000000000000000e+03
9.526000000000000000e+03
9.533000000000000000e+03
9.535000000000000000e+03
9.559000000000000000e+03
9.562000000000000000e+03
9.598000000000000000e+03
9.609000000000000000e+03
9.614000000000000000e+03
9.621000000000000000e+03
9.632000000000000000e+03
9.638000000000000000e+03
9.651000000000000000e+03
9.659000000000000000e+03
9.664000000000000000e+03
9.670000000000000000e+03
9.671000000000000000e+03
9.675000000000000000e+03
9.678000000000000000e+03
9.688000000000000000e+03
9.702000000000000000e+03
9.721000000000000000e+03
9.724000000000000000e+03
9.733000000000000000e+03
9.739000000000000000e+03
9.743000000000000000e+03
9.745000000000000000e+03
9.768000000000000000e+03
9.771000000000000000e+03
9.777000000000000000e+03
9.783000000000000000e+03
9.787000000000000000e+03
9.803000000000000000e+03
9.807000000000000000e+03
9.811000000000000000e+03
9.820000000000000000e+03
9.826000000000000000e+03
9.830000000000000000e+03
9.856000000000000000e+03
9.862000000000000000e+03
9.866000000000000000e+03
9.873000000000000000e+03
9.885000000000000000e+03
9.887000000000000000e+03
9.889000000000000000e+03
9.891000000000000000e+03
9.894000000000000000e+03
9.901000000000000000e+03
9.912000000000000000e+03
9.972000000000000000e+03
9.974000000000000000e+03
9.993000000000000000e+03
1.001800000000000000e+04
1.002400000000000000e+04
1.002800000000000000e+04
1.003200000000000000e+04
1.005600000000000000e+04
1.005900000000000000e+04
1.006300000000000000e+04
1.007000000000000000e+04
1.007100000000000000e+04
1.007500000000000000e+04
1.008100000000000000e+04
1.009500000000000000e+04
1.009600000000000000e+04
1.009900000000000000e+04
1.011400000000000000e+04
1.014000000000000000e+04
1.014400000000000000e+04
1.016200000000000000e+04
1.018200000000000000e+04
1.019000000000000000e+04
1.020700000000000000e+04
1.020800000000000000e+04
1.023500000000000000e+04
1.024800000000000000e+04
1.025300000000000000e+04
1.026300000000000000e+04
1.026500000000000000e+04
1.029300000000000000e+04
1.029700000000000000e+04
1.030300000000000000e+04
1.031300000000000000e+04
1.031700000000000000e+04
1.033200000000000000e+04
1.033700000000000000e+04
1.034700000000000000e+04
1.036100000000000000e+04
1.037200000000000000e+04
1.037500000000000000e+04
1.037800000000000000e+04
1.038500000000000000e+04
1.039000000000000000e+04
1.039200000000000000e+04
1.039900000000000000e+04
1.041100000000000000e+04
1.041500000000000000e+04
1.041900000000000000e+04
1.042700000000000000e+04
1.044700000000000000e+04
1.046400000000000000e+04
1.046700000000000000e+04
1.047200000000000000e+04
1.048700000000000000e+04
1.049600000000000000e+04
1.050300000000000000e+04
1.050400000000000000e+04
1.051100000000000000e+04
1.051200000000000000e+04
1.051500000000000000e+04
1.052000000000000000e+04
1.052600000000000000e+04
1.053000000000000000e+04
1.053700000000000000e+04
1.054200000000000000e+04
1.057900000000000000e+04
1.058200000000000000e+04
1.058700000000000000e+04
1.059700000000000000e+04
1.059900000000000000e+04
1.060300000000000000e+04
1.060700000000000000e+04
1.061500000000000000e+04
1.062500000000000000e+04
1.063000000000000000e+04
1.063300000000000000e+04
1.063900000000000000e+04
1.064100000000000000e+04
1.064500000000000000e+04
1.065200000000000000e+04
1.065600000000000000e+04
1.065800000000000000e+04
1.066300000000000000e+04
1.067000000000000000e+04
1.067800000000000000e+04
1.068100000000000000e+04
1.068400000000000000e+04
1.069300000000000000e+04
1.069400000000000000e+04
1.069500000000000000e+04
1.071600000000000000e+04
1.072700000000000000e+04
1.072900000000000000e+04
1.073800000000000000e+04
1.074400000000000000e+04
1.075600000000000000e+04
1.076800000000000000e+04
1.078900000000000000e+04
1.080600000000000000e+04
1.084600000000000000e+04
1.086100000000000000e+04
1.086300000000000000e+04
1.088000000000000000e+04
1.089100000000000000e+04
1.089200000000000000e+04
1.089500000000000000e+04
1.090000000000000000e+04
1.090300000000000000e+04
1.090700000000000000e+04
1.092900000000000000e+04
1.093600000000000000e+04
1.093800000000000000e+04
1.094000000000000000e+04
1.094600000000000000e+04
1.094800000000000000e+04
1.097500000000000000e+04
1.099000000000000000e+04
1.099300000000000000e+04
1.100300000000000000e+04
1.100700000000000000e+04
1.101300000000000000e+04
1.102300000000000000e+04
1.103000000000000000e+04
1.103700000000000000e+04
1.104700000000000000e+04
1.104900000000000000e+04
1.109100000000000000e+04
1.112200000000000000e+04
1.112300000000000000e+04
1.112400000000000000e+04
1.113600000000000000e+04
1.114900000000000000e+04
1.116100000000000000e+04
1.118000000000000000e+04
1.119300000000000000e+04
1.122500000000000000e+04
1.123400000000000000e+04
1.123500000000000000e+04
1.123800000000000000e+04
1.126600000000000000e+04
1.126700000000000000e+04
1.127000000000000000e+04
1.127700000000000000e+04
1.128500000000000000e+04
1.128700000000000000e+04
1.131800000000000000e+04
1.133000000000000000e+04
1.136200000000000000e+04
1.136400000000000000e+04
1.136700000000000000e+04
1.140800000000000000e+04
1.141500000000000000e+04
1.142400000000000000e+04
1.142800000000000000e+04
1.147800000000000000e+04
1.148000000000000000e+04
1.150100000000000000e+04
1.152300000000000000e+04
1.153700000000000000e+04
1.153900000000000000e+04
1.154200000000000000e+04
1.154600000000000000e+04
1.156800000000000000e+04
1.159500000000000000e+04
1.163700000000000000e+04
1.164000000000000000e+04
1.164200000000000000e+04
1.166800000000000000e+04
1.168500000000000000e+04
1.169100000000000000e+04
1.169500000000000000e+04
1.171200000000000000e+04
1.172300000000000000e+04
1.172900000000000000e+04
1.173100000000000000e+04
1.174500000000000000e+04
1.174700000000000000e+04
1.174800000000000000e+04
1.175100000000000000e+04
1.176200000000000000e+04
1.176400000000000000e+04
1.178300000000000000e+04
1.179100000000000000e+04
1.179200000000000000e+04
1.179300000000000000e+04
1.179700000000000000e+04
1.180100000000000000e+04
1.180900000000000000e+04
1.182400000000000000e+04
1.182500000000000000e+04
1.182600000000000000e+04
1.182900000000000000e+04
1.183800000000000000e+04
1.184900000000000000e+04
1.185000000000000000e+04
1.185800000000000000e+04
1.188200000000000000e+04
1.191700000000000000e+04
1.192200000000000000e+04
1.192400000000000000e+04
1.192700000000000000e+04
1.193400000000000000e+04
1.193700000000000000e+04
1.194000000000000000e+04
1.195000000000000000e+04
1.195100000000000000e+04
1.196500000000000000e+04
1.196600000000000000e+04
1.196900000000000000e+04
1.197200000000000000e+04
1.197500000000000000e+04
1.197900000000000000e+04
1.198200000000000000e+04
1.198600000000000000e+04
1.200900000000000000e+04
1.203200000000000000e+04
1.204000000000000000e+04
1.204300000000000000e+04
1.205200000000000000e+04
1.205700000000000000e+04
1.209900000000000000e+04
1.210200000000000000e+04
1.210400000000000000e+04
1.210900000000000000e+04
1.211800000000000000e+04
1.212300000000000000e+04
1.212700000000000000e+04
1.214100000000000000e+04
1.215800000000000000e+04
1.216600000000000000e+04
1.217200000000000000e+04
1.218100000000000000e+04
1.218700000000000000e+04
1.218900000000000000e+04
1.219000000000000000e+04
1.219200000000000000e+04
1.221400000000000000e+04
1.221600000000000000e+04
1.222000000000000000e+04
1.222500000000000000e+04
1.222900000000000000e+04
1.224900000000000000e+04
1.227000000000000000e+04
1.229300000000000000e+04
1.230300000000000000e+04
1.231000000000000000e+04
1.232100000000000000e+04
1.233700000000000000e+04
1.236100000000000000e+04
1.236400000000000000e+04
1.237600000000000000e+04
1.237900000000000000e+04
1.240700000000000000e+04
1.243100000000000000e+04
1.243300000000000000e+04
1.243700000000000000e+04
1.244600000000000000e+04
1.246500000000000000e+04
1.247800000000000000e+04
1.248200000000000000e+04
1.249100000000000000e+04
1.250400000000000000e+04
1.252600000000000000e+04
1.252700000000000000e+04
1.253400000000000000e+04
1.253800000000000000e+04
1.255800000000000000e+04
1.256000000000000000e+04
1.256200000000000000e+04
1.256400000000000000e+04
1.257400000000000000e+04
1.258600000000000000e+04
1.260100000000000000e+04
1.260400000000000000e+04
1.260900000000000000e+04
1.261900000000000000e+04
1.262100000000000000e+04
1.262600000000000000e+04
1.263500000000000000e+04
1.265000000000000000e+04
1.265700000000000000e+04
1.266500000000000000e+04
1.267100000000000000e+04
1.267200000000000000e+04
1.268600000000000000e+04
1.269500000000000000e+04
1.270600000000000000e+04
1.271700000000000000e+04
1.272300000000000000e+04
1.274000000000000000e+04
1.274900000000000000e+04
1.275000000000000000e+04
1.276900000000000000e+04
1.277300000000000000e+04
1.277900000000000000e+04
1.278800000000000000e+04
1.280400000000000000e+04
1.282000000000000000e+04
1.282100000000000000e+04
1.282500000000000000e+04
1.283200000000000000e+04
1.284200000000000000e+04
1.285200000000000000e+04
1.285500000000000000e+04
1.286600000000000000e+04
1.287800000000000000e+04
1.289700000000000000e+04
1.291300000000000000e+04
1.295700000000000000e+04
1.295800000000000000e+04
1.297400000000000000e+04
1.297500000000000000e+04
1.297600000000000000e+04
1.298100000000000000e+04
1.299000000000000000e+04
1.302000000000000000e+04
1.302600000000000000e+04
1.302900000000000000e+04
1.305500000000000000e+04
1.306600000000000000e+04
1.307400000000000000e+04
1.308600000000000000e+04
1.310300000000000000e+04
1.312400000000000000e+04
1.312500000000000000e+04
1.314400000000000000e+04
1.316800000000000000e+04
1.317300000000000000e+04
1.317800000000000000e+04
1.317900000000000000e+04
1.319300000000000000e+04
1.320500000000000000e+04
1.321200000000000000e+04
1.323200000000000000e+04
1.323900000000000000e+04
1.324000000000000000e+04
1.325600000000000000e+04
1.327900000000000000e+04
1.329300000000000000e+04
1.330100000000000000e+04
1.330700000000000000e+04
1.331700000000000000e+04
1.335200000000000000e+04
1.335700000000000000e+04
1.336600000000000000e+04
1.338000000000000000e+04
1.340900000000000000e+04
1.341000000000000000e+04
1.341400000000000000e+04
1.341900000000000000e+04
1.343800000000000000e+04
1.344000000000000000e+04
1.346500000000000000e+04
1.349200000000000000e+04
1.350500000000000000e+04
1.350600000000000000e+04
1.350700000000000000e+04
1.351400000000000000e+04
1.352700000000000000e+04
1.353900000000000000e+04
1.355100000000000000e+04
1.355600000000000000e+04
1.356600000000000000e+04
1.356700000000000000e+04
1.357600000000000000e+04
1.358400000000000000e+04
1.358900000000000000e+04
1.359000000000000000e+04
1.359900000000000000e+04
1.360700000000000000e+04
1.360800000000000000e+04
1.361500000000000000e+04
1.362500000000000000e+04
1.363100000000000000e+04
1.365900000000000000e+04
1.368000000000000000e+04
1.369400000000000000e+04
1.370400000000000000e+04
1.371100000000000000e+04
1.371800000000000000e+04
1.373200000000000000e+04
1.375500000000000000e+04
1.375900000000000000e+04
1.377000000000000000e+04
1.378100000000000000e+04
1.378700000000000000e+04
1.380000000000000000e+04
1.380600000000000000e+04
1.380700000000000000e+04
1.380800000000000000e+04
1.383300000000000000e+04
1.384000000000000000e+04
1.384400000000000000e+04
1.385000000000000000e+04
1.385200000000000000e+04
1.385500000000000000e+04
1.385800000000000000e+04
1.387100000000000000e+04
1.388000000000000000e+04
1.389300000000000000e+04
1.389400000000000000e+04
1.389600000000000000e+04
1.390200000000000000e+04
1.391300000000000000e+04
1.392200000000000000e+04
1.393300000000000000e+04
1.393500000000000000e+04
1.394800000000000000e+04
1.399500000000000000e+04
1.399700000000000000e+04
1.403400000000000000e+04
1.405500000000000000e+04
1.406200000000000000e+04
1.406700000000000000e+04
1.407100000000000000e+04
1.408300000000000000e+04
1.408400000000000000e+04
1.408700000000000000e+04
1.409500000000000000e+04
1.409700000000000000e+04
1.409900000000000000e+04
1.410400000000000000e+04
1.410900000000000000e+04
1.413000000000000000e+04
1.413600000000000000e+04
1.413700000000000000e+04
1.414500000000000000e+04
1.414900000000000000e+04
1.415400000000000000e+04
1.420400000000000000e+04
1.421200000000000000e+04
1.422200000000000000e+04
1.424000000000000000e+04
1.424500000000000000e+04
1.424700000000000000e+04
1.424900000000000000e+04
1.426000000000000000e+04
1.427400000000000000e+04
1.428100000000000000e+04
1.429400000000000000e+04
1.430400000000000000e+04
1.431300000000000000e+04
1.431600000000000000e+04
1.433300000000000000e+04
1.433500000000000000e+04
1.434000000000000000e+04
1.434100000000000000e+04
1.435400000000000000e+04
1.435900000000000000e+04
1.436000000000000000e+04
1.437600000000000000e+04
1.438600000000000000e+04
1.439100000000000000e+04
1.439500000000000000e+04
1.439600000000000000e+04
1.439700000000000000e+04
1.441300000000000000e+04
1.441400000000000000e+04
1.441500000000000000e+04
1.441700000000000000e+04
1.442500000000000000e+04
1.442700000000000000e+04
1.445000000000000000e+04
1.445700000000000000e+04
1.446000000000000000e+04
1.446300000000000000e+04
1.447600000000000000e+04
1.448400000000000000e+04
1.449400000000000000e+04
1.452900000000000000e+04
1.453200000000000000e+04
1.453800000000000000e+04
1.455400000000000000e+04
1.456000000000000000e+04
1.457200000000000000e+04
1.459600000000000000e+04
1.461100000000000000e+04
1.461200000000000000e+04
1.462300000000000000e+04
1.463700000000000000e+04
1.464500000000000000e+04
1.465400000000000000e+04
1.466000000000000000e+04
1.466900000000000000e+04
1.467600000000000000e+04
1.468400000000000000e+04
1.470000000000000000e+04
1.470800000000000000e+04
1.471500000000000000e+04
1.473200000000000000e+04
1.474300000000000000e+04
1.475200000000000000e+04
1.475500000000000000e+04
1.477500000000000000e+04
1.478900000000000000e+04
1.481800000000000000e+04
1.482300000000000000e+04
1.482700000000000000e+04
1.484000000000000000e+04
1.484200000000000000e+04
1.484300000000000000e+04
1.484400000000000000e+04
1.485900000000000000e+04
1.487000000000000000e+04
1.489000000000000000e+04
1.489500000000000000e+04
1.490200000000000000e+04
1.491200000000000000e+04
1.492900000000000000e+04
1.495400000000000000e+04
1.496300000000000000e+04
1.496400000000000000e+04
1.498900000000000000e+04
1.499000000000000000e+04
1.499100000000000000e+04
1.500300000000000000e+04
1.500400000000000000e+04
1.500600000000000000e+04
1.501300000000000000e+04
1.505800000000000000e+04
1.506600000000000000e+04
1.507700000000000000e+04
1.508400000000000000e+04
1.509300000000000000e+04
1.509400000000000000e+04
1.509700000000000000e+04
1.510800000000000000e+04
1.511800000000000000e+04
1.511900000000000000e+04
1.512600000000000000e+04
1.513900000000000000e+04
1.514000000000000000e+04
1.514700000000000000e+04
1.516200000000000000e+04
1.516300000000000000e+04
1.516400000000000000e+04
1.518000000000000000e+04
1.521500000000000000e+04
1.522900000000000000e+04
1.523000000000000000e+04
1.523100000000000000e+04
1.524200000000000000e+04
1.524600000000000000e+04
1.528400000000000000e+04
1.529000000000000000e+04
1.529400000000000000e+04
1.529500000000000000e+04
1.530700000000000000e+04
1.532000000000000000e+04
1.534300000000000000e+04
1.536900000000000000e+04
1.537100000000000000e+04
1.538200000000000000e+04
1.538300000000000000e+04
1.538700000000000000e+04
1.539200000000000000e+04
1.539500000000000000e+04
1.540100000000000000e+04
1.540800000000000000e+04
1.542500000000000000e+04
1.543600000000000000e+04
1.545500000000000000e+04
1.546100000000000000e+04
1.548400000000000000e+04
1.549800000000000000e+04
1.550200000000000000e+04
1.550600000000000000e+04
1.551100000000000000e+04
1.552700000000000000e+04
1.552800000000000000e+04
1.553800000000000000e+04
1.553900000000000000e+04
1.554700000000000000e+04
1.556000000000000000e+04
1.558100000000000000e+04
1.559400000000000000e+04
1.560400000000000000e+04
1.560600000000000000e+04
1.561100000000000000e+04
1.563100000000000000e+04
1.568600000000000000e+04
1.569000000000000000e+04
1.569400000000000000e+04
1.570200000000000000e+04
1.572200000000000000e+04
1.573300000000000000e+04
1.573400000000000000e+04
1.574700000000000000e+04
1.575300000000000000e+04
1.575500000000000000e+04
1.576100000000000000e+04
1.576600000000000000e+04
1.576800000000000000e+04
1.577900000000000000e+04
1.578500000000000000e+04
1.578700000000000000e+04
1.579000000000000000e+04
1.579400000000000000e+04
1.580200000000000000e+04
1.580400000000000000e+04
1.582300000000000000e+04
1.583600000000000000e+04
1.584800000000000000e+04
1.586000000000000000e+04
1.586200000000000000e+04
1.587200000000000000e+04
1.587600000000000000e+04
1.588900000000000000e+04
1.589700000000000000e+04
1.590900000000000000e+04
1.591100000000000000e+04
1.592900000000000000e+04
1.594800000000000000e+04
1.594900000000000000e+04
1.596400000000000000e+04
1.596700000000000000e+04
1.598800000000000000e+04
1.599500000000000000e+04
1.600200000000000000e+04
1.601400000000000000e+04
1.602300000000000000e+04
1.603400000000000000e+04
1.603900000000000000e+04
1.604900000000000000e+04
1.605400000000000000e+04
1.605700000000000000e+04
1.606800000000000000e+04
1.607300000000000000e+04
1.609100000000000000e+04
1.609600000000000000e+04
1.610100000000000000e+04
1.610400000000000000e+04
1.611800000000000000e+04
1.611900000000000000e+04
1.613100000000000000e+04
1.613900000000000000e+04
1.614000000000000000e+04
1.617500000000000000e+04
1.617900000000000000e+04
1.620600000000000000e+04
1.622600000000000000e+04
1.622700000000000000e+04
1.623300000000000000e+04
1.624600000000000000e+04
1.625000000000000000e+04
1.625600000000000000e+04
1.626300000000000000e+04
1.627100000000000000e+04
1.628700000000000000e+04
1.629300000000000000e+04
1.630600000000000000e+04
1.632100000000000000e+04
1.632700000000000000e+04
1.634100000000000000e+04
1.635500000000000000e+04
1.635700000000000000e+04
1.636100000000000000e+04
1.637300000000000000e+04
1.638000000000000000e+04
1.638200000000000000e+04
1.642200000000000000e+04
1.643700000000000000e+04
1.643900000000000000e+04
1.644100000000000000e+04
1.644600000000000000e+04
1.645800000000000000e+04
1.646800000000000000e+04
1.647100000000000000e+04
1.647900000000000000e+04
1.649500000000000000e+04
1.651200000000000000e+04
1.651300000000000000e+04
1.651500000000000000e+04
1.651900000000000000e+04
1.653100000000000000e+04
1.653600000000000000e+04
1.653900000000000000e+04
1.654300000000000000e+04
1.654500000000000000e+04
1.654700000000000000e+04
1.655900000000000000e+04
1.656700000000000000e+04
1.657600000000000000e+04
1.659600000000000000e+04
1.661000000000000000e+04
1.662100000000000000e+04
1.662300000000000000e+04
1.663600000000000000e+04
1.664100000000000000e+04
1.664500000000000000e+04
1.665700000000000000e+04
1.666800000000000000e+04
1.669400000000000000e+04
1.671900000000000000e+04
1.672100000000000000e+04
1.673800000000000000e+04
1.675200000000000000e+04
1.675400000000000000e+04
1.677000000000000000e+04
1.678300000000000000e+04
1.681600000000000000e+04
1.682700000000000000e+04
1.684800000000000000e+04
1.686900000000000000e+04
1.687100000000000000e+04
1.689200000000000000e+04
1.691000000000000000e+04
1.691100000000000000e+04
1.691200000000000000e+04
1.691500000000000000e+04
1.693300000000000000e+04
1.694500000000000000e+04
1.695400000000000000e+04
1.696100000000000000e+04
1.696800000000000000e+04
1.697800000000000000e+04
1.699000000000000000e+04
1.699900000000000000e+04
1.700200000000000000e+04
1.700700000000000000e+04
1.702200000000000000e+04
1.702900000000000000e+04
1.703900000000000000e+04
1.704600000000000000e+04
1.708300000000000000e+04
1.708900000000000000e+04
1.709600000000000000e+04
1.709700000000000000e+04
1.712300000000000000e+04
1.718100000000000000e+04
1.719900000000000000e+04
1.720800000000000000e+04
1.722400000000000000e+04
1.727900000000000000e+04
1.729000000000000000e+04
1.731500000000000000e+04
1.731600000000000000e+04
1.735700000000000000e+04
1.738300000000000000e+04
1.740400000000000000e+04
1.742400000000000000e+04
1.743700000000000000e+04
1.744400000000000000e+04
1.745800000000000000e+04
1.747800000000000000e+04
1.749700000000000000e+04
1.750000000000000000e+04
1.751700000000000000e+04
1.752800000000000000e+04
1.756100000000000000e+04
1.757100000000000000e+04
1.757600000000000000e+04
1.758500000000000000e+04
1.758800000000000000e+04
1.760200000000000000e+04
1.761100000000000000e+04
1.761600000000000000e+04
1.762900000000000000e+04
1.763200000000000000e+04
1.763600000000000000e+04
1.764100000000000000e+04
1.766100000000000000e+04
1.766200000000000000e+04
1.767500000000000000e+04
1.768600000000000000e+04
1.770400000000000000e+04
1.773000000000000000e+04
1.773200000000000000e+04
1.773800000000000000e+04
1.777100000000000000e+04
1.779300000000000000e+04
1.785000000000000000e+04
1.786400000000000000e+04
1.790400000000000000e+04
1.790800000000000000e+04
1.797400000000000000e+04
1.797700000000000000e+04
1.798200000000000000e+04
1.798900000000000000e+04
1.799000000000000000e+04
1.799300000000000000e+04
1.806600000000000000e+04
1.807800000000000000e+04
1.809400000000000000e+04
1.811500000000000000e+04
1.812200000000000000e+04
1.813400000000000000e+04
1.816100000000000000e+04
1.817500000000000000e+04
1.818900000000000000e+04
1.820900000000000000e+04
1.823000000000000000e+04
1.823400000000000000e+04
1.823600000000000000e+04
1.824200000000000000e+04
1.824700000000000000e+04
1.825500000000000000e+04
1.826000000000000000e+04
1.828400000000000000e+04
1.829200000000000000e+04
1.830700000000000000e+04
1.831400000000000000e+04
1.834000000000000000e+04
1.834900000000000000e+04
1.836200000000000000e+04
1.838300000000000000e+04
1.840300000000000000e+04
1.841100000000000000e+04
1.842000000000000000e+04
1.842200000000000000e+04
1.843400000000000000e+04
1.845100000000000000e+04
1.846300000000000000e+04
1.851400000000000000e+04
1.851800000000000000e+04
1.853000000000000000e+04
1.854200000000000000e+04
1.857800000000000000e+04
1.858900000000000000e+04
1.860700000000000000e+04
1.861500000000000000e+04
1.862400000000000000e+04
1.862800000000000000e+04
1.863400000000000000e+04
1.866500000000000000e+04
1.869600000000000000e+04
1.873800000000000000e+04
1.874100000000000000e+04
1.874900000000000000e+04
1.876800000000000000e+04
1.879000000000000000e+04
1.881700000000000000e+04
1.883300000000000000e+04
1.884200000000000000e+04
1.886300000000000000e+04
1.887500000000000000e+04
1.887800000000000000e+04
1.889200000000000000e+04
1.894000000000000000e+04
1.895700000000000000e+04
1.903600000000000000e+04
1.912000000000000000e+04
1.912300000000000000e+04
1.912400000000000000e+04
1.914200000000000000e+04
1.914800000000000000e+04
1.914900000000000000e+04
1.915000000000000000e+04
1.915200000000000000e+04
1.916100000000000000e+04
1.916800000000000000e+04
1.917800000000000000e+04
1.918700000000000000e+04
1.918800000000000000e+04
1.919000000000000000e+04
1.920000000000000000e+04
1.922200000000000000e+04
1.925100000000000000e+04
1.926500000000000000e+04
1.930100000000000000e+04
1.930400000000000000e+04
1.931800000000000000e+04
1.932000000000000000e+04
1.932300000000000000e+04
1.935200000000000000e+04
1.941600000000000000e+04
1.943100000000000000e+04
1.944500000000000000e+04
1.946100000000000000e+04
1.946300000000000000e+04
1.949300000000000000e+04
1.949800000000000000e+04
1.951000000000000000e+04
1.951200000000000000e+04
1.954600000000000000e+04
1.955000000000000000e+04
1.955400000000000000e+04
1.959400000000000000e+04
1.959900000000000000e+04
1.960900000000000000e+04
1.965600000000000000e+04
1.966900000000000000e+04
1.969700000000000000e+04
1.970300000000000000e+04
1.971700000000000000e+04
1.972600000000000000e+04
1.973800000000000000e+04
1.977100000000000000e+04
1.978800000000000000e+04
1.980600000000000000e+04
1.982400000000000000e+04
1.982700000000000000e+04
1.984000000000000000e+04
1.984100000000000000e+04
1.984200000000000000e+04
1.985800000000000000e+04
1.986200000000000000e+04
1.988300000000000000e+04
1.989200000000000000e+04
1.990500000000000000e+04
1.991000000000000000e+04
1.992600000000000000e+04
1.993000000000000000e+04
1.994200000000000000e+04
1.995000000000000000e+04
1.995800000000000000e+04
1.999500000000000000e+04
2.001300000000000000e+04
2.003600000000000000e+04
2.009900000000000000e+04
2.010400000000000000e+04
2.012900000000000000e+04
2.013800000000000000e+04
2.013900000000000000e+04
2.014500000000000000e+04
2.015100000000000000e+04
2.016700000000000000e+04
2.017400000000000000e+04
2.019000000000000000e+04
2.019400000000000000e+04
2.019600000000000000e+04
2.019800000000000000e+04
2.020100000000000000e+04
2.020700000000000000e+04
2.020800000000000000e+04
2.021000000000000000e+04
2.021700000000000000e+04
2.025400000000000000e+04
2.025500000000000000e+04
2.026000000000000000e+04
2.026700000000000000e+04
2.029700000000000000e+04
2.029900000000000000e+04
2.031800000000000000e+04
2.037700000000000000e+04
2.038000000000000000e+04
2.038100000000000000e+04
2.040300000000000000e+04
2.040800000000000000e+04
2.041600000000000000e+04
2.043000000000000000e+04
2.044000000000000000e+04
2.044200000000000000e+04
2.045100000000000000e+04
2.047000000000000000e+04
2.048900000000000000e+04
2.049000000000000000e+04
2.051500000000000000e+04
2.054600000000000000e+04
2.054700000000000000e+04
2.057600000000000000e+04
2.059500000000000000e+04
2.060500000000000000e+04
2.061100000000000000e+04
2.065100000000000000e+04
2.065200000000000000e+04
2.066600000000000000e+04
2.068000000000000000e+04
2.069300000000000000e+04
2.070100000000000000e+04
2.076600000000000000e+04
2.077800000000000000e+04
2.081100000000000000e+04
2.081500000000000000e+04
2.085100000000000000e+04
2.090900000000000000e+04
2.091000000000000000e+04
2.094000000000000000e+04
2.094300000000000000e+04
2.096000000000000000e+04
2.097400000000000000e+04
2.098400000000000000e+04
2.098800000000000000e+04
2.099400000000000000e+04
2.099800000000000000e+04
2.101000000000000000e+04
2.103900000000000000e+04
2.108000000000000000e+04
2.109200000000000000e+04
2.109500000000000000e+04
2.110500000000000000e+04
2.111100000000000000e+04
2.113400000000000000e+04
2.113600000000000000e+04
2.115700000000000000e+04
2.119200000000000000e+04
2.121100000000000000e+04
2.125100000000000000e+04
2.125200000000000000e+04
2.125300000000000000e+04
2.125400000000000000e+04
2.126100000000000000e+04
2.128300000000000000e+04
2.129300000000000000e+04
2.132400000000000000e+04
2.135000000000000000e+04
2.137700000000000000e+04
2.140100000000000000e+04
2.141000000000000000e+04
2.141200000000000000e+04
2.143300000000000000e+04
2.143700000000000000e+04
2.144200000000000000e+04
2.146900000000000000e+04
2.147200000000000000e+04
2.149100000000000000e+04
2.149400000000000000e+04
2.149500000000000000e+04
2.149800000000000000e+04
2.153600000000000000e+04
2.157600000000000000e+04
2.159300000000000000e+04
2.160000000000000000e+04
2.162200000000000000e+04
2.164800000000000000e+04
2.165200000000000000e+04
2.166100000000000000e+04
2.167000000000000000e+04
2.167300000000000000e+04
2.169300000000000000e+04
2.170400000000000000e+04
2.170900000000000000e+04
2.171500000000000000e+04
2.172900000000000000e+04
2.173300000000000000e+04
2.174200000000000000e+04
2.175300000000000000e+04
2.177000000000000000e+04
2.178000000000000000e+04
2.179200000000000000e+04
2.179700000000000000e+04
2.180700000000000000e+04
2.183800000000000000e+04
2.184100000000000000e+04
2.185400000000000000e+04
2.185600000000000000e+04
2.186500000000000000e+04
2.188000000000000000e+04
2.189800000000000000e+04
2.191300000000000000e+04
2.192100000000000000e+04
2.192700000000000000e+04
2.198100000000000000e+04
2.198300000000000000e+04
2.199800000000000000e+04
2.201600000000000000e+04
2.202200000000000000e+04
2.202500000000000000e+04
2.203600000000000000e+04
2.205200000000000000e+04
2.208800000000000000e+04
2.209700000000000000e+04
2.210100000000000000e+04
2.211500000000000000e+04
2.211800000000000000e+04
2.214700000000000000e+04
2.215000000000000000e+04
2.217400000000000000e+04
2.217600000000000000e+04
2.219000000000000000e+04
2.220900000000000000e+04
2.221200000000000000e+04
2.223700000000000000e+04
2.225600000000000000e+04
2.226100000000000000e+04
2.226300000000000000e+04
2.228400000000000000e+04
2.229300000000000000e+04
2.229400000000000000e+04
2.230400000000000000e+04
2.231300000000000000e+04
2.234100000000000000e+04
2.237300000000000000e+04
2.239800000000000000e+04
2.239900000000000000e+04
2.242000000000000000e+04
2.242300000000000000e+04
2.243500000000000000e+04
2.245600000000000000e+04
2.248100000000000000e+04
2.249800000000000000e+04
2.250200000000000000e+04
2.255300000000000000e+04
2.256000000000000000e+04
2.258400000000000000e+04
2.259800000000000000e+04
2.261100000000000000e+04
2.261200000000000000e+04
2.267200000000000000e+04
2.268000000000000000e+04
2.269300000000000000e+04
2.270100000000000000e+04
2.271900000000000000e+04
2.274700000000000000e+04
2.276000000000000000e+04
2.278300000000000000e+04
2.280800000000000000e+04
2.281200000000000000e+04
2.287100000000000000e+04
2.287600000000000000e+04
2.288100000000000000e+04
2.289000000000000000e+04
2.290500000000000000e+04
2.293600000000000000e+04
2.295300000000000000e+04
2.298400000000000000e+04
2.299300000000000000e+04
2.301300000000000000e+04
2.301700000000000000e+04
2.304900000000000000e+04
2.308000000000000000e+04
2.311000000000000000e+04
2.312100000000000000e+04
2.312800000000000000e+04
2.314600000000000000e+04
2.315400000000000000e+04
2.316100000000000000e+04
2.317000000000000000e+04
2.318700000000000000e+04
2.319900000000000000e+04
2.321400000000000000e+04
2.321800000000000000e+04
2.324100000000000000e+04
2.325100000000000000e+04
2.326900000000000000e+04
2.336800000000000000e+04
2.339600000000000000e+04
2.339800000000000000e+04
2.340000000000000000e+04
2.340600000000000000e+04
2.343200000000000000e+04
2.345100000000000000e+04
2.349500000000000000e+04
2.350300000000000000e+04
2.350400000000000000e+04
2.352400000000000000e+04
2.353400000000000000e+04
2.356300000000000000e+04
2.356600000000000000e+04
2.359000000000000000e+04
2.359600000000000000e+04
2.361800000000000000e+04
2.363500000000000000e+04
2.366800000000000000e+04
2.367200000000000000e+04
2.367400000000000000e+04
2.367600000000000000e+04
2.368300000000000000e+04
2.370800000000000000e+04
2.370900000000000000e+04
2.372300000000000000e+04
2.372400000000000000e+04
2.372500000000000000e+04
2.373600000000000000e+04
2.375100000000000000e+04
2.377200000000000000e+04
2.377800000000000000e+04
2.378100000000000000e+04
2.379400000000000000e+04
2.379500000000000000e+04
2.379600000000000000e+04
2.380000000000000000e+04
2.381300000000000000e+04
2.382500000000000000e+04
2.384200000000000000e+04
2.385600000000000000e+04
2.387100000000000000e+04
2.388800000000000000e+04
2.388900000000000000e+04
2.393100000000000000e+04
2.394100000000000000e+04
2.394600000000000000e+04
2.395000000000000000e+04
2.395300000000000000e+04
2.398800000000000000e+04
2.401500000000000000e+04
2.402900000000000000e+04
2.403200000000000000e+04
2.403700000000000000e+04
2.404100000000000000e+04
2.406500000000000000e+04
2.407700000000000000e+04
2.408400000000000000e+04
2.410100000000000000e+04
2.411700000000000000e+04
2.415600000000000000e+04
2.416300000000000000e+04
2.417000000000000000e+04
2.417900000000000000e+04
2.418600000000000000e+04
2.419200000000000000e+04
2.420200000000000000e+04
2.422500000000000000e+04
2.423600000000000000e+04
2.425600000000000000e+04
2.430300000000000000e+04
2.430700000000000000e+04
2.431200000000000000e+04
2.431400000000000000e+04
2.431600000000000000e+04
2.432700000000000000e+04
2.433100000000000000e+04
2.439400000000000000e+04
2.440300000000000000e+04
2.444000000000000000e+04
2.444500000000000000e+04
2.445800000000000000e+04
2.448300000000000000e+04
2.448600000000000000e+04
2.449400000000000000e+04
2.450700000000000000e+04
2.451500000000000000e+04
2.454100000000000000e+04
2.454400000000000000e+04
2.456600000000000000e+04
2.459200000000000000e+04
2.460000000000000000e+04
2.460100000000000000e+04
2.462800000000000000e+04
2.463400000000000000e+04
2.463600000000000000e+04
2.466100000000000000e+04
2.467000000000000000e+04
2.469300000000000000e+04
2.471300000000000000e+04
2.472800000000000000e+04
2.474600000000000000e+04
2.476500000000000000e+04
2.477300000000000000e+04
2.480100000000000000e+04
2.480200000000000000e+04
2.480400000000000000e+04
2.480800000000000000e+04
2.483200000000000000e+04
2.484300000000000000e+04
2.484500000000000000e+04
2.488500000000000000e+04
2.489800000000000000e+04
2.490600000000000000e+04
2.490700000000000000e+04
2.490800000000000000e+04
2.492700000000000000e+04
2.493300000000000000e+04
2.493400000000000000e+04
2.494200000000000000e+04
2.494800000000000000e+04
2.495500000000000000e+04
2.496200000000000000e+04
2.499000000000000000e+04
2.500600000000000000e+04
2.500900000000000000e+04
2.506600000000000000e+04
2.509900000000000000e+04
2.511300000000000000e+04
2.514200000000000000e+04
2.515300000000000000e+04
2.515600000000000000e+04
2.517200000000000000e+04
2.518300000000000000e+04
2.518800000000000000e+04
2.523800000000000000e+04
2.525100000000000000e+04
2.525600000000000000e+04
2.527300000000000000e+04
2.527700000000000000e+04
2.529400000000000000e+04
2.529600000000000000e+04
2.532500000000000000e+04
2.533200000000000000e+04
2.534300000000000000e+04
2.534500000000000000e+04
2.534700000000000000e+04
2.540900000000000000e+04
2.541200000000000000e+04
2.541300000000000000e+04
2.544500000000000000e+04
2.544700000000000000e+04
2.546300000000000000e+04
2.547600000000000000e+04
2.550500000000000000e+04
2.552800000000000000e+04
2.556500000000000000e+04
2.556600000000000000e+04
2.557700000000000000e+04
2.558900000000000000e+04
2.559200000000000000e+04
2.566500000000000000e+04
2.567000000000000000e+04
2.568900000000000000e+04
2.571400000000000000e+04
2.572100000000000000e+04
2.574000000000000000e+04
2.574400000000000000e+04
2.574900000000000000e+04
2.576200000000000000e+04
2.576800000000000000e+04
2.579600000000000000e+04
2.579700000000000000e+04
2.581800000000000000e+04
2.583500000000000000e+04
2.583600000000000000e+04
2.588200000000000000e+04
2.589000000000000000e+04
2.590500000000000000e+04
2.590600000000000000e+04
2.592600000000000000e+04
2.596200000000000000e+04
2.596400000000000000e+04
2.597300000000000000e+04
2.599100000000000000e+04
2.599500000000000000e+04
2.601700000000000000e+04
2.603000000000000000e+04
2.605200000000000000e+04
2.606100000000000000e+04
2.611400000000000000e+04
2.612200000000000000e+04
2.614500000000000000e+04
2.615400000000000000e+04
2.618300000000000000e+04
2.620500000000000000e+04
2.621800000000000000e+04
2.623500000000000000e+04
2.624800000000000000e+04
2.625800000000000000e+04
2.627900000000000000e+04
2.637400000000000000e+04
2.640200000000000000e+04
2.641000000000000000e+04
2.643800000000000000e+04
2.644400000000000000e+04
2.645000000000000000e+04
2.647300000000000000e+04
2.648500000000000000e+04
2.649500000000000000e+04
2.650600000000000000e+04
2.654900000000000000e+04
2.655300000000000000e+04
2.657200000000000000e+04
2.658300000000000000e+04
2.659700000000000000e+04
2.661000000000000000e+04
2.662200000000000000e+04
2.662500000000000000e+04
2.666800000000000000e+04
2.668300000000000000e+04
2.669400000000000000e+04
2.674800000000000000e+04
2.675000000000000000e+04
2.676900000000000000e+04
2.677200000000000000e+04
2.678000000000000000e+04
2.678200000000000000e+04
2.678800000000000000e+04
2.681300000000000000e+04
2.681600000000000000e+04
2.683600000000000000e+04
2.684000000000000000e+04
2.685200000000000000e+04
2.686000000000000000e+04
2.686600000000000000e+04
2.687100000000000000e+04
2.690200000000000000e+04
2.692000000000000000e+04
2.693500000000000000e+04
2.693600000000000000e+04
2.696500000000000000e+04
2.697300000000000000e+04
2.698600000000000000e+04
2.699100000000000000e+04
2.702200000000000000e+04
2.702800000000000000e+04
2.704000000000000000e+04
2.704500000000000000e+04
2.705300000000000000e+04
2.706700000000000000e+04
2.707200000000000000e+04
2.707600000000000000e+04
2.708000000000000000e+04
2.708100000000000000e+04
2.708300000000000000e+04
2.714400000000000000e+04
2.714700000000000000e+04
2.715700000000000000e+04
2.716300000000000000e+04
2.719400000000000000e+04
2.722000000000000000e+04
2.723300000000000000e+04
2.724500000000000000e+04
2.724800000000000000e+04
2.726300000000000000e+04
2.728300000000000000e+04
2.729200000000000000e+04
2.729700000000000000e+04
2.730000000000000000e+04
2.731300000000000000e+04
2.731600000000000000e+04
2.735100000000000000e+04
2.735500000000000000e+04
2.736200000000000000e+04
2.737600000000000000e+04
2.738500000000000000e+04
2.741600000000000000e+04
2.743500000000000000e+04
2.747200000000000000e+04
2.747600000000000000e+04
2.748900000000000000e+04
2.749300000000000000e+04
2.749700000000000000e+04
2.749800000000000000e+04
2.750600000000000000e+04
2.750900000000000000e+04
2.751800000000000000e+04
2.751900000000000000e+04
2.756300000000000000e+04
2.758300000000000000e+04
2.759000000000000000e+04
2.760400000000000000e+04
2.762300000000000000e+04
2.764400000000000000e+04
2.765000000000000000e+04
2.766300000000000000e+04
2.767600000000000000e+04
2.767700000000000000e+04
2.769000000000000000e+04
2.769500000000000000e+04
2.771700000000000000e+04
2.772200000000000000e+04
2.772500000000000000e+04
2.772600000000000000e+04
2.772700000000000000e+04
2.773400000000000000e+04
2.774800000000000000e+04
2.775700000000000000e+04
2.777000000000000000e+04
2.778300000000000000e+04
2.779200000000000000e+04
2.779700000000000000e+04
2.781000000000000000e+04
2.783100000000000000e+04
2.783200000000000000e+04
2.783400000000000000e+04
2.783800000000000000e+04
2.784300000000000000e+04
2.785200000000000000e+04
2.786500000000000000e+04
2.788800000000000000e+04
2.789300000000000000e+04
2.790000000000000000e+04
2.793000000000000000e+04
2.794700000000000000e+04
2.796500000000000000e+04
2.796600000000000000e+04
2.798000000000000000e+04
2.798300000000000000e+04
2.802100000000000000e+04
2.804600000000000000e+04
2.807800000000000000e+04
2.808000000000000000e+04
2.809100000000000000e+04
2.810500000000000000e+04
2.813200000000000000e+04
2.813300000000000000e+04
2.813400000000000000e+04
2.813700000000000000e+04
2.815000000000000000e+04
2.817100000000000000e+04
2.817400000000000000e+04
2.818600000000000000e+04
2.819700000000000000e+04
2.820400000000000000e+04
2.820500000000000000e+04
2.820900000000000000e+04
2.822900000000000000e+04
2.823200000000000000e+04
2.825100000000000000e+04
2.825800000000000000e+04
2.826600000000000000e+04
2.827000000000000000e+04
2.829900000000000000e+04
2.833000000000000000e+04
2.833200000000000000e+04
2.833900000000000000e+04
2.835500000000000000e+04
2.835600000000000000e+04
2.836300000000000000e+04
2.837000000000000000e+04
2.837300000000000000e+04
2.839600000000000000e+04
2.840000000000000000e+04
2.841600000000000000e+04
2.846100000000000000e+04
2.846800000000000000e+04
2.850000000000000000e+04
2.850100000000000000e+04
2.850300000000000000e+04
2.851400000000000000e+04
2.853700000000000000e+04
2.856900000000000000e+04
2.858200000000000000e+04
2.858400000000000000e+04
2.859600000000000000e+04
2.860800000000000000e+04
2.861800000000000000e+04
2.862600000000000000e+04
2.865200000000000000e+04
2.870100000000000000e+04
2.871100000000000000e+04
2.872900000000000000e+04
2.873600000000000000e+04
2.874600000000000000e+04
2.875000000000000000e+04
2.876600000000000000e+04
2.878800000000000000e+04
2.882400000000000000e+04
2.884000000000000000e+04
2.884800000000000000e+04
2.886000000000000000e+04
2.886200000000000000e+04
2.888000000000000000e+04
2.890100000000000000e+04
2.890200000000000000e+04
2.891600000000000000e+04
2.894700000000000000e+04
2.895500000000000000e+04
2.897300000000000000e+04
2.898300000000000000e+04
2.904000000000000000e+04
2.904300000000000000e+04
2.907000000000000000e+04
2.910300000000000000e+04
2.910400000000000000e+04
2.910600000000000000e+04
2.910700000000000000e+04
2.911300000000000000e+04
2.913000000000000000e+04
2.913500000000000000e+04
2.919600000000000000e+04
2.920300000000000000e+04
2.922600000000000000e+04
2.924400000000000000e+04
2.927600000000000000e+04
2.927800000000000000e+04
2.928700000000000000e+04
2.928900000000000000e+04
2.929200000000000000e+04
2.931100000000000000e+04
2.931300000000000000e+04
2.931600000000000000e+04
2.933500000000000000e+04
2.935000000000000000e+04
2.935700000000000000e+04
2.936600000000000000e+04
2.936800000000000000e+04
2.937500000000000000e+04
2.937700000000000000e+04
2.938500000000000000e+04
2.941300000000000000e+04
2.942300000000000000e+04
2.942600000000000000e+04
2.944300000000000000e+04
2.945200000000000000e+04
2.947200000000000000e+04
2.949700000000000000e+04
2.952400000000000000e+04
2.956900000000000000e+04
2.959600000000000000e+04
2.959700000000000000e+04
2.960500000000000000e+04
2.963500000000000000e+04
2.965900000000000000e+04
2.966000000000000000e+04
2.967100000000000000e+04
2.968700000000000000e+04
2.969700000000000000e+04
2.976100000000000000e+04
2.976400000000000000e+04
2.978400000000000000e+04
2.979600000000000000e+04
2.981100000000000000e+04
2.981400000000000000e+04
2.981600000000000000e+04
2.981700000000000000e+04
2.983200000000000000e+04
2.987300000000000000e+04
2.987400000000000000e+04
2.988100000000000000e+04
2.989200000000000000e+04
2.993300000000000000e+04
2.994700000000000000e+04
2.995500000000000000e+04
2.998300000000000000e+04
2.999100000000000000e+04
2.999300000000000000e+04
3.003200000000000000e+04
3.003800000000000000e+04
3.006600000000000000e+04
3.009200000000000000e+04
3.012000000000000000e+04
3.013500000000000000e+04
3.014300000000000000e+04
3.015800000000000000e+04
3.018100000000000000e+04
3.018700000000000000e+04
3.019200000000000000e+04
3.019500000000000000e+04
3.019700000000000000e+04
3.021100000000000000e+04
3.021300000000000000e+04
3.023000000000000000e+04
3.027300000000000000e+04
3.033100000000000000e+04
3.033700000000000000e+04
3.033900000000000000e+04
3.036300000000000000e+04
3.036900000000000000e+04
3.038100000000000000e+04
3.039300000000000000e+04
3.051400000000000000e+04
3.053300000000000000e+04
3.056900000000000000e+04
3.059200000000000000e+04
3.062300000000000000e+04
3.062500000000000000e+04
3.062800000000000000e+04
3.065000000000000000e+04
3.065100000000000000e+04
3.066100000000000000e+04
3.068900000000000000e+04
3.070700000000000000e+04
3.071300000000000000e+04
3.071600000000000000e+04
3.074000000000000000e+04
3.075400000000000000e+04
3.076400000000000000e+04
3.081500000000000000e+04
3.084500000000000000e+04
3.085100000000000000e+04
3.086900000000000000e+04
3.088700000000000000e+04
3.089400000000000000e+04
3.091600000000000000e+04
3.092900000000000000e+04
3.093200000000000000e+04
3.093300000000000000e+04
3.093400000000000000e+04
3.093900000000000000e+04
3.097500000000000000e+04
3.098400000000000000e+04
3.099000000000000000e+04
3.099100000000000000e+04
3.099300000000000000e+04
3.100600000000000000e+04
3.101400000000000000e+04
3.101800000000000000e+04
3.104300000000000000e+04
3.105300000000000000e+04
3.107800000000000000e+04
3.108300000000000000e+04
3.110600000000000000e+04
3.111200000000000000e+04
3.112800000000000000e+04
3.113300000000000000e+04
3.114100000000000000e+04
3.114300000000000000e+04
3.115700000000000000e+04
3.116100000000000000e+04
3.116300000000000000e+04
3.116600000000000000e+04
3.117000000000000000e+04
3.117300000000000000e+04
3.117800000000000000e+04
3.118800000000000000e+04
3.124500000000000000e+04
3.124700000000000000e+04
3.125100000000000000e+04
3.126300000000000000e+04
3.127800000000000000e+04
3.128200000000000000e+04
3.131300000000000000e+04
3.133600000000000000e+04
3.135500000000000000e+04
3.136400000000000000e+04
3.139000000000000000e+04
3.140400000000000000e+04
3.140900000000000000e+04
3.142600000000000000e+04
3.143500000000000000e+04
3.144500000000000000e+04
3.145000000000000000e+04
3.145900000000000000e+04
3.147800000000000000e+04
3.147900000000000000e+04
3.148200000000000000e+04
3.149200000000000000e+04
3.149600000000000000e+04
3.150600000000000000e+04
3.150700000000000000e+04
3.150800000000000000e+04
3.151100000000000000e+04
3.151900000000000000e+04
3.153100000000000000e+04
3.153300000000000000e+04
3.153800000000000000e+04
3.154000000000000000e+04
3.154500000000000000e+04
3.156200000000000000e+04
3.156500000000000000e+04
3.157800000000000000e+04
3.159000000000000000e+04
3.160400000000000000e+04
3.165200000000000000e+04
3.165500000000000000e+04
3.166700000000000000e+04
3.168400000000000000e+04
3.168800000000000000e+04
3.169500000000000000e+04
3.171100000000000000e+04
3.171600000000000000e+04
3.172400000000000000e+04
3.174900000000000000e+04
3.175000000000000000e+04
3.175500000000000000e+04
3.178200000000000000e+04
3.179000000000000000e+04
3.179500000000000000e+04
3.182100000000000000e+04
3.182300000000000000e+04
3.182900000000000000e+04
3.184600000000000000e+04
3.187500000000000000e+04
3.189800000000000000e+04
3.191700000000000000e+04
3.192000000000000000e+04
3.192300000000000000e+04
3.193400000000000000e+04
3.193600000000000000e+04
3.195200000000000000e+04
3.196000000000000000e+04
3.198800000000000000e+04
3.199500000000000000e+04
3.200300000000000000e+04
3.200400000000000000e+04
3.204000000000000000e+04
3.204400000000000000e+04
3.206800000000000000e+04
3.207800000000000000e+04
3.208100000000000000e+04
3.208400000000000000e+04
3.208700000000000000e+04
3.215500000000000000e+04
3.215800000000000000e+04
3.216300000000000000e+04
3.217500000000000000e+04
3.219800000000000000e+04
3.220500000000000000e+04
3.221200000000000000e+04
3.221500000000000000e+04
3.223800000000000000e+04
3.223900000000000000e+04
3.224400000000000000e+04
3.224500000000000000e+04
3.225600000000000000e+04
3.229500000000000000e+04
3.231800000000000000e+04
3.233100000000000000e+04
3.233600000000000000e+04
3.234200000000000000e+04
3.236300000000000000e+04
3.236400000000000000e+04
3.238100000000000000e+04
3.238600000000000000e+04
3.239200000000000000e+04
3.239300000000000000e+04
3.241000000000000000e+04
3.241300000000000000e+04
3.242200000000000000e+04
3.242500000000000000e+04
3.243000000000000000e+04
3.244300000000000000e+04
3.244700000000000000e+04
3.245800000000000000e+04
3.245900000000000000e+04
3.247200000000000000e+04
3.248100000000000000e+04
3.250700000000000000e+04
3.256100000000000000e+04
3.256800000000000000e+04
3.257600000000000000e+04
3.258000000000000000e+04
3.258100000000000000e+04
3.258500000000000000e+04
3.260700000000000000e+04
3.261600000000000000e+04
3.261700000000000000e+04
3.264700000000000000e+04
3.266700000000000000e+04
3.269200000000000000e+04
3.269400000000000000e+04
3.270000000000000000e+04
3.270300000000000000e+04
3.274600000000000000e+04
3.274700000000000000e+04
3.274800000000000000e+04
3.275300000000000000e+04
3.278100000000000000e+04
3.278600000000000000e+04
3.279400000000000000e+04
3.279800000000000000e+04
3.282300000000000000e+04
3.283400000000000000e+04
3.284000000000000000e+04
3.285200000000000000e+04
3.285300000000000000e+04
3.286400000000000000e+04
3.286600000000000000e+04
3.288400000000000000e+04
3.288500000000000000e+04
3.289300000000000000e+04
3.289900000000000000e+04
3.290500000000000000e+04
3.291800000000000000e+04
3.294600000000000000e+04
3.294900000000000000e+04
3.296500000000000000e+04
3.297300000000000000e+04
3.297500000000000000e+04
3.299400000000000000e+04
3.299800000000000000e+04
3.300800000000000000e+04
3.301700000000000000e+04
3.304500000000000000e+04
3.308500000000000000e+04
3.309200000000000000e+04
3.309800000000000000e+04
3.310400000000000000e+04
3.312800000000000000e+04
3.313000000000000000e+04
3.313200000000000000e+04
3.316100000000000000e+04
3.316300000000000000e+04
3.316500000000000000e+04
3.316700000000000000e+04
3.318700000000000000e+04
3.319600000000000000e+04
3.319700000000000000e+04
3.321800000000000000e+04
3.323300000000000000e+04
3.324300000000000000e+04
3.326100000000000000e+04
3.327200000000000000e+04
3.328800000000000000e+04
3.329200000000000000e+04
3.330400000000000000e+04
3.330500000000000000e+04
3.331600000000000000e+04
3.332000000000000000e+04
3.333900000000000000e+04
3.336000000000000000e+04
3.340500000000000000e+04
3.341600000000000000e+04
3.342600000000000000e+04
3.343300000000000000e+04
3.344600000000000000e+04
3.344900000000000000e+04
3.345300000000000000e+04
3.346400000000000000e+04
3.346600000000000000e+04
3.347300000000000000e+04
3.349900000000000000e+04
3.350000000000000000e+04
3.350700000000000000e+04
3.351500000000000000e+04
3.351900000000000000e+04
3.355200000000000000e+04
3.355600000000000000e+04
3.356300000000000000e+04
3.356800000000000000e+04
3.358000000000000000e+04
3.358800000000000000e+04
3.360600000000000000e+04
3.362300000000000000e+04
3.362400000000000000e+04
3.363600000000000000e+04
3.364400000000000000e+04
3.364800000000000000e+04
3.366700000000000000e+04
3.367300000000000000e+04
3.368000000000000000e+04
3.368900000000000000e+04
3.371200000000000000e+04
3.374800000000000000e+04
3.376300000000000000e+04
3.378200000000000000e+04
3.382700000000000000e+04
3.383500000000000000e+04
3.383600000000000000e+04
3.383900000000000000e+04
3.384400000000000000e+04
3.385100000000000000e+04
3.387700000000000000e+04
3.388300000000000000e+04
3.390100000000000000e+04
3.391100000000000000e+04
3.391600000000000000e+04
3.391800000000000000e+04
3.392200000000000000e+04
3.392300000000000000e+04
3.394000000000000000e+04
3.395000000000000000e+04
3.396200000000000000e+04
3.397100000000000000e+04
3.397200000000000000e+04
3.397400000000000000e+04
3.399300000000000000e+04
3.399900000000000000e+04
3.401000000000000000e+04
3.403400000000000000e+04
3.403500000000000000e+04
3.406300000000000000e+04
3.406500000000000000e+04
3.406600000000000000e+04
3.406700000000000000e+04
3.408200000000000000e+04
3.408500000000000000e+04
3.409000000000000000e+04
3.410100000000000000e+04
3.411300000000000000e+04
3.414100000000000000e+04
3.415300000000000000e+04
3.417300000000000000e+04
3.417500000000000000e+04
3.419400000000000000e+04
3.421200000000000000e+04
3.421300000000000000e+04
3.422700000000000000e+04
3.424500000000000000e+04
3.426700000000000000e+04
3.427400000000000000e+04
3.427900000000000000e+04
3.430700000000000000e+04
3.431700000000000000e+04
3.431900000000000000e+04
3.433600000000000000e+04
3.434800000000000000e+04
3.436200000000000000e+04
3.436600000000000000e+04
3.437600000000000000e+04
3.437900000000000000e+04
3.438000000000000000e+04
3.438300000000000000e+04
3.439400000000000000e+04
3.440400000000000000e+04
3.443000000000000000e+04
3.444100000000000000e+04
3.446500000000000000e+04
3.447800000000000000e+04
