3.200000000000000000e+01
4.400000000000000000e+01
9.500000000000000000e+01
1.120000000000000000e+02
1.240000000000000000e+02
1.310000000000000000e+02
1.430000000000000000e+02
1.550000000000000000e+02
1.560000000000000000e+02
1.620000000000000000e+02
1.690000000000000000e+02
2.260000000000000000e+02
2.480000000000000000e+02
2.510000000000000000e+02
2.890000000000000000e+02
3.120000000000000000e+02
3.240000000000000000e+02
3.630000000000000000e+02
3.750000000000000000e+02
3.810000000000000000e+02
4.010000000000000000e+02
4.050000000000000000e+02
4.090000000000000000e+02
4.420000000000000000e+02
4.630000000000000000e+02
5.390000000000000000e+02
5.400000000000000000e+02
5.510000000000000000e+02
5.520000000000000000e+02
6.090000000000000000e+02
7.490000000000000000e+02
7.680000000000000000e+02
7.940000000000000000e+02
7.970000000000000000e+02
8.020000000000000000e+02
8.130000000000000000e+02
8.890000000000000000e+02
8.940000000000000000e+02
9.040000000000000000e+02
9.270000000000000000e+02
9.340000000000000000e+02
9.480000000000000000e+02
9.540000000000000000e+02
9.550000000000000000e+02
9.610000000000000000e+02
9.700000000000000000e+02
9.720000000000000000e+02
1.002000000000000000e+03
1.021000000000000000e+03
1.043000000000000000e+03
1.050000000000000000e+03
1.095000000000000000e+03
1.108000000000000000e+03
1.137000000000000000e+03
1.183000000000000000e+03
1.222000000000000000e+03
1.224000000000000000e+03
1.241000000000000000e+03
1.289000000000000000e+03
1.304000000000000000e+03
1.305000000000000000e+03
1.342000000000000000e+03
1.373000000000000000e+03
1.377000000000000000e+03
1.389000000000000000e+03
1.390000000000000000e+03
1.413000000000000000e+03
1.419000000000000000e+03
1.426000000000000000e+03
1.452000000000000000e+03
1.484000000000000000e+03
1.529000000000000000e+03
1.544000000000000000e+03
1.548000000000000000e+03
1.610000000000000000e+03
1.624000000000000000e+03
1.631000000000000000e+03
1.638000000000000000e+03
1.648000000000000000e+03
1.706000000000000000e+03
1.780000000000000000e+03
1.795000000000000000e+03
1.874000000000000000e+03
1.889000000000000000e+03
1.912000000000000000e+03
1.948000000000000000e+03
1.952000000000000000e+03
1.974000000000000000e+03
1.986000000000000000e+03
2.007000000000000000e+03
2.011000000000000000e+03
2.018000000000000000e+03
2.040000000000000000e+03
2.049000000000000000e+03
2.051000000000000000e+03
2.064000000000000000e+03
2.087000000000000000e+03
2.093000000000000000e+03
2.109000000000000000e+03
2.121000000000000000e+03
2.152000000000000000e+03
2.158000000000000000e+03
2.166000000000000000e+03
2.183000000000000000e+03
2.185000000000000000e+03
2.211000000000000000e+03
2.237000000000000000e+03
2.273000000000000000e+03
2.278000000000000000e+03
2.285000000000000000e+03
2.311000000000000000e+03
2.327000000000000000e+03
2.337000000000000000e+03
2.338000000000000000e+03
2.370000000000000000e+03
2.374000000000000000e+03
2.427000000000000000e+03
2.449000000000000000e+03
2.455000000000000000e+03
2.469000000000000000e+03
2.487000000000000000e+03
2.495000000000000000e+03
2.505000000000000000e+03
2.522000000000000000e+03
2.524000000000000000e+03
2.528000000000000000e+03
2.530000000000000000e+03
2.548000000000000000e+03
2.560000000000000000e+03
2.561000000000000000e+03
2.576000000000000000e+03
2.580000000000000000e+03
2.595000000000000000e+03
2.599000000000000000e+03
2.613000000000000000e+03
2.614000000000000000e+03
2.620000000000000000e+03
2.629000000000000000e+03
2.633000000000000000e+03
2.639000000000000000e+03
2.653000000000000000e+03
2.661000000000000000e+03
2.673000000000000000e+03
2.677000000000000000e+03
2.706000000000000000e+03
2.719000000000000000e+03
2.730000000000000000e+03
2.757000000000000000e+03
2.770000000000000000e+03
2.773000000000000000e+03
2.794000000000000000e+03
2.848000000000000000e+03
2.862000000000000000e+03
2.885000000000000000e+03
2.902000000000000000e+03
2.925000000000000000e+03
2.979000000000000000e+03
3.017000000000000000e+03
3.048000000000000000e+03
3.063000000000000000e+03
3.070000000000000000e+03
3.095000000000000000e+03
3.116000000000000000e+03
3.125000000000000000e+03
3.127000000000000000e+03
3.130000000000000000e+03
3.134000000000000000e+03
3.138000000000000000e+03
3.141000000000000000e+03
3.142000000000000000e+03
3.150000000000000000e+03
3.152000000000000000e+03
3.158000000000000000e+03
3.187000000000000000e+03
3.195000000000000000e+03
3.198000000000000000e+03
3.214000000000000000e+03
3.219000000000000000e+03
3.286000000000000000e+03
3.343000000000000000e+03
3.378000000000000000e+03
3.379000000000000000e+03
3.387000000000000000e+03
3.407000000000000000e+03
3.444000000000000000e+03
3.457000000000000000e+03
3.517000000000000000e+03
3.539000000000000000e+03
3.580000000000000000e+03
3.584000000000000000e+03
3.588000000000000000e+03
3.590000000000000000e+03
3.596000000000000000e+03
3.685000000000000000e+03
3.714000000000000000e+03
3.717000000000000000e+03
3.753000000000000000e+03
3.770000000000000000e+03
3.784000000000000000e+03
3.792000000000000000e+03
3.802000000000000000e+03
3.836000000000000000e+03
3.898000000000000000e+03
3.939000000000000000e+03
3.972000000000000000e+03
3.973000000000000000e+03
4.005000000000000000e+03
4.017000000000000000e+03
4.044000000000000000e+03
4.071000000000000000e+03
4.107000000000000000e+03
4.207000000000000000e+03
4.214000000000000000e+03
4.232000000000000000e+03
4.255000000000000000e+03
4.260000000000000000e+03
4.282000000000000000e+03
4.346000000000000000e+03
4.362000000000000000e+03
4.373000000000000000e+03
4.408000000000000000e+03
4.473000000000000000e+03
4.537000000000000000e+03
4.573000000000000000e+03
4.596000000000000000e+03
4.602000000000000000e+03
4.658000000000000000e+03
4.671000000000000000e+03
4.684000000000000000e+03
4.703000000000000000e+03
4.728000000000000000e+03
4.744000000000000000e+03
4.775000000000000000e+03
4.792000000000000000e+03
4.840000000000000000e+03
4.865000000000000000e+03
4.882000000000000000e+03
4.912000000000000000e+03
4.936000000000000000e+03
4.967000000000000000e+03
4.968000000000000000e+03
4.981000000000000000e+03
4.985000000000000000e+03
4.996000000000000000e+03
5.014000000000000000e+03
5.019000000000000000e+03
5.032000000000000000e+03
5.041000000000000000e+03
5.087000000000000000e+03
5.088000000000000000e+03
5.092000000000000000e+03
5.104000000000000000e+03
5.120000000000000000e+03
5.148000000000000000e+03
5.155000000000000000e+03
5.180000000000000000e+03
5.186000000000000000e+03
5.196000000000000000e+03
5.228000000000000000e+03
5.230000000000000000e+03
5.237000000000000000e+03
5.247000000000000000e+03
5.260000000000000000e+03
5.263000000000000000e+03
5.311000000000000000e+03
5.325000000000000000e+03
5.362000000000000000e+03
5.366000000000000000e+03
5.371000000000000000e+03
5.388000000000000000e+03
5.411000000000000000e+03
5.486000000000000000e+03
5.490000000000000000e+03
5.492000000000000000e+03
5.496000000000000000e+03
5.529000000000000000e+03
5.574000000000000000e+03
5.618000000000000000e+03
5.646000000000000000e+03
5.660000000000000000e+03
5.680000000000000000e+03
5.722000000000000000e+03
5.731000000000000000e+03
5.740000000000000000e+03
5.750000000000000000e+03
5.758000000000000000e+03
5.766000000000000000e+03
5.791000000000000000e+03
5.802000000000000000e+03
5.811000000000000000e+03
5.816000000000000000e+03
5.825000000000000000e+03
5.891000000000000000e+03
5.900000000000000000e+03
5.951000000000000000e+03
5.957000000000000000e+03
6.010000000000000000e+03
6.101000000000000000e+03
6.125000000000000000e+03
6.185000000000000000e+03
6.198000000000000000e+03
6.222000000000000000e+03
6.242000000000000000e+03
6.244000000000000000e+03
6.261000000000000000e+03
6.333000000000000000e+03
6.338000000000000000e+03
6.402000000000000000e+03
6.431000000000000000e+03
6.463000000000000000e+03
6.472000000000000000e+03
6.477000000000000000e+03
6.478000000000000000e+03
6.506000000000000000e+03
6.520000000000000000e+03
6.521000000000000000e+03
6.552000000000000000e+03
6.588000000000000000e+03
6.592000000000000000e+03
6.656000000000000000e+03
6.673000000000000000e+03
6.762000000000000000e+03
6.765000000000000000e+03
6.766000000000000000e+03
6.768000000000000000e+03
6.772000000000000000e+03
6.790000000000000000e+03
6.845000000000000000e+03
6.847000000000000000e+03
6.852000000000000000e+03
6.864000000000000000e+03
6.872000000000000000e+03
6.895000000000000000e+03
6.940000000000000000e+03
6.957000000000000000e+03
7.023000000000000000e+03
7.024000000000000000e+03
7.046000000000000000e+03
7.084000000000000000e+03
7.086000000000000000e+03
7.101000000000000000e+03
7.134000000000000000e+03
7.136000000000000000e+03
7.158000000000000000e+03
7.178000000000000000e+03
7.197000000000000000e+03
7.217000000000000000e+03
7.285000000000000000e+03
7.291000000000000000e+03
7.328000000000000000e+03
7.332000000000000000e+03
7.359000000000000000e+03
7.386000000000000000e+03
7.432000000000000000e+03
7.458000000000000000e+03
7.462000000000000000e+03
7.488000000000000000e+03
7.499000000000000000e+03
7.552000000000000000e+03
7.560000000000000000e+03
7.575000000000000000e+03
7.607000000000000000e+03
7.656000000000000000e+03
7.665000000000000000e+03
7.668000000000000000e+03
7.718000000000000000e+03
7.733000000000000000e+03
7.749000000000000000e+03
7.751000000000000000e+03
7.773000000000000000e+03
7.801000000000000000e+03
7.843000000000000000e+03
7.862000000000000000e+03
7.873000000000000000e+03
7.932000000000000000e+03
7.940000000000000000e+03
7.941000000000000000e+03
8.008000000000000000e+03
8.025000000000000000e+03
8.032000000000000000e+03
8.051000000000000000e+03
8.068000000000000000e+03
8.069000000000000000e+03
8.082000000000000000e+03
8.107000000000000000e+03
8.108000000000000000e+03
8.148000000000000000e+03
8.159000000000000000e+03
8.160000000000000000e+03
8.161000000000000000e+03
8.185000000000000000e+03
8.205000000000000000e+03
8.231000000000000000e+03
8.282000000000000000e+03
8.309000000000000000e+03
8.321000000000000000e+03
8.344000000000000000e+03
8.348000000000000000e+03
8.385000000000000000e+03
8.388000000000000000e+03
8.406000000000000000e+03
8.426000000000000000e+03
8.488000000000000000e+03
8.503000000000000000e+03
8.510000000000000000e+03
8.517000000000000000e+03
8.538000000000000000e+03
8.572000000000000000e+03
8.606000000000000000e+03
8.637000000000000000e+03
8.646000000000000000e+03
8.660000000000000000e+03
8.662000000000000000e+03
8.688000000000000000e+03
8.708000000000000000e+03
8.716000000000000000e+03
8.731000000000000000e+03
8.766000000000000000e+03
8.800000000000000000e+03
8.840000000000000000e+03
8.851000000000000000e+03
8.914000000000000000e+03
8.932000000000000000e+03
8.955000000000000000e+03
8.959000000000000000e+03
8.968000000000000000e+03
9.000000000000000000e+03
9.004000000000000000e+03
9.047000000000000000e+03
9.055000000000000000e+03
9.093000000000000000e+03
9.111000000000000000e+03
9.156000000000000000e+03
9.162000000000000000e+03
9.182000000000000000e+03
9.186000000000000000e+03
9.187000000000000000e+03
9.204000000000000000e+03
9.213000000000000000e+03
9.231000000000000000e+03
9.248000000000000000e+03
9.252000000000000000e+03
9.315000000000000000e+03
9.319000000000000000e+03
9.323000000000000000e+03
9.330000000000000000e+03
9.333000000000000000e+03
9.363000000000000000e+03
9.385000000000000000e+03
9.413000000000000000e+03
9.439000000000000000e+03
9.477000000000000000e+03
9.481000000000000000e+03
9.548000000000000000e+03
9.571000000000000000e+03
9.575000000000000000e+03
9.591000000000000000e+03
9.606000000000000000e+03
9.607000000000000000e+03
9.625000000000000000e+03
9.687000000000000000e+03
9.696000000000000000e+03
9.723000000000000000e+03
9.746000000000000000e+03
9.750000000000000000e+03
9.776000000000000000e+03
9.778000000000000000e+03
9.781000000000000000e+03
9.790000000000000000e+03
9.791000000000000000e+03
9.802000000000000000e+03
9.810000000000000000e+03
9.823000000000000000e+03
9.824000000000000000e+03
9.846000000000000000e+03
9.861000000000000000e+03
9.905000000000000000e+03
9.906000000000000000e+03
9.914000000000000000e+03
9.957000000000000000e+03
1.000900000000000000e+04
1.001000000000000000e+04
1.003800000000000000e+04
1.005400000000000000e+04
1.006900000000000000e+04
1.008200000000000000e+04
1.012000000000000000e+04
1.012300000000000000e+04
1.012800000000000000e+04
1.013000000000000000e+04
1.013500000000000000e+04
1.013800000000000000e+04
1.016000000000000000e+04
1.017500000000000000e+04
1.020200000000000000e+04
1.021100000000000000e+04
1.021600000000000000e+04
1.022600000000000000e+04
1.022900000000000000e+04
1.026000000000000000e+04
1.027700000000000000e+04
1.028300000000000000e+04
1.028700000000000000e+04
1.034900000000000000e+04
1.035400000000000000e+04
1.043500000000000000e+04
1.044500000000000000e+04
1.047600000000000000e+04
1.048100000000000000e+04
1.050000000000000000e+04
1.050500000000000000e+04
1.052200000000000000e+04
1.052300000000000000e+04
1.055200000000000000e+04
1.055600000000000000e+04
1.056300000000000000e+04
1.058500000000000000e+04
1.059300000000000000e+04
1.059400000000000000e+04
1.061200000000000000e+04
1.066200000000000000e+04
1.067100000000000000e+04
1.071100000000000000e+04
1.071400000000000000e+04
1.072300000000000000e+04
1.072600000000000000e+04
1.073500000000000000e+04
1.074000000000000000e+04
1.086200000000000000e+04
1.088200000000000000e+04
1.089400000000000000e+04
1.090600000000000000e+04
1.095800000000000000e+04
1.098400000000000000e+04
1.099700000000000000e+04
1.100500000000000000e+04
1.101000000000000000e+04
1.101500000000000000e+04
1.102600000000000000e+04
1.104000000000000000e+04
1.104600000000000000e+04
1.105900000000000000e+04
1.106300000000000000e+04
1.108600000000000000e+04
1.108700000000000000e+04
1.109400000000000000e+04
1.111500000000000000e+04
1.112100000000000000e+04
1.115100000000000000e+04
1.117500000000000000e+04
1.119000000000000000e+04
1.120000000000000000e+04
1.120900000000000000e+04
1.121100000000000000e+04
1.126000000000000000e+04
1.128400000000000000e+04
1.128800000000000000e+04
1.135500000000000000e+04
1.135700000000000000e+04
1.137700000000000000e+04
1.142300000000000000e+04
1.142500000000000000e+04
1.145500000000000000e+04
1.150600000000000000e+04
1.150900000000000000e+04
1.153000000000000000e+04
1.156600000000000000e+04
1.159200000000000000e+04
1.162300000000000000e+04
1.165700000000000000e+04
1.167900000000000000e+04
1.169200000000000000e+04
1.169400000000000000e+04
1.169700000000000000e+04
1.172800000000000000e+04
1.173400000000000000e+04
1.178400000000000000e+04
1.179000000000000000e+04
1.180600000000000000e+04
1.185200000000000000e+04
1.186200000000000000e+04
1.187300000000000000e+04
1.190300000000000000e+04
1.190900000000000000e+04
1.193500000000000000e+04
1.194200000000000000e+04
1.194300000000000000e+04
1.199900000000000000e+04
1.200200000000000000e+04
1.201300000000000000e+04
1.204100000000000000e+04
1.205000000000000000e+04
1.207800000000000000e+04
1.208000000000000000e+04
1.210500000000000000e+04
1.212600000000000000e+04
1.213000000000000000e+04
1.215200000000000000e+04
1.217800000000000000e+04
1.221100000000000000e+04
1.225000000000000000e+04
1.226000000000000000e+04
1.229700000000000000e+04
1.230700000000000000e+04
1.233000000000000000e+04
1.233100000000000000e+04
1.234500000000000000e+04
1.238700000000000000e+04
1.241200000000000000e+04
1.241400000000000000e+04
1.243000000000000000e+04
1.248400000000000000e+04
1.248800000000000000e+04
1.250800000000000000e+04
1.252000000000000000e+04
1.254900000000000000e+04
1.255400000000000000e+04
1.259300000000000000e+04
1.260300000000000000e+04
1.261100000000000000e+04
1.262700000000000000e+04
1.263000000000000000e+04
1.272400000000000000e+04
1.272900000000000000e+04
1.277000000000000000e+04
1.277600000000000000e+04
1.278300000000000000e+04
1.278900000000000000e+04
1.281500000000000000e+04
1.281800000000000000e+04
1.289400000000000000e+04
1.290400000000000000e+04
1.290900000000000000e+04
1.291200000000000000e+04
1.294700000000000000e+04
1.297200000000000000e+04
1.297700000000000000e+04
1.297900000000000000e+04
1.308800000000000000e+04
1.309500000000000000e+04
1.310100000000000000e+04
1.310500000000000000e+04
1.310800000000000000e+04
1.310900000000000000e+04
1.314200000000000000e+04
1.318500000000000000e+04
1.324300000000000000e+04
1.325900000000000000e+04
1.326000000000000000e+04
1.326400000000000000e+04
1.327300000000000000e+04
1.328100000000000000e+04
1.333100000000000000e+04
1.333800000000000000e+04
1.334000000000000000e+04
1.334400000000000000e+04
1.334700000000000000e+04
1.336000000000000000e+04
1.336400000000000000e+04
1.340400000000000000e+04
1.341700000000000000e+04
1.342900000000000000e+04
1.343200000000000000e+04
1.345500000000000000e+04
1.347900000000000000e+04
1.349300000000000000e+04
1.352800000000000000e+04
1.353300000000000000e+04
1.354800000000000000e+04
1.357500000000000000e+04
1.359300000000000000e+04
1.361100000000000000e+04
1.362000000000000000e+04
1.362400000000000000e+04
1.364400000000000000e+04
1.365400000000000000e+04
1.366100000000000000e+04
1.369500000000000000e+04
1.374000000000000000e+04
1.379900000000000000e+04
1.380200000000000000e+04
1.385400000000000000e+04
1.385600000000000000e+04
1.386300000000000000e+04
1.393900000000000000e+04
1.395700000000000000e+04
1.396400000000000000e+04
1.396900000000000000e+04
1.401600000000000000e+04
1.405200000000000000e+04
1.407300000000000000e+04
1.409100000000000000e+04
1.409800000000000000e+04
1.410000000000000000e+04
1.410200000000000000e+04
1.411100000000000000e+04
1.412100000000000000e+04
1.413400000000000000e+04
1.416500000000000000e+04
1.419500000000000000e+04
1.420300000000000000e+04
1.420500000000000000e+04
1.421500000000000000e+04
1.428300000000000000e+04
1.428400000000000000e+04
1.430100000000000000e+04
1.431200000000000000e+04
1.433700000000000000e+04
1.434200000000000000e+04
1.435200000000000000e+04
1.440900000000000000e+04
1.447200000000000000e+04
1.449200000000000000e+04
1.452200000000000000e+04
1.452600000000000000e+04
1.454700000000000000e+04
1.456700000000000000e+04
1.457400000000000000e+04
1.459100000000000000e+04
1.459500000000000000e+04
1.460300000000000000e+04
1.464000000000000000e+04
1.464400000000000000e+04
1.465200000000000000e+04
1.465800000000000000e+04
1.467500000000000000e+04
1.468300000000000000e+04
1.471600000000000000e+04
1.472200000000000000e+04
1.472700000000000000e+04
1.476700000000000000e+04
1.478700000000000000e+04
1.485200000000000000e+04
1.485300000000000000e+04
1.486100000000000000e+04
1.488100000000000000e+04
1.491000000000000000e+04
1.493600000000000000e+04
1.495600000000000000e+04
1.499700000000000000e+04
1.503700000000000000e+04
1.508600000000000000e+04
1.512400000000000000e+04
1.516500000000000000e+04
1.525600000000000000e+04
1.527800000000000000e+04
1.529800000000000000e+04
1.531600000000000000e+04
1.533800000000000000e+04
1.537200000000000000e+04
1.541200000000000000e+04
1.555000000000000000e+04
1.558800000000000000e+04
1.564300000000000000e+04
1.568900000000000000e+04
1.569100000000000000e+04
1.570800000000000000e+04
1.574900000000000000e+04
1.579300000000000000e+04
1.580100000000000000e+04
1.581800000000000000e+04
1.583200000000000000e+04
1.586800000000000000e+04
1.588100000000000000e+04
1.588700000000000000e+04
1.589000000000000000e+04
1.590200000000000000e+04
1.602200000000000000e+04
1.606200000000000000e+04
1.607100000000000000e+04
1.609400000000000000e+04
1.611700000000000000e+04
1.612000000000000000e+04
1.613300000000000000e+04
1.618700000000000000e+04
1.625800000000000000e+04
1.630500000000000000e+04
1.630900000000000000e+04
1.632000000000000000e+04
1.637700000000000000e+04
1.640200000000000000e+04
1.640400000000000000e+04
1.640900000000000000e+04
1.648300000000000000e+04
1.649400000000000000e+04
1.649900000000000000e+04
1.650000000000000000e+04
1.650600000000000000e+04
1.651700000000000000e+04
1.653800000000000000e+04
1.656100000000000000e+04
1.657800000000000000e+04
1.663300000000000000e+04
1.663800000000000000e+04
1.665000000000000000e+04
1.665100000000000000e+04
1.672000000000000000e+04
1.674000000000000000e+04
1.674300000000000000e+04
1.674800000000000000e+04
1.675000000000000000e+04
1.676800000000000000e+04
1.679500000000000000e+04
1.682900000000000000e+04
1.683500000000000000e+04
1.685000000000000000e+04
1.685900000000000000e+04
1.688400000000000000e+04
1.691600000000000000e+04
1.691700000000000000e+04
1.693100000000000000e+04
1.694700000000000000e+04
1.695000000000000000e+04
1.696700000000000000e+04
1.698400000000000000e+04
1.699100000000000000e+04
1.704300000000000000e+04
1.704500000000000000e+04
1.707600000000000000e+04
1.708500000000000000e+04
1.709200000000000000e+04
1.710700000000000000e+04
1.712700000000000000e+04
1.713100000000000000e+04
1.713300000000000000e+04
1.714200000000000000e+04
1.717000000000000000e+04
1.719800000000000000e+04
1.721600000000000000e+04
1.721900000000000000e+04
1.722200000000000000e+04
1.722300000000000000e+04
1.722500000000000000e+04
1.724300000000000000e+04
1.724900000000000000e+04
1.726900000000000000e+04
1.727000000000000000e+04
1.727500000000000000e+04
1.730800000000000000e+04
1.732000000000000000e+04
1.735300000000000000e+04
1.736200000000000000e+04
1.736800000000000000e+04
1.737700000000000000e+04
1.739000000000000000e+04
1.739800000000000000e+04
1.740700000000000000e+04
1.746100000000000000e+04
1.746500000000000000e+04
1.749600000000000000e+04
1.754600000000000000e+04
1.756500000000000000e+04
1.757700000000000000e+04
1.759000000000000000e+04
1.759300000000000000e+04
1.760600000000000000e+04
1.760900000000000000e+04
1.761700000000000000e+04
1.762000000000000000e+04
1.765400000000000000e+04
1.766500000000000000e+04
1.768300000000000000e+04
1.769200000000000000e+04
1.770900000000000000e+04
1.775200000000000000e+04
1.777800000000000000e+04
1.778200000000000000e+04
1.779200000000000000e+04
1.781100000000000000e+04
1.781200000000000000e+04
1.783000000000000000e+04
1.783800000000000000e+04
1.784200000000000000e+04
1.786700000000000000e+04
1.788200000000000000e+04
1.788300000000000000e+04
1.788400000000000000e+04
1.792900000000000000e+04
1.797800000000000000e+04
1.799800000000000000e+04
1.804400000000000000e+04
1.805600000000000000e+04
1.807000000000000000e+04
1.807500000000000000e+04
1.808500000000000000e+04
1.814200000000000000e+04
1.815400000000000000e+04
1.817100000000000000e+04
1.817300000000000000e+04
1.822500000000000000e+04
1.823800000000000000e+04
1.825600000000000000e+04
1.830800000000000000e+04
1.832300000000000000e+04
1.833600000000000000e+04
1.835300000000000000e+04
1.836700000000000000e+04
1.837000000000000000e+04
1.837500000000000000e+04
1.843700000000000000e+04
1.846900000000000000e+04
1.848000000000000000e+04
1.848500000000000000e+04
1.849700000000000000e+04
1.850500000000000000e+04
1.850800000000000000e+04
1.852000000000000000e+04
1.853200000000000000e+04
1.854400000000000000e+04
1.856200000000000000e+04
1.856600000000000000e+04
1.856700000000000000e+04
1.856900000000000000e+04
1.858200000000000000e+04
1.860100000000000000e+04
1.863100000000000000e+04
1.865700000000000000e+04
1.867000000000000000e+04
1.867100000000000000e+04
1.868600000000000000e+04
1.871100000000000000e+04
1.872400000000000000e+04
1.875900000000000000e+04
1.876100000000000000e+04
1.876200000000000000e+04
1.881200000000000000e+04
1.881400000000000000e+04
1.884600000000000000e+04
1.885400000000000000e+04
1.886700000000000000e+04
1.886800000000000000e+04
1.897000000000000000e+04
1.897500000000000000e+04
1.898300000000000000e+04
1.899800000000000000e+04
1.900100000000000000e+04
1.900200000000000000e+04
1.901700000000000000e+04
1.903000000000000000e+04
1.904400000000000000e+04
1.905100000000000000e+04
1.906500000000000000e+04
1.910500000000000000e+04
1.920400000000000000e+04
1.922700000000000000e+04
1.925200000000000000e+04
1.926700000000000000e+04
1.928100000000000000e+04
1.929600000000000000e+04
1.932400000000000000e+04
1.934400000000000000e+04
1.935000000000000000e+04
1.937400000000000000e+04
1.941800000000000000e+04
1.942100000000000000e+04
1.942600000000000000e+04
1.943200000000000000e+04
1.946000000000000000e+04
1.947700000000000000e+04
1.949600000000000000e+04
1.950300000000000000e+04
1.952000000000000000e+04
1.954100000000000000e+04
1.954900000000000000e+04
1.955700000000000000e+04
1.957600000000000000e+04
1.957900000000000000e+04
1.958600000000000000e+04
1.962500000000000000e+04
1.963700000000000000e+04
1.963800000000000000e+04
1.972700000000000000e+04
1.973500000000000000e+04
1.973700000000000000e+04
1.974600000000000000e+04
1.980800000000000000e+04
1.981400000000000000e+04
1.981800000000000000e+04
1.983200000000000000e+04
1.983500000000000000e+04
1.983900000000000000e+04
1.984800000000000000e+04
1.987400000000000000e+04
1.994500000000000000e+04
1.996700000000000000e+04
2.006100000000000000e+04
2.006300000000000000e+04
2.006400000000000000e+04
2.007400000000000000e+04
2.015700000000000000e+04
2.016100000000000000e+04
2.017600000000000000e+04
2.018600000000000000e+04
2.018900000000000000e+04
2.021300000000000000e+04
2.021800000000000000e+04
2.021900000000000000e+04
2.027100000000000000e+04
2.029100000000000000e+04
2.030900000000000000e+04
2.032700000000000000e+04
2.032800000000000000e+04
2.035900000000000000e+04
2.036000000000000000e+04
2.037900000000000000e+04
2.038500000000000000e+04
2.045700000000000000e+04
2.047300000000000000e+04
2.047800000000000000e+04
2.049500000000000000e+04
2.050900000000000000e+04
2.051700000000000000e+04
2.052600000000000000e+04
2.052800000000000000e+04
2.055800000000000000e+04
2.056600000000000000e+04
2.057700000000000000e+04
2.060300000000000000e+04
2.063600000000000000e+04
2.065500000000000000e+04
2.067100000000000000e+04
2.067800000000000000e+04
2.067900000000000000e+04
2.073300000000000000e+04
2.073600000000000000e+04
2.073700000000000000e+04
2.074800000000000000e+04
2.078900000000000000e+04
2.079000000000000000e+04
2.080500000000000000e+04
2.082000000000000000e+04
2.084300000000000000e+04
2.084700000000000000e+04
2.084800000000000000e+04
2.086000000000000000e+04
2.088000000000000000e+04
2.089200000000000000e+04
2.090400000000000000e+04
2.093300000000000000e+04
2.093900000000000000e+04
2.094800000000000000e+04
2.095400000000000000e+04
2.096600000000000000e+04
2.097300000000000000e+04
2.098700000000000000e+04
2.099100000000000000e+04
2.101600000000000000e+04
2.101800000000000000e+04
2.102100000000000000e+04
2.102300000000000000e+04
2.102800000000000000e+04
2.106200000000000000e+04
2.106400000000000000e+04
2.107000000000000000e+04
2.107800000000000000e+04
2.108500000000000000e+04
2.112500000000000000e+04
2.114000000000000000e+04
2.114800000000000000e+04
2.116100000000000000e+04
2.118300000000000000e+04
2.118400000000000000e+04
2.120300000000000000e+04
2.123000000000000000e+04
2.127000000000000000e+04
2.127200000000000000e+04
2.128200000000000000e+04
2.131400000000000000e+04
2.131700000000000000e+04
2.131800000000000000e+04
2.134300000000000000e+04
2.134600000000000000e+04
2.136200000000000000e+04
2.136700000000000000e+04
2.136800000000000000e+04
2.137800000000000000e+04
2.138900000000000000e+04
2.140600000000000000e+04
2.140700000000000000e+04
2.146200000000000000e+04
2.147100000000000000e+04
2.147800000000000000e+04
2.148900000000000000e+04
2.149300000000000000e+04
2.152500000000000000e+04
2.154800000000000000e+04
2.155300000000000000e+04
2.155700000000000000e+04
2.157400000000000000e+04
2.157700000000000000e+04
2.159200000000000000e+04
2.162400000000000000e+04
2.163300000000000000e+04
2.164400000000000000e+04
2.165100000000000000e+04
2.167200000000000000e+04
2.168800000000000000e+04
2.173000000000000000e+04
2.178400000000000000e+04
2.179400000000000000e+04
2.184700000000000000e+04
2.185500000000000000e+04
2.187400000000000000e+04
2.187800000000000000e+04
2.188300000000000000e+04
2.193900000000000000e+04
2.195300000000000000e+04
2.195800000000000000e+04
2.199200000000000000e+04
2.200300000000000000e+04
2.200400000000000000e+04
2.202800000000000000e+04
2.203200000000000000e+04
2.206900000000000000e+04
2.216500000000000000e+04
2.218500000000000000e+04
2.222700000000000000e+04
2.225800000000000000e+04
2.225900000000000000e+04
2.226700000000000000e+04
2.229600000000000000e+04
2.230800000000000000e+04
2.232600000000000000e+04
2.234900000000000000e+04
2.237100000000000000e+04
2.239500000000000000e+04
2.242800000000000000e+04
2.243400000000000000e+04
2.243900000000000000e+04
2.245400000000000000e+04
2.246700000000000000e+04
2.248500000000000000e+04
2.249700000000000000e+04
2.250000000000000000e+04
2.250300000000000000e+04
2.251700000000000000e+04
2.254300000000000000e+04
2.258100000000000000e+04
2.259300000000000000e+04
2.263700000000000000e+04
2.264700000000000000e+04
2.267000000000000000e+04
2.269500000000000000e+04
2.273000000000000000e+04
2.274300000000000000e+04
2.275500000000000000e+04
2.277900000000000000e+04
2.281600000000000000e+04
2.282900000000000000e+04
2.283600000000000000e+04
2.283900000000000000e+04
2.286700000000000000e+04
2.286900000000000000e+04
2.287200000000000000e+04
2.288000000000000000e+04
2.290800000000000000e+04
2.295800000000000000e+04
2.296300000000000000e+04
2.300600000000000000e+04
2.301200000000000000e+04
2.302300000000000000e+04
2.302400000000000000e+04
2.302700000000000000e+04
2.303500000000000000e+04
2.304200000000000000e+04
2.305100000000000000e+04
2.306100000000000000e+04
2.307600000000000000e+04
2.309100000000000000e+04
2.309500000000000000e+04
2.309700000000000000e+04
2.312900000000000000e+04
2.313700000000000000e+04
2.314500000000000000e+04
2.318800000000000000e+04
2.320800000000000000e+04
2.320900000000000000e+04
2.323000000000000000e+04
2.323200000000000000e+04
2.323500000000000000e+04
2.323800000000000000e+04
2.324700000000000000e+04
2.325300000000000000e+04
2.329700000000000000e+04
2.331000000000000000e+04
2.332300000000000000e+04
2.340800000000000000e+04
2.341100000000000000e+04
2.341300000000000000e+04
2.341500000000000000e+04
2.346400000000000000e+04
2.350800000000000000e+04
2.352700000000000000e+04
2.353700000000000000e+04
2.357500000000000000e+04
2.358700000000000000e+04
2.360100000000000000e+04
2.365000000000000000e+04
2.365300000000000000e+04
2.365500000000000000e+04
2.367000000000000000e+04
2.368700000000000000e+04
2.369900000000000000e+04
2.370000000000000000e+04
2.376900000000000000e+04
2.379000000000000000e+04
2.380700000000000000e+04
2.381200000000000000e+04
2.385200000000000000e+04
2.387000000000000000e+04
2.388000000000000000e+04
2.389500000000000000e+04
2.390600000000000000e+04
2.391100000000000000e+04
2.392900000000000000e+04
2.393400000000000000e+04
2.393500000000000000e+04
2.394300000000000000e+04
2.395200000000000000e+04
2.397400000000000000e+04
2.399700000000000000e+04
2.402400000000000000e+04
2.403600000000000000e+04
2.406600000000000000e+04
2.407300000000000000e+04
2.408200000000000000e+04
2.408700000000000000e+04
2.409400000000000000e+04
2.410200000000000000e+04
2.411900000000000000e+04
2.413400000000000000e+04
2.413900000000000000e+04
2.416200000000000000e+04
2.418200000000000000e+04
2.421900000000000000e+04
2.425900000000000000e+04
2.430500000000000000e+04
2.431300000000000000e+04
2.433200000000000000e+04
2.433300000000000000e+04
2.436200000000000000e+04
2.437900000000000000e+04
2.440600000000000000e+04
2.441100000000000000e+04
2.443100000000000000e+04
2.444600000000000000e+04
2.448000000000000000e+04
2.448500000000000000e+04
2.448700000000000000e+04
2.453900000000000000e+04
2.454700000000000000e+04
2.459000000000000000e+04
2.459400000000000000e+04
2.461200000000000000e+04
2.461800000000000000e+04
2.463700000000000000e+04
2.466400000000000000e+04
2.471700000000000000e+04
2.471800000000000000e+04
2.472100000000000000e+04
2.472900000000000000e+04
2.474700000000000000e+04
2.477200000000000000e+04
2.481400000000000000e+04
2.482600000000000000e+04
2.485100000000000000e+04
2.485300000000000000e+04
2.487600000000000000e+04
2.489200000000000000e+04
2.490000000000000000e+04
2.493800000000000000e+04
2.494500000000000000e+04
2.500700000000000000e+04
2.501700000000000000e+04
2.501800000000000000e+04
2.503200000000000000e+04
2.507100000000000000e+04
2.509000000000000000e+04
2.512300000000000000e+04
2.512700000000000000e+04
2.513200000000000000e+04
2.513500000000000000e+04
2.513800000000000000e+04
2.514000000000000000e+04
2.516600000000000000e+04
2.518200000000000000e+04
2.519500000000000000e+04
2.524100000000000000e+04
2.524500000000000000e+04
2.527000000000000000e+04
2.528000000000000000e+04
2.532300000000000000e+04
2.534400000000000000e+04
2.535200000000000000e+04
2.535300000000000000e+04
2.535500000000000000e+04
2.536200000000000000e+04
2.539900000000000000e+04
2.541500000000000000e+04
2.546500000000000000e+04
2.547400000000000000e+04
2.547500000000000000e+04
2.548000000000000000e+04
2.549900000000000000e+04
2.550200000000000000e+04
2.550900000000000000e+04
2.551400000000000000e+04
2.555500000000000000e+04
2.555600000000000000e+04
2.558600000000000000e+04
2.560900000000000000e+04
2.561600000000000000e+04
2.563100000000000000e+04
2.563200000000000000e+04
2.564000000000000000e+04
2.565400000000000000e+04
2.565900000000000000e+04
2.567900000000000000e+04
2.568100000000000000e+04
2.568800000000000000e+04
2.569500000000000000e+04
2.572500000000000000e+04
2.572900000000000000e+04
2.573200000000000000e+04
2.574500000000000000e+04
2.579300000000000000e+04
2.581400000000000000e+04
2.585500000000000000e+04
2.588000000000000000e+04
2.590000000000000000e+04
2.591000000000000000e+04
2.592400000000000000e+04
2.595700000000000000e+04
2.596900000000000000e+04
2.598500000000000000e+04
2.598700000000000000e+04
2.600100000000000000e+04
2.601000000000000000e+04
2.602600000000000000e+04
2.603400000000000000e+04
2.603800000000000000e+04
2.603900000000000000e+04
2.605500000000000000e+04
2.610400000000000000e+04
2.619000000000000000e+04
2.620300000000000000e+04
2.621100000000000000e+04
2.631200000000000000e+04
2.631800000000000000e+04
2.632200000000000000e+04
2.634300000000000000e+04
2.635200000000000000e+04
2.636200000000000000e+04
2.637000000000000000e+04
2.640000000000000000e+04
2.642700000000000000e+04
2.649700000000000000e+04
2.650400000000000000e+04
2.651200000000000000e+04
2.651900000000000000e+04
2.654400000000000000e+04
2.658400000000000000e+04
2.658600000000000000e+04
2.659300000000000000e+04
2.660100000000000000e+04
2.661600000000000000e+04
2.663800000000000000e+04
2.666700000000000000e+04
2.671100000000000000e+04
2.672200000000000000e+04
2.672900000000000000e+04
2.679100000000000000e+04
2.684200000000000000e+04
2.685400000000000000e+04
2.686100000000000000e+04
2.689200000000000000e+04
2.689500000000000000e+04
2.691200000000000000e+04
2.692200000000000000e+04
2.693000000000000000e+04
2.696200000000000000e+04
2.696600000000000000e+04
2.700200000000000000e+04
2.703100000000000000e+04
2.704400000000000000e+04
2.704800000000000000e+04
2.705800000000000000e+04
2.710800000000000000e+04
2.712100000000000000e+04
2.712500000000000000e+04
2.713600000000000000e+04
2.714200000000000000e+04
2.718000000000000000e+04
2.719200000000000000e+04
2.722700000000000000e+04
2.727500000000000000e+04
2.728600000000000000e+04
2.729800000000000000e+04
2.733200000000000000e+04
2.735000000000000000e+04
2.736500000000000000e+04
2.737200000000000000e+04
2.740500000000000000e+04
2.741000000000000000e+04
2.742300000000000000e+04
2.745200000000000000e+04
2.747300000000000000e+04
2.748100000000000000e+04
2.751300000000000000e+04
2.755000000000000000e+04
2.755300000000000000e+04
2.765400000000000000e+04
2.766200000000000000e+04
2.768500000000000000e+04
2.770000000000000000e+04
2.770400000000000000e+04
2.773600000000000000e+04
2.774100000000000000e+04
2.775100000000000000e+04
2.776500000000000000e+04
2.777500000000000000e+04
2.777900000000000000e+04
2.778800000000000000e+04
2.779100000000000000e+04
2.780300000000000000e+04
2.784100000000000000e+04
2.784900000000000000e+04
2.787100000000000000e+04
2.788000000000000000e+04
2.792600000000000000e+04
2.794200000000000000e+04
2.795800000000000000e+04
2.797500000000000000e+04
2.797700000000000000e+04
2.801400000000000000e+04
2.803900000000000000e+04
2.806200000000000000e+04
2.807600000000000000e+04
2.809200000000000000e+04
2.810300000000000000e+04
2.813500000000000000e+04
2.814700000000000000e+04
2.814900000000000000e+04
2.824600000000000000e+04
2.824800000000000000e+04
2.825000000000000000e+04
2.826300000000000000e+04
2.827100000000000000e+04
2.830300000000000000e+04
2.831900000000000000e+04
2.834100000000000000e+04
2.836900000000000000e+04
2.838800000000000000e+04
2.844700000000000000e+04
2.845200000000000000e+04
2.845800000000000000e+04
2.848100000000000000e+04
2.849600000000000000e+04
2.856100000000000000e+04
2.856700000000000000e+04
2.861700000000000000e+04
2.863000000000000000e+04
2.863400000000000000e+04
2.866100000000000000e+04
2.867500000000000000e+04
2.871500000000000000e+04
2.873200000000000000e+04
2.873500000000000000e+04
2.873900000000000000e+04
2.878100000000000000e+04
2.878500000000000000e+04
2.880500000000000000e+04
2.886600000000000000e+04
2.888100000000000000e+04
2.889700000000000000e+04
2.890600000000000000e+04
2.891300000000000000e+04
2.891400000000000000e+04
2.892900000000000000e+04
2.893400000000000000e+04
2.894800000000000000e+04
2.896300000000000000e+04
2.897600000000000000e+04
2.898700000000000000e+04
2.900600000000000000e+04
2.900800000000000000e+04
2.901000000000000000e+04
2.904900000000000000e+04
2.905300000000000000e+04
2.906600000000000000e+04
2.910200000000000000e+04
2.911800000000000000e+04
2.915300000000000000e+04
2.917000000000000000e+04
2.918400000000000000e+04
2.918900000000000000e+04
2.919200000000000000e+04
2.921800000000000000e+04
2.923600000000000000e+04
2.923900000000000000e+04
2.927500000000000000e+04
2.933600000000000000e+04
2.935400000000000000e+04
2.935600000000000000e+04
2.938100000000000000e+04
2.939000000000000000e+04
2.944700000000000000e+04
2.946300000000000000e+04
2.947700000000000000e+04
2.952900000000000000e+04
2.953100000000000000e+04
2.953500000000000000e+04
2.953700000000000000e+04
2.955500000000000000e+04
2.956100000000000000e+04
2.956200000000000000e+04
2.959200000000000000e+04
2.961900000000000000e+04
2.965700000000000000e+04
2.969300000000000000e+04
2.969400000000000000e+04
2.970400000000000000e+04
2.973000000000000000e+04
2.975300000000000000e+04
2.975900000000000000e+04
2.982700000000000000e+04
2.984500000000000000e+04
2.984900000000000000e+04
2.985000000000000000e+04
2.987800000000000000e+04
2.989300000000000000e+04
2.989800000000000000e+04
2.990600000000000000e+04
2.993400000000000000e+04
2.994900000000000000e+04
2.995300000000000000e+04
2.997400000000000000e+04
2.999000000000000000e+04
2.999700000000000000e+04
3.001300000000000000e+04
3.001900000000000000e+04
3.007200000000000000e+04
3.009000000000000000e+04
3.009500000000000000e+04
3.009800000000000000e+04
3.016900000000000000e+04
3.017100000000000000e+04
3.019300000000000000e+04
3.021900000000000000e+04
3.022300000000000000e+04
3.022900000000000000e+04
3.023600000000000000e+04
3.024800000000000000e+04
3.025200000000000000e+04
3.025900000000000000e+04
3.026100000000000000e+04
3.027700000000000000e+04
3.029600000000000000e+04
3.030600000000000000e+04
3.030800000000000000e+04
3.031300000000000000e+04
3.032100000000000000e+04
3.035200000000000000e+04
3.038500000000000000e+04
3.041600000000000000e+04
3.044100000000000000e+04
3.049300000000000000e+04
3.049900000000000000e+04
3.051100000000000000e+04
3.056500000000000000e+04
3.059400000000000000e+04
3.060100000000000000e+04
3.060600000000000000e+04
3.064700000000000000e+04
3.065700000000000000e+04
3.067000000000000000e+04
3.069100000000000000e+04
3.069900000000000000e+04
3.070900000000000000e+04
3.071500000000000000e+04
3.072600000000000000e+04
3.073900000000000000e+04
3.075000000000000000e+04
3.076300000000000000e+04
3.077700000000000000e+04
3.078400000000000000e+04
3.080200000000000000e+04
3.082200000000000000e+04
3.083500000000000000e+04
3.086100000000000000e+04
3.086700000000000000e+04
3.088800000000000000e+04
3.090700000000000000e+04
3.091400000000000000e+04
3.093100000000000000e+04
3.095700000000000000e+04
3.098500000000000000e+04
3.099200000000000000e+04
3.100400000000000000e+04
3.103800000000000000e+04
3.103900000000000000e+04
3.104700000000000000e+04
3.104900000000000000e+04
3.105100000000000000e+04
3.105700000000000000e+04
3.107100000000000000e+04
3.107300000000000000e+04
3.109600000000000000e+04
3.111600000000000000e+04
3.112200000000000000e+04
3.114900000000000000e+04
3.117600000000000000e+04
3.118100000000000000e+04
3.120000000000000000e+04
3.120600000000000000e+04
3.122600000000000000e+04
3.128500000000000000e+04
3.131000000000000000e+04
3.131900000000000000e+04
3.133300000000000000e+04
3.133900000000000000e+04
3.135000000000000000e+04
3.136300000000000000e+04
3.136600000000000000e+04
3.137200000000000000e+04
3.137600000000000000e+04
3.138700000000000000e+04
3.140700000000000000e+04
3.142900000000000000e+04
3.143400000000000000e+04
3.144100000000000000e+04
3.151300000000000000e+04
3.154800000000000000e+04
3.155700000000000000e+04
3.156600000000000000e+04
3.157300000000000000e+04
3.158500000000000000e+04
3.159200000000000000e+04
3.161200000000000000e+04
3.162600000000000000e+04
3.162800000000000000e+04
3.163200000000000000e+04
3.172000000000000000e+04
3.173200000000000000e+04
3.173600000000000000e+04
3.173700000000000000e+04
3.175900000000000000e+04
3.180700000000000000e+04
3.180800000000000000e+04
3.184000000000000000e+04
3.184100000000000000e+04
3.188200000000000000e+04
3.189900000000000000e+04
3.190200000000000000e+04
3.192400000000000000e+04
3.192700000000000000e+04
3.194100000000000000e+04
3.197700000000000000e+04
3.199600000000000000e+04
3.200000000000000000e+04
3.200200000000000000e+04
3.203600000000000000e+04
3.204800000000000000e+04
3.206500000000000000e+04
3.209400000000000000e+04
3.210600000000000000e+04
3.211500000000000000e+04
3.212300000000000000e+04
3.212500000000000000e+04
3.213500000000000000e+04
3.214800000000000000e+04
3.215400000000000000e+04
3.216700000000000000e+04
3.216900000000000000e+04
3.218000000000000000e+04
3.218500000000000000e+04
3.218800000000000000e+04
3.222100000000000000e+04
3.224800000000000000e+04
3.227000000000000000e+04
3.227800000000000000e+04
3.230100000000000000e+04
3.231700000000000000e+04
3.233400000000000000e+04
3.233900000000000000e+04
3.234300000000000000e+04
3.235100000000000000e+04
3.235700000000000000e+04
3.238400000000000000e+04
3.238700000000000000e+04
3.241200000000000000e+04
3.243800000000000000e+04
3.248700000000000000e+04
3.250400000000000000e+04
3.252900000000000000e+04
3.253700000000000000e+04
3.254400000000000000e+04
3.254600000000000000e+04
3.257300000000000000e+04
3.263600000000000000e+04
3.264900000000000000e+04
3.268000000000000000e+04
3.270400000000000000e+04
3.271500000000000000e+04
3.273300000000000000e+04
3.274400000000000000e+04
3.277300000000000000e+04
3.278800000000000000e+04
3.279100000000000000e+04
3.279500000000000000e+04
3.280800000000000000e+04
3.283000000000000000e+04
3.284400000000000000e+04
3.284500000000000000e+04
3.288900000000000000e+04
3.291400000000000000e+04
3.292600000000000000e+04
3.292800000000000000e+04
3.293800000000000000e+04
3.295900000000000000e+04
3.300600000000000000e+04
3.301800000000000000e+04
3.302600000000000000e+04
3.303000000000000000e+04
3.303300000000000000e+04
3.303900000000000000e+04
3.304000000000000000e+04
3.305000000000000000e+04
3.306300000000000000e+04
3.307600000000000000e+04
3.310100000000000000e+04
3.311800000000000000e+04
3.312200000000000000e+04
3.314600000000000000e+04
3.317300000000000000e+04
3.318800000000000000e+04
3.320000000000000000e+04
3.320300000000000000e+04
3.323700000000000000e+04
3.325200000000000000e+04
3.327800000000000000e+04
3.328400000000000000e+04
3.329300000000000000e+04
3.330900000000000000e+04
3.333200000000000000e+04
3.333400000000000000e+04
3.334500000000000000e+04
3.335900000000000000e+04
3.336400000000000000e+04
3.336800000000000000e+04
3.337700000000000000e+04
3.342500000000000000e+04
3.344000000000000000e+04
3.344800000000000000e+04
3.347800000000000000e+04
3.348100000000000000e+04
3.350600000000000000e+04
3.350900000000000000e+04
3.353200000000000000e+04
3.357200000000000000e+04
3.361600000000000000e+04
3.364000000000000000e+04
3.365100000000000000e+04
3.365700000000000000e+04
3.368800000000000000e+04
3.370900000000000000e+04
3.371000000000000000e+04
3.372200000000000000e+04
3.373400000000000000e+04
3.376800000000000000e+04
3.377500000000000000e+04
3.378900000000000000e+04
3.380800000000000000e+04
3.380900000000000000e+04
3.383100000000000000e+04
3.384600000000000000e+04
3.384800000000000000e+04
3.385000000000000000e+04
3.385700000000000000e+04
3.386800000000000000e+04
3.387000000000000000e+04
3.387400000000000000e+04
3.388200000000000000e+04
3.388600000000000000e+04
3.390700000000000000e+04
3.390800000000000000e+04
3.391500000000000000e+04
3.391900000000000000e+04
3.392500000000000000e+04
3.395700000000000000e+04
3.397300000000000000e+04
3.398800000000000000e+04
3.400200000000000000e+04
3.401100000000000000e+04
3.401200000000000000e+04
3.402100000000000000e+04
3.405900000000000000e+04
3.408100000000000000e+04
3.410600000000000000e+04
3.412900000000000000e+04
3.416300000000000000e+04
3.416500000000000000e+04
3.418900000000000000e+04
3.419300000000000000e+04
3.420600000000000000e+04
3.420700000000000000e+04
3.421100000000000000e+04
3.422300000000000000e+04
3.422800000000000000e+04
3.425000000000000000e+04
3.426800000000000000e+04
3.428900000000000000e+04
3.429200000000000000e+04
3.430800000000000000e+04
3.431200000000000000e+04
3.431800000000000000e+04
3.432000000000000000e+04
3.440900000000000000e+04
3.443300000000000000e+04
3.446000000000000000e+04
