2.800000000000000000e+01
4.500000000000000000e+01
6.100000000000000000e+01
8.600000000000000000e+01
1.000000000000000000e+02
1.030000000000000000e+02
1.300000000000000000e+02
1.340000000000000000e+02
1.480000000000000000e+02
1.580000000000000000e+02
2.000000000000000000e+02
2.450000000000000000e+02
2.460000000000000000e+02
2.730000000000000000e+02
2.860000000000000000e+02
2.960000000000000000e+02
3.260000000000000000e+02
3.380000000000000000e+02
3.460000000000000000e+02
3.580000000000000000e+02
3.730000000000000000e+02
3.740000000000000000e+02
4.030000000000000000e+02
4.180000000000000000e+02
4.200000000000000000e+02
4.470000000000000000e+02
4.520000000000000000e+02
5.090000000000000000e+02
5.370000000000000000e+02
5.650000000000000000e+02
5.770000000000000000e+02
5.940000000000000000e+02
6.130000000000000000e+02
6.160000000000000000e+02
6.500000000000000000e+02
6.540000000000000000e+02
6.660000000000000000e+02
6.690000000000000000e+02
6.930000000000000000e+02
7.190000000000000000e+02
7.760000000000000000e+02
8.070000000000000000e+02
8.560000000000000000e+02
8.700000000000000000e+02
8.710000000000000000e+02
8.740000000000000000e+02
9.200000000000000000e+02
9.390000000000000000e+02
9.400000000000000000e+02
1.003000000000000000e+03
1.012000000000000000e+03
1.023000000000000000e+03
1.025000000000000000e+03
1.028000000000000000e+03
1.047000000000000000e+03
1.070000000000000000e+03
1.093000000000000000e+03
1.098000000000000000e+03
1.107000000000000000e+03
1.156000000000000000e+03
1.192000000000000000e+03
1.193000000000000000e+03
1.242000000000000000e+03
1.408000000000000000e+03
1.417000000000000000e+03
1.429000000000000000e+03
1.435000000000000000e+03
1.439000000000000000e+03
1.448000000000000000e+03
1.463000000000000000e+03
1.470000000000000000e+03
1.504000000000000000e+03
1.511000000000000000e+03
1.542000000000000000e+03
1.549000000000000000e+03
1.557000000000000000e+03
1.563000000000000000e+03
1.567000000000000000e+03
1.580000000000000000e+03
1.605000000000000000e+03
1.630000000000000000e+03
1.646000000000000000e+03
1.650000000000000000e+03
1.666000000000000000e+03
1.667000000000000000e+03
1.681000000000000000e+03
1.728000000000000000e+03
1.730000000000000000e+03
1.741000000000000000e+03
1.826000000000000000e+03
1.831000000000000000e+03
1.924000000000000000e+03
1.933000000000000000e+03
1.976000000000000000e+03
1.981000000000000000e+03
1.990000000000000000e+03
1.991000000000000000e+03
1.996000000000000000e+03
2.020000000000000000e+03
2.029000000000000000e+03
2.045000000000000000e+03
2.070000000000000000e+03
2.142000000000000000e+03
2.146000000000000000e+03
2.162000000000000000e+03
2.172000000000000000e+03
2.178000000000000000e+03
2.197000000000000000e+03
2.244000000000000000e+03
2.248000000000000000e+03
2.264000000000000000e+03
2.299000000000000000e+03
2.317000000000000000e+03
2.383000000000000000e+03
2.389000000000000000e+03
2.410000000000000000e+03
2.444000000000000000e+03
2.457000000000000000e+03
2.484000000000000000e+03
2.491000000000000000e+03
2.508000000000000000e+03
2.558000000000000000e+03
2.592000000000000000e+03
2.597000000000000000e+03
2.602000000000000000e+03
2.618000000000000000e+03
2.670000000000000000e+03
2.678000000000000000e+03
2.679000000000000000e+03
2.692000000000000000e+03
2.708000000000000000e+03
2.709000000000000000e+03
2.733000000000000000e+03
2.754000000000000000e+03
2.778000000000000000e+03
2.806000000000000000e+03
2.819000000000000000e+03
2.831000000000000000e+03
2.849000000000000000e+03
2.855000000000000000e+03
2.861000000000000000e+03
2.888000000000000000e+03
2.895000000000000000e+03
2.944000000000000000e+03
2.956000000000000000e+03
2.967000000000000000e+03
2.975000000000000000e+03
2.986000000000000000e+03
3.008000000000000000e+03
3.014000000000000000e+03
3.018000000000000000e+03
3.027000000000000000e+03
3.029000000000000000e+03
3.039000000000000000e+03
3.060000000000000000e+03
3.079000000000000000e+03
3.084000000000000000e+03
3.100000000000000000e+03
3.103000000000000000e+03
3.140000000000000000e+03
3.162000000000000000e+03
3.165000000000000000e+03
3.172000000000000000e+03
3.218000000000000000e+03
3.257000000000000000e+03
3.300000000000000000e+03
3.337000000000000000e+03
3.349000000000000000e+03
3.364000000000000000e+03
3.382000000000000000e+03
3.394000000000000000e+03
3.400000000000000000e+03
3.402000000000000000e+03
3.436000000000000000e+03
3.445000000000000000e+03
3.478000000000000000e+03
3.479000000000000000e+03
3.480000000000000000e+03
3.487000000000000000e+03
3.490000000000000000e+03
3.493000000000000000e+03
3.510000000000000000e+03
3.527000000000000000e+03
3.562000000000000000e+03
3.570000000000000000e+03
3.571000000000000000e+03
3.599000000000000000e+03
3.660000000000000000e+03
3.679000000000000000e+03
3.680000000000000000e+03
3.706000000000000000e+03
3.709000000000000000e+03
3.718000000000000000e+03
3.767000000000000000e+03
3.781000000000000000e+03
3.814000000000000000e+03
3.826000000000000000e+03
3.880000000000000000e+03
3.905000000000000000e+03
3.920000000000000000e+03
3.936000000000000000e+03
3.941000000000000000e+03
3.963000000000000000e+03
3.994000000000000000e+03
4.060000000000000000e+03
4.080000000000000000e+03
4.114000000000000000e+03
4.120000000000000000e+03
4.124000000000000000e+03
4.137000000000000000e+03
4.169000000000000000e+03
4.183000000000000000e+03
4.250000000000000000e+03
4.252000000000000000e+03
4.259000000000000000e+03
4.262000000000000000e+03
4.276000000000000000e+03
4.287000000000000000e+03
4.313000000000000000e+03
4.353000000000000000e+03
4.359000000000000000e+03
4.372000000000000000e+03
4.378000000000000000e+03
4.379000000000000000e+03
4.384000000000000000e+03
4.411000000000000000e+03
4.413000000000000000e+03
4.496000000000000000e+03
4.529000000000000000e+03
4.531000000000000000e+03
4.532000000000000000e+03
4.543000000000000000e+03
4.565000000000000000e+03
4.568000000000000000e+03
4.571000000000000000e+03
4.574000000000000000e+03
4.577000000000000000e+03
4.595000000000000000e+03
4.603000000000000000e+03
4.672000000000000000e+03
4.677000000000000000e+03
4.686000000000000000e+03
4.706000000000000000e+03
4.716000000000000000e+03
4.722000000000000000e+03
4.723000000000000000e+03
4.727000000000000000e+03
4.751000000000000000e+03
4.753000000000000000e+03
4.774000000000000000e+03
4.779000000000000000e+03
4.791000000000000000e+03
4.799000000000000000e+03
4.803000000000000000e+03
4.834000000000000000e+03
4.839000000000000000e+03
4.843000000000000000e+03
4.853000000000000000e+03
4.889000000000000000e+03
4.911000000000000000e+03
4.913000000000000000e+03
4.917000000000000000e+03
4.927000000000000000e+03
4.955000000000000000e+03
4.976000000000000000e+03
4.991000000000000000e+03
5.100000000000000000e+03
5.149000000000000000e+03
5.164000000000000000e+03
5.169000000000000000e+03
5.192000000000000000e+03
5.212000000000000000e+03
5.238000000000000000e+03
5.256000000000000000e+03
5.266000000000000000e+03
5.289000000000000000e+03
5.302000000000000000e+03
5.337000000000000000e+03
5.340000000000000000e+03
5.343000000000000000e+03
5.375000000000000000e+03
5.390000000000000000e+03
5.394000000000000000e+03
5.400000000000000000e+03
5.419000000000000000e+03
5.431000000000000000e+03
5.443000000000000000e+03
5.462000000000000000e+03
5.472000000000000000e+03
5.504000000000000000e+03
5.510000000000000000e+03
5.518000000000000000e+03
5.520000000000000000e+03
5.530000000000000000e+03
5.535000000000000000e+03
5.600000000000000000e+03
5.631000000000000000e+03
5.642000000000000000e+03
5.645000000000000000e+03
5.647000000000000000e+03
5.651000000000000000e+03
5.653000000000000000e+03
5.655000000000000000e+03
5.662000000000000000e+03
5.666000000000000000e+03
5.671000000000000000e+03
5.673000000000000000e+03
5.693000000000000000e+03
5.737000000000000000e+03
5.761000000000000000e+03
5.768000000000000000e+03
5.799000000000000000e+03
5.801000000000000000e+03
5.804000000000000000e+03
5.826000000000000000e+03
5.840000000000000000e+03
5.842000000000000000e+03
5.845000000000000000e+03
5.880000000000000000e+03
5.881000000000000000e+03
5.895000000000000000e+03
5.897000000000000000e+03
5.910000000000000000e+03
5.927000000000000000e+03
5.956000000000000000e+03
5.971000000000000000e+03
6.045000000000000000e+03
6.050000000000000000e+03
6.053000000000000000e+03
6.065000000000000000e+03
6.066000000000000000e+03
6.073000000000000000e+03
6.083000000000000000e+03
6.097000000000000000e+03
6.107000000000000000e+03
6.130000000000000000e+03
6.136000000000000000e+03
6.155000000000000000e+03
6.157000000000000000e+03
6.163000000000000000e+03
6.164000000000000000e+03
6.167000000000000000e+03
6.177000000000000000e+03
6.188000000000000000e+03
6.189000000000000000e+03
6.207000000000000000e+03
6.210000000000000000e+03
6.214000000000000000e+03
6.233000000000000000e+03
6.237000000000000000e+03
6.239000000000000000e+03
6.248000000000000000e+03
6.277000000000000000e+03
6.280000000000000000e+03
6.313000000000000000e+03
6.317000000000000000e+03
6.343000000000000000e+03
6.347000000000000000e+03
6.363000000000000000e+03
6.410000000000000000e+03
6.420000000000000000e+03
6.430000000000000000e+03
6.435000000000000000e+03
6.455000000000000000e+03
6.456000000000000000e+03
6.458000000000000000e+03
6.462000000000000000e+03
6.466000000000000000e+03
6.473000000000000000e+03
6.482000000000000000e+03
6.484000000000000000e+03
6.487000000000000000e+03
6.489000000000000000e+03
6.524000000000000000e+03
6.535000000000000000e+03
6.537000000000000000e+03
6.538000000000000000e+03
6.570000000000000000e+03
6.596000000000000000e+03
6.600000000000000000e+03
6.607000000000000000e+03
6.619000000000000000e+03
6.647000000000000000e+03
6.660000000000000000e+03
6.664000000000000000e+03
6.681000000000000000e+03
6.693000000000000000e+03
6.721000000000000000e+03
6.730000000000000000e+03
6.759000000000000000e+03
6.764000000000000000e+03
6.797000000000000000e+03
6.818000000000000000e+03
6.839000000000000000e+03
6.842000000000000000e+03
6.857000000000000000e+03
6.877000000000000000e+03
6.880000000000000000e+03
6.896000000000000000e+03
6.921000000000000000e+03
6.931000000000000000e+03
6.933000000000000000e+03
6.958000000000000000e+03
6.960000000000000000e+03
6.965000000000000000e+03
7.029000000000000000e+03
7.034000000000000000e+03
7.041000000000000000e+03
7.087000000000000000e+03
7.091000000000000000e+03
7.098000000000000000e+03
7.116000000000000000e+03
7.123000000000000000e+03
7.125000000000000000e+03
7.130000000000000000e+03
7.157000000000000000e+03
7.159000000000000000e+03
7.183000000000000000e+03
7.205000000000000000e+03
7.221000000000000000e+03
7.234000000000000000e+03
7.259000000000000000e+03
7.264000000000000000e+03
7.265000000000000000e+03
7.275000000000000000e+03
7.279000000000000000e+03
7.334000000000000000e+03
7.355000000000000000e+03
7.362000000000000000e+03
7.373000000000000000e+03
7.384000000000000000e+03
7.416000000000000000e+03
7.418000000000000000e+03
7.420000000000000000e+03
7.430000000000000000e+03
7.443000000000000000e+03
7.444000000000000000e+03
7.466000000000000000e+03
7.506000000000000000e+03
7.511000000000000000e+03
7.512000000000000000e+03
7.516000000000000000e+03
7.545000000000000000e+03
7.569000000000000000e+03
7.576000000000000000e+03
7.587000000000000000e+03
7.603000000000000000e+03
7.644000000000000000e+03
7.654000000000000000e+03
7.661000000000000000e+03
7.685000000000000000e+03
7.692000000000000000e+03
7.724000000000000000e+03
7.737000000000000000e+03
7.757000000000000000e+03
7.758000000000000000e+03
7.794000000000000000e+03
7.796000000000000000e+03
7.797000000000000000e+03
7.798000000000000000e+03
7.832000000000000000e+03
7.837000000000000000e+03
7.849000000000000000e+03
7.850000000000000000e+03
7.864000000000000000e+03
7.886000000000000000e+03
7.893000000000000000e+03
7.910000000000000000e+03
7.914000000000000000e+03
7.921000000000000000e+03
7.955000000000000000e+03
7.966000000000000000e+03
7.973000000000000000e+03
8.010000000000000000e+03
8.011000000000000000e+03
8.070000000000000000e+03
8.127000000000000000e+03
8.169000000000000000e+03
8.171000000000000000e+03
8.180000000000000000e+03
8.187000000000000000e+03
8.194000000000000000e+03
8.198000000000000000e+03
8.200000000000000000e+03
8.213000000000000000e+03
8.233000000000000000e+03
8.240000000000000000e+03
8.278000000000000000e+03
8.283000000000000000e+03
8.318000000000000000e+03
8.341000000000000000e+03
8.346000000000000000e+03
8.362000000000000000e+03
8.378000000000000000e+03
8.397000000000000000e+03
8.403000000000000000e+03
8.451000000000000000e+03
8.460000000000000000e+03
8.471000000000000000e+03
8.519000000000000000e+03
8.547000000000000000e+03
8.550000000000000000e+03
8.566000000000000000e+03
8.574000000000000000e+03
8.615000000000000000e+03
8.640000000000000000e+03
8.650000000000000000e+03
8.681000000000000000e+03
8.683000000000000000e+03
8.725000000000000000e+03
8.737000000000000000e+03
8.787000000000000000e+03
8.808000000000000000e+03
8.822000000000000000e+03
8.844000000000000000e+03
8.847000000000000000e+03
8.874000000000000000e+03
8.890000000000000000e+03
8.905000000000000000e+03
8.910000000000000000e+03
8.946000000000000000e+03
8.987000000000000000e+03
8.988000000000000000e+03
8.994000000000000000e+03
9.025000000000000000e+03
9.027000000000000000e+03
9.035000000000000000e+03
9.037000000000000000e+03
9.050000000000000000e+03
9.069000000000000000e+03
9.071000000000000000e+03
9.103000000000000000e+03
9.124000000000000000e+03
9.144000000000000000e+03
9.158000000000000000e+03
9.205000000000000000e+03
9.217000000000000000e+03
9.225000000000000000e+03
9.234000000000000000e+03
9.262000000000000000e+03
9.263000000000000000e+03
9.274000000000000000e+03
9.276000000000000000e+03
9.283000000000000000e+03
9.292000000000000000e+03
9.297000000000000000e+03
9.306000000000000000e+03
9.328000000000000000e+03
9.337000000000000000e+03
9.377000000000000000e+03
9.394000000000000000e+03
9.410000000000000000e+03
9.412000000000000000e+03
9.430000000000000000e+03
9.446000000000000000e+03
9.457000000000000000e+03
9.459000000000000000e+03
9.486000000000000000e+03
9.528000000000000000e+03
9.534000000000000000e+03
9.546000000000000000e+03
9.566000000000000000e+03
9.576000000000000000e+03
9.586000000000000000e+03
9.595000000000000000e+03
9.615000000000000000e+03
9.616000000000000000e+03
9.630000000000000000e+03
9.637000000000000000e+03
9.657000000000000000e+03
9.661000000000000000e+03
9.669000000000000000e+03
9.729000000000000000e+03
9.765000000000000000e+03
9.775000000000000000e+03
9.785000000000000000e+03
9.798000000000000000e+03
9.836000000000000000e+03
9.840000000000000000e+03
9.851000000000000000e+03
9.865000000000000000e+03
9.876000000000000000e+03
9.895000000000000000e+03
9.920000000000000000e+03
9.930000000000000000e+03
9.952000000000000000e+03
9.961000000000000000e+03
9.968000000000000000e+03
9.976000000000000000e+03
1.000800000000000000e+04
1.001200000000000000e+04
1.001600000000000000e+04
1.005800000000000000e+04
1.012400000000000000e+04
1.017200000000000000e+04
1.018600000000000000e+04
1.021300000000000000e+04
1.022800000000000000e+04
1.025200000000000000e+04
1.025500000000000000e+04
1.026200000000000000e+04
1.027300000000000000e+04
1.030400000000000000e+04
1.031400000000000000e+04
1.032600000000000000e+04
1.032900000000000000e+04
1.034300000000000000e+04
1.035600000000000000e+04
1.035800000000000000e+04
1.036200000000000000e+04
1.036300000000000000e+04
1.043800000000000000e+04
1.044100000000000000e+04
1.044200000000000000e+04
1.044600000000000000e+04
1.045200000000000000e+04
1.045300000000000000e+04
1.046100000000000000e+04
1.047000000000000000e+04
1.049400000000000000e+04
1.050200000000000000e+04
1.053500000000000000e+04
1.054300000000000000e+04
1.055900000000000000e+04
1.056200000000000000e+04
1.056900000000000000e+04
1.057000000000000000e+04
1.059000000000000000e+04
1.060100000000000000e+04
1.060500000000000000e+04
1.061000000000000000e+04
1.068300000000000000e+04
1.069000000000000000e+04
1.069900000000000000e+04
1.072500000000000000e+04
1.073900000000000000e+04
1.074500000000000000e+04
1.074800000000000000e+04
1.075000000000000000e+04
1.075800000000000000e+04
1.076900000000000000e+04
1.077100000000000000e+04
1.077500000000000000e+04
1.077900000000000000e+04
1.078300000000000000e+04
1.080300000000000000e+04
1.083100000000000000e+04
1.083200000000000000e+04
1.083900000000000000e+04
1.086700000000000000e+04
1.087000000000000000e+04
1.087200000000000000e+04
1.089600000000000000e+04
1.092200000000000000e+04
1.092700000000000000e+04
1.093500000000000000e+04
1.095100000000000000e+04
1.095400000000000000e+04
1.095600000000000000e+04
1.096100000000000000e+04
1.097300000000000000e+04
1.099100000000000000e+04
1.106900000000000000e+04
1.111800000000000000e+04
1.112900000000000000e+04
1.113100000000000000e+04
1.115200000000000000e+04
1.116500000000000000e+04
1.117200000000000000e+04
1.117800000000000000e+04
1.118100000000000000e+04
1.119700000000000000e+04
1.120300000000000000e+04
1.122100000000000000e+04
1.126900000000000000e+04
1.128300000000000000e+04
1.131000000000000000e+04
1.136800000000000000e+04
1.140100000000000000e+04
1.141900000000000000e+04
1.145400000000000000e+04
1.146700000000000000e+04
1.147200000000000000e+04
1.147500000000000000e+04
1.150200000000000000e+04
1.151900000000000000e+04
1.153200000000000000e+04
1.154700000000000000e+04
1.154900000000000000e+04
1.155700000000000000e+04
1.157400000000000000e+04
1.158600000000000000e+04
1.159700000000000000e+04
1.162500000000000000e+04
1.162700000000000000e+04
1.164600000000000000e+04
1.165200000000000000e+04
1.166000000000000000e+04
1.167200000000000000e+04
1.167400000000000000e+04
1.172100000000000000e+04
1.173900000000000000e+04
1.175900000000000000e+04
1.178500000000000000e+04
1.181500000000000000e+04
1.181900000000000000e+04
1.183300000000000000e+04
1.183500000000000000e+04
1.184300000000000000e+04
1.187000000000000000e+04
1.187600000000000000e+04
1.189400000000000000e+04
1.191200000000000000e+04
1.191500000000000000e+04
1.191600000000000000e+04
1.193800000000000000e+04
1.194100000000000000e+04
1.194600000000000000e+04
1.195300000000000000e+04
1.196000000000000000e+04
1.196200000000000000e+04
1.197400000000000000e+04
1.198900000000000000e+04
1.200400000000000000e+04
1.200500000000000000e+04
1.201000000000000000e+04
1.201400000000000000e+04
1.205100000000000000e+04
1.207300000000000000e+04
1.207600000000000000e+04
1.208400000000000000e+04
1.209000000000000000e+04
1.210300000000000000e+04
1.211400000000000000e+04
1.213500000000000000e+04
1.214400000000000000e+04
1.214900000000000000e+04
1.215700000000000000e+04
1.217500000000000000e+04
1.219700000000000000e+04
1.220300000000000000e+04
1.221200000000000000e+04
1.221700000000000000e+04
1.224100000000000000e+04
1.228500000000000000e+04
1.229000000000000000e+04
1.232500000000000000e+04
1.232600000000000000e+04
1.232700000000000000e+04
1.233500000000000000e+04
1.235200000000000000e+04
1.236500000000000000e+04
1.237100000000000000e+04
1.237500000000000000e+04
1.239100000000000000e+04
1.240400000000000000e+04
1.242500000000000000e+04
1.243600000000000000e+04
1.245600000000000000e+04
1.245900000000000000e+04
1.246300000000000000e+04
1.246800000000000000e+04
1.247400000000000000e+04
1.251400000000000000e+04
1.251800000000000000e+04
1.253600000000000000e+04
1.253900000000000000e+04
1.258700000000000000e+04
1.260600000000000000e+04
1.260800000000000000e+04
1.261200000000000000e+04
1.261400000000000000e+04
1.262000000000000000e+04
1.262200000000000000e+04
1.262400000000000000e+04
1.262800000000000000e+04
1.269700000000000000e+04
1.271500000000000000e+04
1.271900000000000000e+04
1.273000000000000000e+04
1.274400000000000000e+04
1.275200000000000000e+04
1.275700000000000000e+04
1.278700000000000000e+04
1.279000000000000000e+04
1.279400000000000000e+04
1.280000000000000000e+04
1.283300000000000000e+04
1.285600000000000000e+04
1.286100000000000000e+04
1.289900000000000000e+04
1.290600000000000000e+04
1.293000000000000000e+04
1.294600000000000000e+04
1.295300000000000000e+04
1.296300000000000000e+04
1.299300000000000000e+04
1.299500000000000000e+04
1.299600000000000000e+04
1.300300000000000000e+04
1.301400000000000000e+04
1.304100000000000000e+04
1.304500000000000000e+04
1.304600000000000000e+04
1.306500000000000000e+04
1.308500000000000000e+04
1.309400000000000000e+04
1.310200000000000000e+04
1.313000000000000000e+04
1.313400000000000000e+04
1.313800000000000000e+04
1.315600000000000000e+04
1.316600000000000000e+04
1.321300000000000000e+04
1.321700000000000000e+04
1.321900000000000000e+04
1.322700000000000000e+04
1.323800000000000000e+04
1.324400000000000000e+04
1.326700000000000000e+04
1.326900000000000000e+04
1.327700000000000000e+04
1.327800000000000000e+04
1.329000000000000000e+04
1.330200000000000000e+04
1.332000000000000000e+04
1.332100000000000000e+04
1.333300000000000000e+04
1.337100000000000000e+04
1.337200000000000000e+04
1.337800000000000000e+04
1.338500000000000000e+04
1.340200000000000000e+04
1.341800000000000000e+04
1.342000000000000000e+04
1.342700000000000000e+04
1.343300000000000000e+04
1.343600000000000000e+04
1.345600000000000000e+04
1.345800000000000000e+04
1.346100000000000000e+04
1.346400000000000000e+04
1.346700000000000000e+04
1.348900000000000000e+04
1.349900000000000000e+04
1.352500000000000000e+04
1.354100000000000000e+04
1.355800000000000000e+04
1.356400000000000000e+04
1.357400000000000000e+04
1.357900000000000000e+04
1.358800000000000000e+04
1.361000000000000000e+04
1.361400000000000000e+04
1.363800000000000000e+04
1.364500000000000000e+04
1.365300000000000000e+04
1.368400000000000000e+04
1.368500000000000000e+04
1.369000000000000000e+04
1.370000000000000000e+04
1.371600000000000000e+04
1.372800000000000000e+04
1.373000000000000000e+04
1.373900000000000000e+04
1.374100000000000000e+04
1.374300000000000000e+04
1.375800000000000000e+04
1.377500000000000000e+04
1.379400000000000000e+04
1.380100000000000000e+04
1.383200000000000000e+04
1.384800000000000000e+04
1.384900000000000000e+04
1.387600000000000000e+04
1.391700000000000000e+04
1.392100000000000000e+04
1.395500000000000000e+04
1.396700000000000000e+04
1.397800000000000000e+04
1.398800000000000000e+04
1.399800000000000000e+04
1.400200000000000000e+04
1.401300000000000000e+04
1.402800000000000000e+04
1.403000000000000000e+04
1.403600000000000000e+04
1.404000000000000000e+04
1.404200000000000000e+04
1.405400000000000000e+04
1.406000000000000000e+04
1.407900000000000000e+04
1.410100000000000000e+04
1.411600000000000000e+04
1.411900000000000000e+04
1.412800000000000000e+04
1.418800000000000000e+04
1.419100000000000000e+04
1.420800000000000000e+04
1.422000000000000000e+04
1.422400000000000000e+04
1.425200000000000000e+04
1.425900000000000000e+04
1.427200000000000000e+04
1.428000000000000000e+04
1.428200000000000000e+04
1.428800000000000000e+04
1.429600000000000000e+04
1.430500000000000000e+04
1.430700000000000000e+04
1.431400000000000000e+04
1.431500000000000000e+04
1.432800000000000000e+04
1.435100000000000000e+04
1.436800000000000000e+04
1.437200000000000000e+04
1.438200000000000000e+04
1.441100000000000000e+04
1.441200000000000000e+04
1.441900000000000000e+04
1.442900000000000000e+04
1.445100000000000000e+04
1.446500000000000000e+04
1.449600000000000000e+04
1.449900000000000000e+04
1.451900000000000000e+04
1.454900000000000000e+04
1.457500000000000000e+04
1.459000000000000000e+04
1.460800000000000000e+04
1.460900000000000000e+04
1.463200000000000000e+04
1.466100000000000000e+04
1.466600000000000000e+04
1.466800000000000000e+04
1.468500000000000000e+04
1.471800000000000000e+04
1.472300000000000000e+04
1.478800000000000000e+04
1.480500000000000000e+04
1.480800000000000000e+04
1.480900000000000000e+04
1.483300000000000000e+04
1.483800000000000000e+04
1.485500000000000000e+04
1.486600000000000000e+04
1.488400000000000000e+04
1.490000000000000000e+04
1.492600000000000000e+04
1.496800000000000000e+04
1.497000000000000000e+04
1.497200000000000000e+04
1.497400000000000000e+04
1.498600000000000000e+04
1.500200000000000000e+04
1.500800000000000000e+04
1.504300000000000000e+04
1.506400000000000000e+04
1.506500000000000000e+04
1.508800000000000000e+04
1.511300000000000000e+04
1.515000000000000000e+04
1.515300000000000000e+04
1.516000000000000000e+04
1.517300000000000000e+04
1.517400000000000000e+04
1.517800000000000000e+04
1.518500000000000000e+04
1.521100000000000000e+04
1.526300000000000000e+04
1.526800000000000000e+04
1.531000000000000000e+04
1.532200000000000000e+04
1.533300000000000000e+04
1.534800000000000000e+04
1.539700000000000000e+04
1.544600000000000000e+04
1.547300000000000000e+04
1.549500000000000000e+04
1.549900000000000000e+04
1.550000000000000000e+04
1.550800000000000000e+04
1.551800000000000000e+04
1.554500000000000000e+04
1.556500000000000000e+04
1.558000000000000000e+04
1.558500000000000000e+04
1.560800000000000000e+04
1.561000000000000000e+04
1.561300000000000000e+04
1.561600000000000000e+04
1.564400000000000000e+04
1.567800000000000000e+04
1.568300000000000000e+04
1.569300000000000000e+04
1.569500000000000000e+04
1.570900000000000000e+04
1.573600000000000000e+04
1.573700000000000000e+04
1.574400000000000000e+04
1.575100000000000000e+04
1.576900000000000000e+04
1.579600000000000000e+04
1.579900000000000000e+04
1.584400000000000000e+04
1.585100000000000000e+04
1.585600000000000000e+04
1.587300000000000000e+04
1.590600000000000000e+04
1.591400000000000000e+04
1.591700000000000000e+04
1.594500000000000000e+04
1.594600000000000000e+04
1.596500000000000000e+04
1.597500000000000000e+04
1.597800000000000000e+04
1.598900000000000000e+04
1.599100000000000000e+04
1.599700000000000000e+04
1.601500000000000000e+04
1.601800000000000000e+04
1.604100000000000000e+04
1.608400000000000000e+04
1.610300000000000000e+04
1.610600000000000000e+04
1.611300000000000000e+04
1.614400000000000000e+04
1.621300000000000000e+04
1.622000000000000000e+04
1.623600000000000000e+04
1.628400000000000000e+04
1.631400000000000000e+04
1.631500000000000000e+04
1.632200000000000000e+04
1.632500000000000000e+04
1.634500000000000000e+04
1.635600000000000000e+04
1.636300000000000000e+04
1.638700000000000000e+04
1.640700000000000000e+04
1.645100000000000000e+04
1.647000000000000000e+04
1.647800000000000000e+04
1.649000000000000000e+04
1.649300000000000000e+04
1.658700000000000000e+04
1.659300000000000000e+04
1.660100000000000000e+04
1.661700000000000000e+04
1.663500000000000000e+04
1.664200000000000000e+04
1.667200000000000000e+04
1.668500000000000000e+04
1.669600000000000000e+04
1.670000000000000000e+04
1.672200000000000000e+04
1.673900000000000000e+04
1.674700000000000000e+04
1.675500000000000000e+04
1.676100000000000000e+04
1.677500000000000000e+04
1.679700000000000000e+04
1.684000000000000000e+04
1.687500000000000000e+04
1.688000000000000000e+04
1.689000000000000000e+04
1.689400000000000000e+04
1.690900000000000000e+04
1.696000000000000000e+04
1.698200000000000000e+04
1.698300000000000000e+04
1.698500000000000000e+04
1.699400000000000000e+04
1.700400000000000000e+04
1.701300000000000000e+04
1.701700000000000000e+04
1.702600000000000000e+04
1.704000000000000000e+04
1.705100000000000000e+04
1.705300000000000000e+04
1.705900000000000000e+04
1.706800000000000000e+04
1.707800000000000000e+04
1.708100000000000000e+04
1.708400000000000000e+04
1.709500000000000000e+04
1.709800000000000000e+04
1.710300000000000000e+04
1.711200000000000000e+04
1.712400000000000000e+04
1.715600000000000000e+04
1.716200000000000000e+04
1.716900000000000000e+04
1.718500000000000000e+04
1.718900000000000000e+04
1.719100000000000000e+04
1.719500000000000000e+04
1.722600000000000000e+04
1.723600000000000000e+04
1.724500000000000000e+04
1.724700000000000000e+04
1.725500000000000000e+04
1.725800000000000000e+04
1.725900000000000000e+04
1.726100000000000000e+04
1.727200000000000000e+04
1.731300000000000000e+04
1.732200000000000000e+04
1.736400000000000000e+04
1.737200000000000000e+04
1.738900000000000000e+04
1.741000000000000000e+04
1.741500000000000000e+04
1.741700000000000000e+04
1.742600000000000000e+04
1.742800000000000000e+04
1.743600000000000000e+04
1.743900000000000000e+04
1.746700000000000000e+04
1.746900000000000000e+04
1.747300000000000000e+04
1.747900000000000000e+04
1.748100000000000000e+04
1.748700000000000000e+04
1.749400000000000000e+04
1.750200000000000000e+04
1.750300000000000000e+04
1.751300000000000000e+04
1.752000000000000000e+04
1.753100000000000000e+04
1.753500000000000000e+04
1.754800000000000000e+04
1.759500000000000000e+04
1.759900000000000000e+04
1.760100000000000000e+04
1.760400000000000000e+04
1.760700000000000000e+04
1.766000000000000000e+04
1.766800000000000000e+04
1.770300000000000000e+04
1.771800000000000000e+04
1.772600000000000000e+04
1.775000000000000000e+04
1.775300000000000000e+04
1.778800000000000000e+04
1.779400000000000000e+04
1.780700000000000000e+04
1.781900000000000000e+04
1.785300000000000000e+04
1.785600000000000000e+04
1.788500000000000000e+04
1.789000000000000000e+04
1.791100000000000000e+04
1.792000000000000000e+04
1.792600000000000000e+04
1.793300000000000000e+04
1.800000000000000000e+04
1.801400000000000000e+04
1.802800000000000000e+04
1.803400000000000000e+04
1.804100000000000000e+04
1.804600000000000000e+04
1.804800000000000000e+04
1.806100000000000000e+04
1.807300000000000000e+04
1.808400000000000000e+04
1.812000000000000000e+04
1.813200000000000000e+04
1.815000000000000000e+04
1.816800000000000000e+04
1.816900000000000000e+04
1.818300000000000000e+04
1.818700000000000000e+04
1.821700000000000000e+04
1.824300000000000000e+04
1.828200000000000000e+04
1.830000000000000000e+04
1.830200000000000000e+04
1.832600000000000000e+04
1.833000000000000000e+04
1.834200000000000000e+04
1.834700000000000000e+04
1.834800000000000000e+04
1.836100000000000000e+04
1.838500000000000000e+04
1.838600000000000000e+04
1.839600000000000000e+04
1.840700000000000000e+04
1.842500000000000000e+04
1.843800000000000000e+04
1.844100000000000000e+04
1.845600000000000000e+04
1.846100000000000000e+04
1.853700000000000000e+04
1.853800000000000000e+04
1.854000000000000000e+04
1.854300000000000000e+04
1.854800000000000000e+04
1.855800000000000000e+04
1.857400000000000000e+04
1.859000000000000000e+04
1.859300000000000000e+04
1.864000000000000000e+04
1.864100000000000000e+04
1.865100000000000000e+04
1.865400000000000000e+04
1.867600000000000000e+04
1.869100000000000000e+04
1.870000000000000000e+04
1.870300000000000000e+04
1.871300000000000000e+04
1.871700000000000000e+04
1.872900000000000000e+04
1.873300000000000000e+04
1.873500000000000000e+04
1.876900000000000000e+04
1.878000000000000000e+04
1.878500000000000000e+04
1.878900000000000000e+04
1.879300000000000000e+04
1.880500000000000000e+04
1.880800000000000000e+04
1.884700000000000000e+04
1.885200000000000000e+04
1.885300000000000000e+04
1.888200000000000000e+04
1.888400000000000000e+04
1.889400000000000000e+04
1.890000000000000000e+04
1.892500000000000000e+04
1.893100000000000000e+04
1.893200000000000000e+04
1.893400000000000000e+04
1.893700000000000000e+04
1.896600000000000000e+04
1.896800000000000000e+04
1.897200000000000000e+04
1.897600000000000000e+04
1.898200000000000000e+04
1.898700000000000000e+04
1.899500000000000000e+04
1.902000000000000000e+04
1.903700000000000000e+04
1.903800000000000000e+04
1.903900000000000000e+04
1.905300000000000000e+04
1.907200000000000000e+04
1.907500000000000000e+04
1.908300000000000000e+04
1.910700000000000000e+04
1.912700000000000000e+04
1.913200000000000000e+04
1.913700000000000000e+04
1.913800000000000000e+04
1.920100000000000000e+04
1.920700000000000000e+04
1.921900000000000000e+04
1.922500000000000000e+04
1.922800000000000000e+04
1.923600000000000000e+04
1.923700000000000000e+04
1.924200000000000000e+04
1.924400000000000000e+04
1.926400000000000000e+04
1.928300000000000000e+04
1.930800000000000000e+04
1.931000000000000000e+04
1.931600000000000000e+04
1.932200000000000000e+04
1.932700000000000000e+04
1.932800000000000000e+04
1.933100000000000000e+04
1.933200000000000000e+04
1.935300000000000000e+04
1.936100000000000000e+04
1.936500000000000000e+04
1.936600000000000000e+04
1.936800000000000000e+04
1.937300000000000000e+04
1.939000000000000000e+04
1.939400000000000000e+04
1.940500000000000000e+04
1.941100000000000000e+04
1.943900000000000000e+04
1.944700000000000000e+04
1.944900000000000000e+04
1.947600000000000000e+04
1.948200000000000000e+04
1.948600000000000000e+04
1.949700000000000000e+04
1.950600000000000000e+04
1.961400000000000000e+04
1.962000000000000000e+04
1.962300000000000000e+04
1.963300000000000000e+04
1.964000000000000000e+04
1.964200000000000000e+04
1.964400000000000000e+04
1.964500000000000000e+04
1.965100000000000000e+04
1.965200000000000000e+04
1.965800000000000000e+04
1.966200000000000000e+04
1.969800000000000000e+04
1.970900000000000000e+04
1.972400000000000000e+04
1.973200000000000000e+04
1.975700000000000000e+04
1.976200000000000000e+04
1.977200000000000000e+04
1.980500000000000000e+04
1.981000000000000000e+04
1.983100000000000000e+04
1.983300000000000000e+04
1.985000000000000000e+04
1.989300000000000000e+04
1.990100000000000000e+04
1.990200000000000000e+04
1.990700000000000000e+04
1.991700000000000000e+04
1.993600000000000000e+04
1.994100000000000000e+04
1.994300000000000000e+04
1.995500000000000000e+04
1.996600000000000000e+04
1.997000000000000000e+04
2.000500000000000000e+04
2.002800000000000000e+04
2.004200000000000000e+04
2.004700000000000000e+04
2.005800000000000000e+04
2.006000000000000000e+04
2.007200000000000000e+04
2.008600000000000000e+04
2.010100000000000000e+04
2.010200000000000000e+04
2.012200000000000000e+04
2.013700000000000000e+04
2.014700000000000000e+04
2.019100000000000000e+04
2.020000000000000000e+04
2.021200000000000000e+04
2.021400000000000000e+04
2.023100000000000000e+04
2.025300000000000000e+04
2.026100000000000000e+04
2.026200000000000000e+04
2.027000000000000000e+04
2.027700000000000000e+04
2.028200000000000000e+04
2.028700000000000000e+04
2.029300000000000000e+04
2.029600000000000000e+04
2.031100000000000000e+04
2.031400000000000000e+04
2.033700000000000000e+04
2.034700000000000000e+04
2.035000000000000000e+04
2.037000000000000000e+04
2.039200000000000000e+04
2.040000000000000000e+04
2.040200000000000000e+04
2.040500000000000000e+04
2.040900000000000000e+04
2.041200000000000000e+04
2.041300000000000000e+04
2.041400000000000000e+04
2.041700000000000000e+04
2.042300000000000000e+04
2.044100000000000000e+04
2.044700000000000000e+04
2.045200000000000000e+04
2.046400000000000000e+04
2.047200000000000000e+04
2.049400000000000000e+04
2.049700000000000000e+04
2.050700000000000000e+04
2.050800000000000000e+04
2.051000000000000000e+04
2.053100000000000000e+04
2.053200000000000000e+04
2.055200000000000000e+04
2.055400000000000000e+04
2.056200000000000000e+04
2.057100000000000000e+04
2.057200000000000000e+04
2.059300000000000000e+04
2.061400000000000000e+04
2.062500000000000000e+04
2.062800000000000000e+04
2.063000000000000000e+04
2.063800000000000000e+04
2.065600000000000000e+04
2.067000000000000000e+04
2.068400000000000000e+04
2.071400000000000000e+04
2.071700000000000000e+04
2.071900000000000000e+04
2.072200000000000000e+04
2.073200000000000000e+04
2.075800000000000000e+04
2.076300000000000000e+04
2.076900000000000000e+04
2.077000000000000000e+04
2.079100000000000000e+04
2.079900000000000000e+04
2.080200000000000000e+04
2.080400000000000000e+04
2.080900000000000000e+04
2.082400000000000000e+04
2.082800000000000000e+04
2.085400000000000000e+04
2.085500000000000000e+04
2.085900000000000000e+04
2.087000000000000000e+04
2.087300000000000000e+04
2.088300000000000000e+04
2.089000000000000000e+04
2.090000000000000000e+04
2.090500000000000000e+04
2.092100000000000000e+04
2.092200000000000000e+04
2.094200000000000000e+04
2.096300000000000000e+04
2.096400000000000000e+04
2.096800000000000000e+04
2.097500000000000000e+04
2.100000000000000000e+04
2.100500000000000000e+04
2.100600000000000000e+04
2.101200000000000000e+04
2.101300000000000000e+04
2.105500000000000000e+04
2.107600000000000000e+04
2.108600000000000000e+04
2.108700000000000000e+04
2.109300000000000000e+04
2.109700000000000000e+04
2.113000000000000000e+04
2.117800000000000000e+04
2.119800000000000000e+04
2.119900000000000000e+04
2.120000000000000000e+04
2.120500000000000000e+04
2.120800000000000000e+04
2.121800000000000000e+04
2.122500000000000000e+04
2.124300000000000000e+04
2.124400000000000000e+04
2.125800000000000000e+04
2.126700000000000000e+04
2.128000000000000000e+04
2.130200000000000000e+04
2.130300000000000000e+04
2.131100000000000000e+04
2.131200000000000000e+04
2.131900000000000000e+04
2.132300000000000000e+04
2.132500000000000000e+04
2.135300000000000000e+04
2.135900000000000000e+04
2.137300000000000000e+04
2.137600000000000000e+04
2.138700000000000000e+04
2.139400000000000000e+04
2.140300000000000000e+04
2.141100000000000000e+04
2.142500000000000000e+04
2.143800000000000000e+04
2.146700000000000000e+04
2.147600000000000000e+04
2.148300000000000000e+04
2.150000000000000000e+04
2.151500000000000000e+04
2.152900000000000000e+04
2.153800000000000000e+04
2.154000000000000000e+04
2.154400000000000000e+04
2.155100000000000000e+04
2.157200000000000000e+04
2.158000000000000000e+04
2.158300000000000000e+04
2.160500000000000000e+04
2.160700000000000000e+04
2.160800000000000000e+04
2.162700000000000000e+04
2.163900000000000000e+04
2.166300000000000000e+04
2.166600000000000000e+04
2.167800000000000000e+04
2.169600000000000000e+04
2.170300000000000000e+04
2.172000000000000000e+04
2.172500000000000000e+04
2.174700000000000000e+04
2.176600000000000000e+04
2.180800000000000000e+04
2.181500000000000000e+04
2.182000000000000000e+04
2.183100000000000000e+04
2.186400000000000000e+04
2.188700000000000000e+04
2.191100000000000000e+04
2.192200000000000000e+04
2.193800000000000000e+04
2.195200000000000000e+04
2.196000000000000000e+04
2.196200000000000000e+04
2.197600000000000000e+04
2.198600000000000000e+04
2.199900000000000000e+04
2.203400000000000000e+04
2.204900000000000000e+04
2.205600000000000000e+04
2.207000000000000000e+04
2.209400000000000000e+04
2.209500000000000000e+04
2.209900000000000000e+04
2.210000000000000000e+04
2.210200000000000000e+04
2.210700000000000000e+04
2.211100000000000000e+04
2.211400000000000000e+04
2.215300000000000000e+04
2.215700000000000000e+04
2.215900000000000000e+04
2.216000000000000000e+04
2.216300000000000000e+04
2.217300000000000000e+04
2.222500000000000000e+04
2.222900000000000000e+04
2.226400000000000000e+04
2.227000000000000000e+04
2.227100000000000000e+04
2.228300000000000000e+04
2.229500000000000000e+04
2.230000000000000000e+04
2.231400000000000000e+04
2.232800000000000000e+04
2.233100000000000000e+04
2.234500000000000000e+04
2.236000000000000000e+04
2.236400000000000000e+04
2.236800000000000000e+04
2.237200000000000000e+04
2.237400000000000000e+04
2.237700000000000000e+04
2.239600000000000000e+04
2.239700000000000000e+04
2.241000000000000000e+04
2.241700000000000000e+04
2.242100000000000000e+04
2.243000000000000000e+04
2.243200000000000000e+04
2.244600000000000000e+04
2.244800000000000000e+04
2.245000000000000000e+04
2.247000000000000000e+04
2.247400000000000000e+04
2.249600000000000000e+04
2.250700000000000000e+04
2.251400000000000000e+04
2.256900000000000000e+04
2.257400000000000000e+04
2.257600000000000000e+04
2.258700000000000000e+04
2.259600000000000000e+04
2.261300000000000000e+04
2.262000000000000000e+04
2.263000000000000000e+04
2.264400000000000000e+04
2.265900000000000000e+04
2.268100000000000000e+04
2.268200000000000000e+04
2.268300000000000000e+04
2.268800000000000000e+04
2.268900000000000000e+04
2.270200000000000000e+04
2.272100000000000000e+04
2.272800000000000000e+04
2.273600000000000000e+04
2.275600000000000000e+04
2.279000000000000000e+04
2.283500000000000000e+04
2.286300000000000000e+04
2.287400000000000000e+04
2.287500000000000000e+04
2.287700000000000000e+04
2.290000000000000000e+04
2.290400000000000000e+04
2.290700000000000000e+04
2.291000000000000000e+04
2.291100000000000000e+04
2.291800000000000000e+04
2.292400000000000000e+04
2.292600000000000000e+04
2.293400000000000000e+04
2.294100000000000000e+04
2.295700000000000000e+04
2.296000000000000000e+04
2.296400000000000000e+04
2.297200000000000000e+04
2.299800000000000000e+04
2.301800000000000000e+04
2.301900000000000000e+04
2.303400000000000000e+04
2.304600000000000000e+04
2.304700000000000000e+04
2.305000000000000000e+04
2.305400000000000000e+04
2.305900000000000000e+04
2.306600000000000000e+04
2.306800000000000000e+04
2.306900000000000000e+04
2.307700000000000000e+04
2.309000000000000000e+04
2.310300000000000000e+04
2.311100000000000000e+04
2.311200000000000000e+04
2.311300000000000000e+04
2.312600000000000000e+04
2.315100000000000000e+04
2.315300000000000000e+04
2.318500000000000000e+04
2.320000000000000000e+04
2.320700000000000000e+04
2.323100000000000000e+04
2.323300000000000000e+04
2.324400000000000000e+04
2.324900000000000000e+04
2.328100000000000000e+04
2.328900000000000000e+04
2.329400000000000000e+04
2.331400000000000000e+04
2.333700000000000000e+04
2.334300000000000000e+04
2.334400000000000000e+04
2.335400000000000000e+04
2.335800000000000000e+04
2.338300000000000000e+04
2.339100000000000000e+04
2.339300000000000000e+04
2.339400000000000000e+04
2.340200000000000000e+04
2.340900000000000000e+04
2.341600000000000000e+04
2.341800000000000000e+04
2.342400000000000000e+04
2.343900000000000000e+04
2.344000000000000000e+04
2.344200000000000000e+04
2.345200000000000000e+04
2.345500000000000000e+04
2.346500000000000000e+04
2.348100000000000000e+04
2.351500000000000000e+04
2.353800000000000000e+04
2.355100000000000000e+04
2.356000000000000000e+04
2.356100000000000000e+04
2.356200000000000000e+04
2.356500000000000000e+04
2.356700000000000000e+04
2.356800000000000000e+04
2.357200000000000000e+04
2.358000000000000000e+04
2.358500000000000000e+04
2.359700000000000000e+04
2.359800000000000000e+04
2.360800000000000000e+04
2.363800000000000000e+04
2.364100000000000000e+04
2.365100000000000000e+04
2.365700000000000000e+04
2.366500000000000000e+04
2.367900000000000000e+04
2.370300000000000000e+04
2.372600000000000000e+04
2.373800000000000000e+04
2.376000000000000000e+04
2.376200000000000000e+04
2.377000000000000000e+04
2.377100000000000000e+04
2.377300000000000000e+04
2.377500000000000000e+04
2.378300000000000000e+04
2.379700000000000000e+04
2.380500000000000000e+04
2.380600000000000000e+04
2.381000000000000000e+04
2.381500000000000000e+04
2.382900000000000000e+04
2.383300000000000000e+04
2.384000000000000000e+04
2.385800000000000000e+04
2.386300000000000000e+04
2.386600000000000000e+04
2.387900000000000000e+04
2.389100000000000000e+04
2.389700000000000000e+04
2.390200000000000000e+04
2.391000000000000000e+04
2.391700000000000000e+04
2.394000000000000000e+04
2.396000000000000000e+04
2.396100000000000000e+04
2.396800000000000000e+04
2.397800000000000000e+04
2.397900000000000000e+04
2.398100000000000000e+04
2.398300000000000000e+04
2.398900000000000000e+04
2.399200000000000000e+04
2.400700000000000000e+04
2.401200000000000000e+04
2.401700000000000000e+04
2.402200000000000000e+04
2.402600000000000000e+04
2.404600000000000000e+04
2.405300000000000000e+04
2.405800000000000000e+04
2.407500000000000000e+04
2.408100000000000000e+04
2.409500000000000000e+04
2.409600000000000000e+04
2.410300000000000000e+04
2.413000000000000000e+04
2.413200000000000000e+04
2.415200000000000000e+04
2.415300000000000000e+04
2.416000000000000000e+04
2.416400000000000000e+04
2.417700000000000000e+04
2.418100000000000000e+04
2.419500000000000000e+04
2.423300000000000000e+04
2.423900000000000000e+04
2.424900000000000000e+04
2.425200000000000000e+04
2.427800000000000000e+04
2.428100000000000000e+04
2.428300000000000000e+04
2.428500000000000000e+04
2.435100000000000000e+04
2.435800000000000000e+04
2.437200000000000000e+04
2.438300000000000000e+04
2.439100000000000000e+04
2.440000000000000000e+04
2.440400000000000000e+04
2.442400000000000000e+04
2.442800000000000000e+04
2.445400000000000000e+04
2.446000000000000000e+04
2.446800000000000000e+04
2.447300000000000000e+04
2.448100000000000000e+04
2.449300000000000000e+04
2.450500000000000000e+04
2.451600000000000000e+04
2.453000000000000000e+04
2.453600000000000000e+04
2.453800000000000000e+04
2.454200000000000000e+04
2.454500000000000000e+04
2.454600000000000000e+04
2.455100000000000000e+04
2.458700000000000000e+04
2.459300000000000000e+04
2.459800000000000000e+04
2.460300000000000000e+04
2.466800000000000000e+04
2.468500000000000000e+04
2.470000000000000000e+04
2.474000000000000000e+04
2.474400000000000000e+04
2.475800000000000000e+04
2.476100000000000000e+04
2.476700000000000000e+04
2.477000000000000000e+04
2.477600000000000000e+04
2.479200000000000000e+04
2.479800000000000000e+04
2.480900000000000000e+04
2.481900000000000000e+04
2.482300000000000000e+04
2.483300000000000000e+04
2.485700000000000000e+04
2.485900000000000000e+04
2.486100000000000000e+04
2.486300000000000000e+04
2.488400000000000000e+04
2.488600000000000000e+04
2.491700000000000000e+04
2.492300000000000000e+04
2.492500000000000000e+04
2.494600000000000000e+04
2.496300000000000000e+04
2.498200000000000000e+04
2.498400000000000000e+04
2.500300000000000000e+04
2.502200000000000000e+04
2.502700000000000000e+04
2.503400000000000000e+04
2.503900000000000000e+04
2.504000000000000000e+04
2.504200000000000000e+04
2.505100000000000000e+04
2.508100000000000000e+04
2.509600000000000000e+04
2.510100000000000000e+04
2.510400000000000000e+04
2.510700000000000000e+04
2.510900000000000000e+04
2.512800000000000000e+04
2.516200000000000000e+04
2.516300000000000000e+04
2.519300000000000000e+04
2.519400000000000000e+04
2.519700000000000000e+04
2.520000000000000000e+04
2.520200000000000000e+04
2.520800000000000000e+04
2.521000000000000000e+04
2.521200000000000000e+04
2.521500000000000000e+04
2.522500000000000000e+04
2.522700000000000000e+04
2.524700000000000000e+04
2.524900000000000000e+04
2.525500000000000000e+04
2.526700000000000000e+04
2.527100000000000000e+04
2.529200000000000000e+04
2.530200000000000000e+04
2.531800000000000000e+04
2.533100000000000000e+04
2.537100000000000000e+04
2.537300000000000000e+04
2.537600000000000000e+04
2.538800000000000000e+04
2.544900000000000000e+04
2.546400000000000000e+04
2.548400000000000000e+04
2.549000000000000000e+04
2.550600000000000000e+04
2.553500000000000000e+04
2.554400000000000000e+04
2.554600000000000000e+04
2.556000000000000000e+04
2.558000000000000000e+04
2.558300000000000000e+04
2.559400000000000000e+04
2.559900000000000000e+04
2.560400000000000000e+04
2.561900000000000000e+04
2.562900000000000000e+04
2.563600000000000000e+04
2.565600000000000000e+04
2.569400000000000000e+04
2.570000000000000000e+04
2.570200000000000000e+04
2.570500000000000000e+04
2.571200000000000000e+04
2.571700000000000000e+04
2.571900000000000000e+04
2.572700000000000000e+04
2.572800000000000000e+04
2.573100000000000000e+04
2.574200000000000000e+04
2.576000000000000000e+04
2.576300000000000000e+04
2.577600000000000000e+04
2.581200000000000000e+04
2.582600000000000000e+04
2.582800000000000000e+04
2.583200000000000000e+04
2.584500000000000000e+04
2.584900000000000000e+04
2.585100000000000000e+04
2.585300000000000000e+04
2.586100000000000000e+04
2.586900000000000000e+04
2.587000000000000000e+04
2.587600000000000000e+04
2.588900000000000000e+04
2.589200000000000000e+04
2.590200000000000000e+04
2.590700000000000000e+04
2.592100000000000000e+04
2.593600000000000000e+04
2.593800000000000000e+04
2.594200000000000000e+04
2.595300000000000000e+04
2.595800000000000000e+04
2.602000000000000000e+04
2.603700000000000000e+04
2.604600000000000000e+04
2.605300000000000000e+04
2.606200000000000000e+04
2.607100000000000000e+04
2.608600000000000000e+04
2.608800000000000000e+04
2.610200000000000000e+04
2.610700000000000000e+04
2.611500000000000000e+04
2.613400000000000000e+04
2.613800000000000000e+04
2.618200000000000000e+04
2.618800000000000000e+04
2.622200000000000000e+04
2.624600000000000000e+04
2.624900000000000000e+04
2.625100000000000000e+04
2.625300000000000000e+04
2.625600000000000000e+04
2.625700000000000000e+04
2.626700000000000000e+04
2.627000000000000000e+04
2.627100000000000000e+04
2.627800000000000000e+04
2.628100000000000000e+04
2.630400000000000000e+04
2.630500000000000000e+04
2.634100000000000000e+04
2.634500000000000000e+04
2.634800000000000000e+04
2.635500000000000000e+04
2.636300000000000000e+04
2.638600000000000000e+04
2.640300000000000000e+04
2.641100000000000000e+04
2.645200000000000000e+04
2.646300000000000000e+04
2.648600000000000000e+04
2.650300000000000000e+04
2.652600000000000000e+04
2.655400000000000000e+04
2.657700000000000000e+04
2.660300000000000000e+04
2.660900000000000000e+04
2.661200000000000000e+04
2.662700000000000000e+04
2.662800000000000000e+04
2.663200000000000000e+04
2.663700000000000000e+04
2.664600000000000000e+04
2.664700000000000000e+04
2.664900000000000000e+04
2.665900000000000000e+04
2.666100000000000000e+04
2.668500000000000000e+04
2.668600000000000000e+04
2.668900000000000000e+04
2.669000000000000000e+04
2.669300000000000000e+04
2.669700000000000000e+04
2.669900000000000000e+04
2.671900000000000000e+04
2.672400000000000000e+04
2.674600000000000000e+04
2.675300000000000000e+04
2.675600000000000000e+04
2.677400000000000000e+04
2.677500000000000000e+04
2.678700000000000000e+04
2.679800000000000000e+04
2.680600000000000000e+04
2.681100000000000000e+04
2.683300000000000000e+04
2.683400000000000000e+04
2.683500000000000000e+04
2.685600000000000000e+04
2.685800000000000000e+04
2.687800000000000000e+04
2.688000000000000000e+04
2.688200000000000000e+04
2.688600000000000000e+04
2.690700000000000000e+04
2.691100000000000000e+04
2.691400000000000000e+04
2.694200000000000000e+04
2.694500000000000000e+04
2.695500000000000000e+04
2.696100000000000000e+04
2.697900000000000000e+04
2.701100000000000000e+04
2.702100000000000000e+04
2.703400000000000000e+04
2.703600000000000000e+04
2.707100000000000000e+04
2.708900000000000000e+04
2.711600000000000000e+04
2.711900000000000000e+04
2.712700000000000000e+04
2.712900000000000000e+04
2.714100000000000000e+04
2.714300000000000000e+04
2.714600000000000000e+04
2.714900000000000000e+04
2.715600000000000000e+04
2.716500000000000000e+04
2.719600000000000000e+04
2.720200000000000000e+04
2.721100000000000000e+04
2.721300000000000000e+04
2.723100000000000000e+04
2.723500000000000000e+04
2.723800000000000000e+04
2.724100000000000000e+04
2.724300000000000000e+04
2.724700000000000000e+04
2.726500000000000000e+04
2.726700000000000000e+04
2.727900000000000000e+04
2.729300000000000000e+04
2.730500000000000000e+04
2.731400000000000000e+04
2.732200000000000000e+04
2.732400000000000000e+04
2.733700000000000000e+04
2.737000000000000000e+04
2.737700000000000000e+04
2.738100000000000000e+04
2.738800000000000000e+04
2.740100000000000000e+04
2.742500000000000000e+04
2.743100000000000000e+04
2.745100000000000000e+04
2.745600000000000000e+04
2.745800000000000000e+04
2.746500000000000000e+04
2.747700000000000000e+04
2.748200000000000000e+04
2.751400000000000000e+04
2.751700000000000000e+04
2.753200000000000000e+04
2.756400000000000000e+04
2.760000000000000000e+04
2.760100000000000000e+04
2.760200000000000000e+04
2.761200000000000000e+04
2.761900000000000000e+04
2.762200000000000000e+04
2.763500000000000000e+04
2.764000000000000000e+04
2.766500000000000000e+04
2.767300000000000000e+04
2.768200000000000000e+04
2.769700000000000000e+04
2.770700000000000000e+04
2.770900000000000000e+04
2.772000000000000000e+04
2.773000000000000000e+04
2.774200000000000000e+04
2.775400000000000000e+04
2.777800000000000000e+04
2.780700000000000000e+04
2.782300000000000000e+04
2.784000000000000000e+04
2.785600000000000000e+04
2.786000000000000000e+04
2.786200000000000000e+04
2.787300000000000000e+04
2.787700000000000000e+04
2.788400000000000000e+04
2.790300000000000000e+04
2.790800000000000000e+04
2.791200000000000000e+04
2.792700000000000000e+04
2.793300000000000000e+04
2.794800000000000000e+04
2.795100000000000000e+04
2.796800000000000000e+04
2.801600000000000000e+04
2.801900000000000000e+04
2.802800000000000000e+04
2.805000000000000000e+04
2.806800000000000000e+04
2.809000000000000000e+04
2.810000000000000000e+04
2.810900000000000000e+04
2.811300000000000000e+04
2.812500000000000000e+04
2.814200000000000000e+04
2.814400000000000000e+04
2.814800000000000000e+04
2.815100000000000000e+04
2.816400000000000000e+04
2.818000000000000000e+04
2.820700000000000000e+04
2.821900000000000000e+04
2.822200000000000000e+04
2.822800000000000000e+04
2.823700000000000000e+04
2.824000000000000000e+04
2.825500000000000000e+04
2.826900000000000000e+04
2.827300000000000000e+04
2.828900000000000000e+04
2.831400000000000000e+04
2.832400000000000000e+04
2.832700000000000000e+04
2.836200000000000000e+04
2.837600000000000000e+04
2.837700000000000000e+04
2.839200000000000000e+04
2.839400000000000000e+04
2.839800000000000000e+04
2.841700000000000000e+04
2.842400000000000000e+04
2.843100000000000000e+04
2.846000000000000000e+04
2.847600000000000000e+04
2.848800000000000000e+04
2.849000000000000000e+04
2.849900000000000000e+04
2.852600000000000000e+04
2.854000000000000000e+04
2.854100000000000000e+04
2.855700000000000000e+04
2.856400000000000000e+04
2.857700000000000000e+04
2.861400000000000000e+04
2.862500000000000000e+04
2.864400000000000000e+04
2.865700000000000000e+04
2.869200000000000000e+04
2.870000000000000000e+04
2.871700000000000000e+04
2.872300000000000000e+04
2.872700000000000000e+04
2.872800000000000000e+04
2.874800000000000000e+04
2.876300000000000000e+04
2.877100000000000000e+04
2.879300000000000000e+04
2.879900000000000000e+04
2.881500000000000000e+04
2.881800000000000000e+04
2.883000000000000000e+04
2.883700000000000000e+04
2.884600000000000000e+04
2.884900000000000000e+04
2.885100000000000000e+04
2.886800000000000000e+04
2.887500000000000000e+04
2.893300000000000000e+04
2.893600000000000000e+04
2.894900000000000000e+04
2.895300000000000000e+04
2.896500000000000000e+04
2.897800000000000000e+04
2.898600000000000000e+04
2.899000000000000000e+04
2.899300000000000000e+04
2.900000000000000000e+04
2.902300000000000000e+04
2.902900000000000000e+04
2.903500000000000000e+04
2.905500000000000000e+04
2.906800000000000000e+04
2.907500000000000000e+04
2.907600000000000000e+04
2.907700000000000000e+04
2.909100000000000000e+04
2.914900000000000000e+04
2.915100000000000000e+04
2.920600000000000000e+04
2.920900000000000000e+04
2.921900000000000000e+04
2.922000000000000000e+04
2.924900000000000000e+04
2.925500000000000000e+04
2.926200000000000000e+04
2.926600000000000000e+04
2.927300000000000000e+04
2.930000000000000000e+04
2.931000000000000000e+04
2.931400000000000000e+04
2.931500000000000000e+04
2.932300000000000000e+04
2.935100000000000000e+04
2.936000000000000000e+04
2.936100000000000000e+04
2.938000000000000000e+04
2.940000000000000000e+04
2.940200000000000000e+04
2.940700000000000000e+04
2.942700000000000000e+04
2.943300000000000000e+04
2.944200000000000000e+04
2.945400000000000000e+04
2.946100000000000000e+04
2.946500000000000000e+04
2.947000000000000000e+04
2.947400000000000000e+04
2.947800000000000000e+04
2.949500000000000000e+04
2.949800000000000000e+04
2.951800000000000000e+04
2.955100000000000000e+04
2.955300000000000000e+04
2.956600000000000000e+04
2.959100000000000000e+04
2.960700000000000000e+04
2.960800000000000000e+04
2.962700000000000000e+04
2.963300000000000000e+04
2.963700000000000000e+04
2.965000000000000000e+04
2.965300000000000000e+04
2.966400000000000000e+04
2.967000000000000000e+04
2.967800000000000000e+04
2.968300000000000000e+04
2.968600000000000000e+04
2.969900000000000000e+04
2.970100000000000000e+04
2.971400000000000000e+04
2.973300000000000000e+04
2.973900000000000000e+04
2.974900000000000000e+04
2.976900000000000000e+04
2.977200000000000000e+04
2.977400000000000000e+04
2.979800000000000000e+04
2.980700000000000000e+04
2.981000000000000000e+04
2.981500000000000000e+04
2.982000000000000000e+04
2.983000000000000000e+04
2.983100000000000000e+04
2.983500000000000000e+04
2.987500000000000000e+04
2.987700000000000000e+04
2.988000000000000000e+04
2.990100000000000000e+04
2.990800000000000000e+04
2.991000000000000000e+04
2.991700000000000000e+04
2.991900000000000000e+04
2.992800000000000000e+04
2.993700000000000000e+04
2.994300000000000000e+04
2.995600000000000000e+04
2.996200000000000000e+04
2.997600000000000000e+04
2.998400000000000000e+04
3.000200000000000000e+04
3.005200000000000000e+04
3.006400000000000000e+04
3.006500000000000000e+04
3.008100000000000000e+04
3.008200000000000000e+04
3.008300000000000000e+04
3.008600000000000000e+04
3.008700000000000000e+04
3.009400000000000000e+04
3.011200000000000000e+04
3.011400000000000000e+04
3.012700000000000000e+04
3.014500000000000000e+04
3.015100000000000000e+04
3.015600000000000000e+04
3.016700000000000000e+04
3.017700000000000000e+04
3.017800000000000000e+04
3.018800000000000000e+04
3.019800000000000000e+04
3.020400000000000000e+04
3.023100000000000000e+04
3.023200000000000000e+04
3.023500000000000000e+04
3.023700000000000000e+04
3.023800000000000000e+04
3.024300000000000000e+04
3.024700000000000000e+04
3.026500000000000000e+04
3.026900000000000000e+04
3.027100000000000000e+04
3.027400000000000000e+04
3.028400000000000000e+04
3.028500000000000000e+04
3.029000000000000000e+04
3.029300000000000000e+04
3.031100000000000000e+04
3.032000000000000000e+04
3.032300000000000000e+04
3.033600000000000000e+04
3.034500000000000000e+04
3.034700000000000000e+04
3.036100000000000000e+04
3.036800000000000000e+04
3.037400000000000000e+04
3.039600000000000000e+04
3.039900000000000000e+04
3.040300000000000000e+04
3.040400000000000000e+04
3.041800000000000000e+04
3.043100000000000000e+04
3.043200000000000000e+04
3.044800000000000000e+04
3.045900000000000000e+04
3.046000000000000000e+04
3.046300000000000000e+04
3.047400000000000000e+04
3.047700000000000000e+04
3.048100000000000000e+04
3.050200000000000000e+04
3.050400000000000000e+04
3.054400000000000000e+04
3.055100000000000000e+04
3.055400000000000000e+04
3.057200000000000000e+04
3.057400000000000000e+04
3.058100000000000000e+04
3.062000000000000000e+04
3.063300000000000000e+04
3.064100000000000000e+04
3.064900000000000000e+04
3.066800000000000000e+04
3.068000000000000000e+04
3.068100000000000000e+04
3.068500000000000000e+04
3.069600000000000000e+04
3.070600000000000000e+04
3.071200000000000000e+04
3.073000000000000000e+04
3.073800000000000000e+04
3.074200000000000000e+04
3.074400000000000000e+04
3.074500000000000000e+04
3.075500000000000000e+04
3.076900000000000000e+04
3.079100000000000000e+04
3.080800000000000000e+04
3.081700000000000000e+04
3.082800000000000000e+04
3.085300000000000000e+04
3.090800000000000000e+04
3.091300000000000000e+04
3.091500000000000000e+04
3.092200000000000000e+04
3.094000000000000000e+04
3.095000000000000000e+04
3.095300000000000000e+04
3.095800000000000000e+04
3.097400000000000000e+04
3.097600000000000000e+04
3.097800000000000000e+04
3.097900000000000000e+04
3.098300000000000000e+04
3.098600000000000000e+04
3.099400000000000000e+04
3.099600000000000000e+04
3.099800000000000000e+04
3.100000000000000000e+04
3.101600000000000000e+04
3.104400000000000000e+04
3.104800000000000000e+04
3.105500000000000000e+04
3.106500000000000000e+04
3.106600000000000000e+04
3.106700000000000000e+04
3.107200000000000000e+04
3.108900000000000000e+04
3.109200000000000000e+04
3.109900000000000000e+04
3.110200000000000000e+04
3.110800000000000000e+04
3.111500000000000000e+04
3.111900000000000000e+04
3.114000000000000000e+04
3.114400000000000000e+04
3.115500000000000000e+04
3.115600000000000000e+04
3.116700000000000000e+04
3.117900000000000000e+04
3.119800000000000000e+04
3.120800000000000000e+04
3.121300000000000000e+04
3.121400000000000000e+04
3.122500000000000000e+04
3.127600000000000000e+04
3.130200000000000000e+04
3.130800000000000000e+04
3.131500000000000000e+04
3.133400000000000000e+04
3.133500000000000000e+04
3.134000000000000000e+04
3.134600000000000000e+04
3.135400000000000000e+04
3.135700000000000000e+04
3.137400000000000000e+04
3.138200000000000000e+04
3.138900000000000000e+04
3.139100000000000000e+04
3.140600000000000000e+04
3.142200000000000000e+04
3.142300000000000000e+04
3.144000000000000000e+04
3.147700000000000000e+04
3.148400000000000000e+04
3.152600000000000000e+04
3.154300000000000000e+04
3.154700000000000000e+04
3.155900000000000000e+04
3.156900000000000000e+04
3.157000000000000000e+04
3.159900000000000000e+04
3.160100000000000000e+04
3.161000000000000000e+04
3.161600000000000000e+04
3.161700000000000000e+04
3.162100000000000000e+04
3.163600000000000000e+04
3.164000000000000000e+04
3.166300000000000000e+04
3.166800000000000000e+04
3.169600000000000000e+04
3.169800000000000000e+04
3.169900000000000000e+04
3.171300000000000000e+04
3.171800000000000000e+04
3.173500000000000000e+04
3.174000000000000000e+04
3.174500000000000000e+04
3.175300000000000000e+04
3.176000000000000000e+04
3.176700000000000000e+04
3.177500000000000000e+04
3.177700000000000000e+04
3.178600000000000000e+04
3.179100000000000000e+04
3.179300000000000000e+04
3.180100000000000000e+04
3.181300000000000000e+04
3.181800000000000000e+04
3.182400000000000000e+04
3.184300000000000000e+04
3.186800000000000000e+04
3.186900000000000000e+04
3.187100000000000000e+04
3.187700000000000000e+04
3.187800000000000000e+04
3.187900000000000000e+04
3.189300000000000000e+04
3.190000000000000000e+04
3.190700000000000000e+04
3.190900000000000000e+04
3.191200000000000000e+04
3.191600000000000000e+04
3.192100000000000000e+04
3.194000000000000000e+04
3.194900000000000000e+04
3.195300000000000000e+04
3.197800000000000000e+04
3.198100000000000000e+04
3.198600000000000000e+04
3.198900000000000000e+04
3.199200000000000000e+04
3.201100000000000000e+04
3.201800000000000000e+04
3.202600000000000000e+04
3.202800000000000000e+04
3.203200000000000000e+04
3.203500000000000000e+04
3.203800000000000000e+04
3.209300000000000000e+04
3.209700000000000000e+04
3.210800000000000000e+04
3.213800000000000000e+04
3.214000000000000000e+04
3.214200000000000000e+04
3.215700000000000000e+04
3.215900000000000000e+04
3.217700000000000000e+04
3.218300000000000000e+04
3.218600000000000000e+04
3.219300000000000000e+04
3.220200000000000000e+04
3.220800000000000000e+04
3.222400000000000000e+04
3.222600000000000000e+04
3.222900000000000000e+04
3.226500000000000000e+04
3.227200000000000000e+04
3.228800000000000000e+04
3.229700000000000000e+04
3.230200000000000000e+04
3.230300000000000000e+04
3.230800000000000000e+04
3.231200000000000000e+04
3.233300000000000000e+04
3.235900000000000000e+04
3.237000000000000000e+04
3.238900000000000000e+04
3.240300000000000000e+04
3.240400000000000000e+04
3.240600000000000000e+04
3.246100000000000000e+04
3.246200000000000000e+04
3.246300000000000000e+04
3.246400000000000000e+04
3.247300000000000000e+04
3.249000000000000000e+04
3.250000000000000000e+04
3.250100000000000000e+04
3.251800000000000000e+04
3.252800000000000000e+04
3.254000000000000000e+04
3.255800000000000000e+04
3.257900000000000000e+04
3.260200000000000000e+04
3.261400000000000000e+04
3.262500000000000000e+04
3.262900000000000000e+04
3.266200000000000000e+04
3.268500000000000000e+04
3.268800000000000000e+04
3.271900000000000000e+04
3.274900000000000000e+04
3.275200000000000000e+04
3.275500000000000000e+04
3.276800000000000000e+04
3.278000000000000000e+04
3.278200000000000000e+04
3.278300000000000000e+04
3.279300000000000000e+04
3.279700000000000000e+04
3.282100000000000000e+04
3.282500000000000000e+04
3.283200000000000000e+04
3.283900000000000000e+04
3.284100000000000000e+04
3.285600000000000000e+04
3.285900000000000000e+04
3.286300000000000000e+04
3.286700000000000000e+04
3.287400000000000000e+04
3.288700000000000000e+04
3.290000000000000000e+04
3.290300000000000000e+04
3.292200000000000000e+04
3.292300000000000000e+04
3.292500000000000000e+04
3.293600000000000000e+04
3.294500000000000000e+04
3.298200000000000000e+04
3.299700000000000000e+04
3.301900000000000000e+04
3.302500000000000000e+04
3.303500000000000000e+04
3.304100000000000000e+04
3.304300000000000000e+04
3.304800000000000000e+04
3.307000000000000000e+04
3.307200000000000000e+04
3.307700000000000000e+04
3.307800000000000000e+04
3.309000000000000000e+04
3.311000000000000000e+04
3.311200000000000000e+04
3.311500000000000000e+04
3.313300000000000000e+04
3.315000000000000000e+04
3.317400000000000000e+04
3.317500000000000000e+04
3.317700000000000000e+04
3.318100000000000000e+04
3.318300000000000000e+04
3.320200000000000000e+04
3.320900000000000000e+04
3.321000000000000000e+04
3.322400000000000000e+04
3.322500000000000000e+04
3.322900000000000000e+04
3.323400000000000000e+04
3.326700000000000000e+04
3.333500000000000000e+04
3.337900000000000000e+04
3.338600000000000000e+04
3.339500000000000000e+04
3.340400000000000000e+04
3.340900000000000000e+04
3.342300000000000000e+04
3.343800000000000000e+04
3.345200000000000000e+04
3.346700000000000000e+04
3.348800000000000000e+04
3.349600000000000000e+04
3.352500000000000000e+04
3.353800000000000000e+04
3.354200000000000000e+04
3.355400000000000000e+04
3.356000000000000000e+04
3.359800000000000000e+04
3.361200000000000000e+04
3.362100000000000000e+04
3.362700000000000000e+04
3.363900000000000000e+04
3.364500000000000000e+04
3.366100000000000000e+04
3.367600000000000000e+04
3.369900000000000000e+04
3.374300000000000000e+04
3.376500000000000000e+04
3.377300000000000000e+04
3.377600000000000000e+04
3.377800000000000000e+04
3.377900000000000000e+04
3.378500000000000000e+04
3.378600000000000000e+04
3.379200000000000000e+04
3.379700000000000000e+04
3.380600000000000000e+04
3.380700000000000000e+04
3.381300000000000000e+04
3.381900000000000000e+04
3.385200000000000000e+04
3.386500000000000000e+04
3.386900000000000000e+04
3.388500000000000000e+04
3.389500000000000000e+04
3.389700000000000000e+04
3.390500000000000000e+04
3.390600000000000000e+04
3.391200000000000000e+04
3.393900000000000000e+04
3.396000000000000000e+04
3.396900000000000000e+04
3.398600000000000000e+04
3.399600000000000000e+04
3.400000000000000000e+04
3.400400000000000000e+04
3.402200000000000000e+04
3.403100000000000000e+04
3.403300000000000000e+04
3.406100000000000000e+04
3.407300000000000000e+04
3.409400000000000000e+04
3.412800000000000000e+04
3.413600000000000000e+04
3.414400000000000000e+04
3.417400000000000000e+04
3.419700000000000000e+04
3.420900000000000000e+04
3.422500000000000000e+04
3.423700000000000000e+04
3.426000000000000000e+04
3.427300000000000000e+04
3.428000000000000000e+04
3.429000000000000000e+04
3.429300000000000000e+04
3.429700000000000000e+04
3.430900000000000000e+04
3.431400000000000000e+04
3.432800000000000000e+04
3.433500000000000000e+04
3.433700000000000000e+04
3.434900000000000000e+04
3.435500000000000000e+04
3.435900000000000000e+04
3.436100000000000000e+04
3.436300000000000000e+04
3.437800000000000000e+04
3.438700000000000000e+04
3.438800000000000000e+04
3.440300000000000000e+04
3.441200000000000000e+04
3.441700000000000000e+04
3.443500000000000000e+04
3.443600000000000000e+04
3.444700000000000000e+04
3.445200000000000000e+04
3.445900000000000000e+04
3.446300000000000000e+04
3.446600000000000000e+04
3.449200000000000000e+04
