2.000000000000000000e+00
6.000000000000000000e+00
1.400000000000000000e+01
1.500000000000000000e+01
1.700000000000000000e+01
2.300000000000000000e+01
3.000000000000000000e+01
3.100000000000000000e+01
3.300000000000000000e+01
3.800000000000000000e+01
5.000000000000000000e+01
6.400000000000000000e+01
6.500000000000000000e+01
8.200000000000000000e+01
8.700000000000000000e+01
9.200000000000000000e+01
9.900000000000000000e+01
1.060000000000000000e+02
1.160000000000000000e+02
1.190000000000000000e+02
1.200000000000000000e+02
1.210000000000000000e+02
1.250000000000000000e+02
1.290000000000000000e+02
1.380000000000000000e+02
1.510000000000000000e+02
1.520000000000000000e+02
1.540000000000000000e+02
1.650000000000000000e+02
1.720000000000000000e+02
1.730000000000000000e+02
1.750000000000000000e+02
1.760000000000000000e+02
1.780000000000000000e+02
1.800000000000000000e+02
1.950000000000000000e+02
1.980000000000000000e+02
2.080000000000000000e+02
2.100000000000000000e+02
2.160000000000000000e+02
2.170000000000000000e+02
2.190000000000000000e+02
2.220000000000000000e+02
2.230000000000000000e+02
2.240000000000000000e+02
2.390000000000000000e+02
2.430000000000000000e+02
2.500000000000000000e+02
2.630000000000000000e+02
2.650000000000000000e+02
2.670000000000000000e+02
2.680000000000000000e+02
2.700000000000000000e+02
2.750000000000000000e+02
2.790000000000000000e+02
2.920000000000000000e+02
2.970000000000000000e+02
3.040000000000000000e+02
3.050000000000000000e+02
3.100000000000000000e+02
3.140000000000000000e+02
3.180000000000000000e+02
3.190000000000000000e+02
3.210000000000000000e+02
3.290000000000000000e+02
3.430000000000000000e+02
3.510000000000000000e+02
3.520000000000000000e+02
3.550000000000000000e+02
3.570000000000000000e+02
3.670000000000000000e+02
3.700000000000000000e+02
3.760000000000000000e+02
3.780000000000000000e+02
3.820000000000000000e+02
3.870000000000000000e+02
3.960000000000000000e+02
4.110000000000000000e+02
4.130000000000000000e+02
4.150000000000000000e+02
4.160000000000000000e+02
4.280000000000000000e+02
4.330000000000000000e+02
4.350000000000000000e+02
4.360000000000000000e+02
4.390000000000000000e+02
4.410000000000000000e+02
4.550000000000000000e+02
4.670000000000000000e+02
4.700000000000000000e+02
4.720000000000000000e+02
4.760000000000000000e+02
4.790000000000000000e+02
4.800000000000000000e+02
4.900000000000000000e+02
4.930000000000000000e+02
4.980000000000000000e+02
5.120000000000000000e+02
5.170000000000000000e+02
5.210000000000000000e+02
5.230000000000000000e+02
5.320000000000000000e+02
5.360000000000000000e+02
5.420000000000000000e+02
5.490000000000000000e+02
5.530000000000000000e+02
5.550000000000000000e+02
5.600000000000000000e+02
5.630000000000000000e+02
5.660000000000000000e+02
5.700000000000000000e+02
5.720000000000000000e+02
5.740000000000000000e+02
5.880000000000000000e+02
5.890000000000000000e+02
6.010000000000000000e+02
6.040000000000000000e+02
6.220000000000000000e+02
6.240000000000000000e+02
6.290000000000000000e+02
6.360000000000000000e+02
6.470000000000000000e+02
6.630000000000000000e+02
6.700000000000000000e+02
6.760000000000000000e+02
6.790000000000000000e+02
6.830000000000000000e+02
6.840000000000000000e+02
6.940000000000000000e+02
7.050000000000000000e+02
7.070000000000000000e+02
7.240000000000000000e+02
7.280000000000000000e+02
7.350000000000000000e+02
7.390000000000000000e+02
7.400000000000000000e+02
7.410000000000000000e+02
7.450000000000000000e+02
7.470000000000000000e+02
7.520000000000000000e+02
7.530000000000000000e+02
7.550000000000000000e+02
7.600000000000000000e+02
7.640000000000000000e+02
7.830000000000000000e+02
7.870000000000000000e+02
7.880000000000000000e+02
7.900000000000000000e+02
7.990000000000000000e+02
8.010000000000000000e+02
8.040000000000000000e+02
8.120000000000000000e+02
8.160000000000000000e+02
8.180000000000000000e+02
8.270000000000000000e+02
8.280000000000000000e+02
8.320000000000000000e+02
8.400000000000000000e+02
8.410000000000000000e+02
8.490000000000000000e+02
8.550000000000000000e+02
8.580000000000000000e+02
8.630000000000000000e+02
8.680000000000000000e+02
8.730000000000000000e+02
8.750000000000000000e+02
8.790000000000000000e+02
8.820000000000000000e+02
8.840000000000000000e+02
8.860000000000000000e+02
8.910000000000000000e+02
8.920000000000000000e+02
9.020000000000000000e+02
9.060000000000000000e+02
9.320000000000000000e+02
9.420000000000000000e+02
9.530000000000000000e+02
9.620000000000000000e+02
9.750000000000000000e+02
9.760000000000000000e+02
9.770000000000000000e+02
9.830000000000000000e+02
9.860000000000000000e+02
9.890000000000000000e+02
9.940000000000000000e+02
9.950000000000000000e+02
1.006000000000000000e+03
1.011000000000000000e+03
1.016000000000000000e+03
1.027000000000000000e+03
1.032000000000000000e+03
1.042000000000000000e+03
1.044000000000000000e+03
1.045000000000000000e+03
1.057000000000000000e+03
1.062000000000000000e+03
1.067000000000000000e+03
1.072000000000000000e+03
1.089000000000000000e+03
1.091000000000000000e+03
1.092000000000000000e+03
1.106000000000000000e+03
1.112000000000000000e+03
1.113000000000000000e+03
1.116000000000000000e+03
1.124000000000000000e+03
1.134000000000000000e+03
1.138000000000000000e+03
1.141000000000000000e+03
1.143000000000000000e+03
1.150000000000000000e+03
1.152000000000000000e+03
1.159000000000000000e+03
1.161000000000000000e+03
1.163000000000000000e+03
1.170000000000000000e+03
1.175000000000000000e+03
1.176000000000000000e+03
1.178000000000000000e+03
1.187000000000000000e+03
1.195000000000000000e+03
1.199000000000000000e+03
1.200000000000000000e+03
1.201000000000000000e+03
1.205000000000000000e+03
1.206000000000000000e+03
1.217000000000000000e+03
1.243000000000000000e+03
1.255000000000000000e+03
1.262000000000000000e+03
1.269000000000000000e+03
1.274000000000000000e+03
1.275000000000000000e+03
1.281000000000000000e+03
1.290000000000000000e+03
1.298000000000000000e+03
1.301000000000000000e+03
1.306000000000000000e+03
1.310000000000000000e+03
1.317000000000000000e+03
1.330000000000000000e+03
1.345000000000000000e+03
1.347000000000000000e+03
1.349000000000000000e+03
1.358000000000000000e+03
1.359000000000000000e+03
1.361000000000000000e+03
1.363000000000000000e+03
1.366000000000000000e+03
1.367000000000000000e+03
1.372000000000000000e+03
1.374000000000000000e+03
1.395000000000000000e+03
1.397000000000000000e+03
1.400000000000000000e+03
1.403000000000000000e+03
1.411000000000000000e+03
1.415000000000000000e+03
1.425000000000000000e+03
1.440000000000000000e+03
1.447000000000000000e+03
1.464000000000000000e+03
1.465000000000000000e+03
1.466000000000000000e+03
1.468000000000000000e+03
1.474000000000000000e+03
1.475000000000000000e+03
1.480000000000000000e+03
1.486000000000000000e+03
1.502000000000000000e+03
1.507000000000000000e+03
1.510000000000000000e+03
1.514000000000000000e+03
1.518000000000000000e+03
1.520000000000000000e+03
1.523000000000000000e+03
1.550000000000000000e+03
1.560000000000000000e+03
1.565000000000000000e+03
1.574000000000000000e+03
1.576000000000000000e+03
1.577000000000000000e+03
1.583000000000000000e+03
1.595000000000000000e+03
1.602000000000000000e+03
1.606000000000000000e+03
1.612000000000000000e+03
1.626000000000000000e+03
1.627000000000000000e+03
1.633000000000000000e+03
1.647000000000000000e+03
1.652000000000000000e+03
1.657000000000000000e+03
1.662000000000000000e+03
1.665000000000000000e+03
1.668000000000000000e+03
1.684000000000000000e+03
1.698000000000000000e+03
1.705000000000000000e+03
1.714000000000000000e+03
1.719000000000000000e+03
1.722000000000000000e+03
1.733000000000000000e+03
1.742000000000000000e+03
1.747000000000000000e+03
1.762000000000000000e+03
1.766000000000000000e+03
1.767000000000000000e+03
1.769000000000000000e+03
1.781000000000000000e+03
1.798000000000000000e+03
1.804000000000000000e+03
1.810000000000000000e+03
1.824000000000000000e+03
1.832000000000000000e+03
1.839000000000000000e+03
1.868000000000000000e+03
1.900000000000000000e+03
1.906000000000000000e+03
1.908000000000000000e+03
1.914000000000000000e+03
1.915000000000000000e+03
1.922000000000000000e+03
1.963000000000000000e+03
1.978000000000000000e+03
1.987000000000000000e+03
1.995000000000000000e+03
2.001000000000000000e+03
2.017000000000000000e+03
2.066000000000000000e+03
2.069000000000000000e+03
2.079000000000000000e+03
2.097000000000000000e+03
2.106000000000000000e+03
2.124000000000000000e+03
2.169000000000000000e+03
2.176000000000000000e+03
2.181000000000000000e+03
2.187000000000000000e+03
2.189000000000000000e+03
2.190000000000000000e+03
2.217000000000000000e+03
2.230000000000000000e+03
2.238000000000000000e+03
2.239000000000000000e+03
2.298000000000000000e+03
2.315000000000000000e+03
2.321000000000000000e+03
2.334000000000000000e+03
2.344000000000000000e+03
2.393000000000000000e+03
2.414000000000000000e+03
2.464000000000000000e+03
2.468000000000000000e+03
2.470000000000000000e+03
2.474000000000000000e+03
2.476000000000000000e+03
2.501000000000000000e+03
2.513000000000000000e+03
2.515000000000000000e+03
2.536000000000000000e+03
2.552000000000000000e+03
2.563000000000000000e+03
2.577000000000000000e+03
2.587000000000000000e+03
2.606000000000000000e+03
2.612000000000000000e+03
2.621000000000000000e+03
2.623000000000000000e+03
2.638000000000000000e+03
2.652000000000000000e+03
2.656000000000000000e+03
2.660000000000000000e+03
2.662000000000000000e+03
2.665000000000000000e+03
2.667000000000000000e+03
2.676000000000000000e+03
2.680000000000000000e+03
2.686000000000000000e+03
2.690000000000000000e+03
2.693000000000000000e+03
2.702000000000000000e+03
2.724000000000000000e+03
2.731000000000000000e+03
2.743000000000000000e+03
2.744000000000000000e+03
2.764000000000000000e+03
2.795000000000000000e+03
2.802000000000000000e+03
2.807000000000000000e+03
2.838000000000000000e+03
2.842000000000000000e+03
2.850000000000000000e+03
2.852000000000000000e+03
2.863000000000000000e+03
2.886000000000000000e+03
2.899000000000000000e+03
2.954000000000000000e+03
2.959000000000000000e+03
2.964000000000000000e+03
2.982000000000000000e+03
2.988000000000000000e+03
2.991000000000000000e+03
2.995000000000000000e+03
3.004000000000000000e+03
3.016000000000000000e+03
3.019000000000000000e+03
3.038000000000000000e+03
3.056000000000000000e+03
3.061000000000000000e+03
3.068000000000000000e+03
3.082000000000000000e+03
3.083000000000000000e+03
3.112000000000000000e+03
3.115000000000000000e+03
3.117000000000000000e+03
3.126000000000000000e+03
3.129000000000000000e+03
3.137000000000000000e+03
3.144000000000000000e+03
3.157000000000000000e+03
3.174000000000000000e+03
3.181000000000000000e+03
3.184000000000000000e+03
3.186000000000000000e+03
3.203000000000000000e+03
3.221000000000000000e+03
3.224000000000000000e+03
3.237000000000000000e+03
3.254000000000000000e+03
3.255000000000000000e+03
3.283000000000000000e+03
3.294000000000000000e+03
3.295000000000000000e+03
3.298000000000000000e+03
3.310000000000000000e+03
3.318000000000000000e+03
3.320000000000000000e+03
3.340000000000000000e+03
3.350000000000000000e+03
3.353000000000000000e+03
3.362000000000000000e+03
3.373000000000000000e+03
3.393000000000000000e+03
3.395000000000000000e+03
3.405000000000000000e+03
3.406000000000000000e+03
3.415000000000000000e+03
3.434000000000000000e+03
3.465000000000000000e+03
3.481000000000000000e+03
3.494000000000000000e+03
3.496000000000000000e+03
3.497000000000000000e+03
3.502000000000000000e+03
3.503000000000000000e+03
3.507000000000000000e+03
3.523000000000000000e+03
3.524000000000000000e+03
3.535000000000000000e+03
3.540000000000000000e+03
3.541000000000000000e+03
3.543000000000000000e+03
3.546000000000000000e+03
3.577000000000000000e+03
3.579000000000000000e+03
3.623000000000000000e+03
3.635000000000000000e+03
3.639000000000000000e+03
3.641000000000000000e+03
3.661000000000000000e+03
3.684000000000000000e+03
3.689000000000000000e+03
3.690000000000000000e+03
3.691000000000000000e+03
3.693000000000000000e+03
3.700000000000000000e+03
3.702000000000000000e+03
3.720000000000000000e+03
3.722000000000000000e+03
3.726000000000000000e+03
3.732000000000000000e+03
3.734000000000000000e+03
3.736000000000000000e+03
3.740000000000000000e+03
3.746000000000000000e+03
3.747000000000000000e+03
3.751000000000000000e+03
3.754000000000000000e+03
3.757000000000000000e+03
3.760000000000000000e+03
3.771000000000000000e+03
3.773000000000000000e+03
3.809000000000000000e+03
3.818000000000000000e+03
3.831000000000000000e+03
3.834000000000000000e+03
3.840000000000000000e+03
3.845000000000000000e+03
3.848000000000000000e+03
3.849000000000000000e+03
3.851000000000000000e+03
3.856000000000000000e+03
3.864000000000000000e+03
3.874000000000000000e+03
3.899000000000000000e+03
3.908000000000000000e+03
3.925000000000000000e+03
3.935000000000000000e+03
3.937000000000000000e+03
3.945000000000000000e+03
3.950000000000000000e+03
3.954000000000000000e+03
3.965000000000000000e+03
3.997000000000000000e+03
3.998000000000000000e+03
4.009000000000000000e+03
4.012000000000000000e+03
4.022000000000000000e+03
4.045000000000000000e+03
4.058000000000000000e+03
4.064000000000000000e+03
4.066000000000000000e+03
4.069000000000000000e+03
4.088000000000000000e+03
4.093000000000000000e+03
4.099000000000000000e+03
4.102000000000000000e+03
4.154000000000000000e+03
4.156000000000000000e+03
4.167000000000000000e+03
4.171000000000000000e+03
4.187000000000000000e+03
4.190000000000000000e+03
4.222000000000000000e+03
4.235000000000000000e+03
4.238000000000000000e+03
4.245000000000000000e+03
4.256000000000000000e+03
4.258000000000000000e+03
4.274000000000000000e+03
4.277000000000000000e+03
4.288000000000000000e+03
4.296000000000000000e+03
4.330000000000000000e+03
4.331000000000000000e+03
4.339000000000000000e+03
4.364000000000000000e+03
4.366000000000000000e+03
4.385000000000000000e+03
4.393000000000000000e+03
4.401000000000000000e+03
4.403000000000000000e+03
4.406000000000000000e+03
4.416000000000000000e+03
4.422000000000000000e+03
4.435000000000000000e+03
4.439000000000000000e+03
4.450000000000000000e+03
4.452000000000000000e+03
4.465000000000000000e+03
4.471000000000000000e+03
4.478000000000000000e+03
4.485000000000000000e+03
4.500000000000000000e+03
4.509000000000000000e+03
4.514000000000000000e+03
4.518000000000000000e+03
4.549000000000000000e+03
4.550000000000000000e+03
4.588000000000000000e+03
4.597000000000000000e+03
4.611000000000000000e+03
4.617000000000000000e+03
4.623000000000000000e+03
4.629000000000000000e+03
4.645000000000000000e+03
4.685000000000000000e+03
4.695000000000000000e+03
4.700000000000000000e+03
4.704000000000000000e+03
4.708000000000000000e+03
4.715000000000000000e+03
4.734000000000000000e+03
4.743000000000000000e+03
4.759000000000000000e+03
4.765000000000000000e+03
4.794000000000000000e+03
4.805000000000000000e+03
4.808000000000000000e+03
4.826000000000000000e+03
4.870000000000000000e+03
4.875000000000000000e+03
4.876000000000000000e+03
4.897000000000000000e+03
4.901000000000000000e+03
4.907000000000000000e+03
4.914000000000000000e+03
4.937000000000000000e+03
4.941000000000000000e+03
4.953000000000000000e+03
4.961000000000000000e+03
4.975000000000000000e+03
4.984000000000000000e+03
4.997000000000000000e+03
5.000000000000000000e+03
5.031000000000000000e+03
5.036000000000000000e+03
5.046000000000000000e+03
5.053000000000000000e+03
5.057000000000000000e+03
5.064000000000000000e+03
5.071000000000000000e+03
5.076000000000000000e+03
5.077000000000000000e+03
5.119000000000000000e+03
5.174000000000000000e+03
5.183000000000000000e+03
5.203000000000000000e+03
5.205000000000000000e+03
5.224000000000000000e+03
5.227000000000000000e+03
5.239000000000000000e+03
5.240000000000000000e+03
5.251000000000000000e+03
5.265000000000000000e+03
5.277000000000000000e+03
5.283000000000000000e+03
5.305000000000000000e+03
5.316000000000000000e+03
5.358000000000000000e+03
5.361000000000000000e+03
5.364000000000000000e+03
5.405000000000000000e+03
5.421000000000000000e+03
5.428000000000000000e+03
5.432000000000000000e+03
5.437000000000000000e+03
5.464000000000000000e+03
5.476000000000000000e+03
5.479000000000000000e+03
5.485000000000000000e+03
5.491000000000000000e+03
5.495000000000000000e+03
5.519000000000000000e+03
5.537000000000000000e+03
5.538000000000000000e+03
5.552000000000000000e+03
5.557000000000000000e+03
5.563000000000000000e+03
5.599000000000000000e+03
5.604000000000000000e+03
5.619000000000000000e+03
5.633000000000000000e+03
5.640000000000000000e+03
5.654000000000000000e+03
5.658000000000000000e+03
5.681000000000000000e+03
5.694000000000000000e+03
5.701000000000000000e+03
5.702000000000000000e+03
5.711000000000000000e+03
5.718000000000000000e+03
5.735000000000000000e+03
5.754000000000000000e+03
5.764000000000000000e+03
5.765000000000000000e+03
5.780000000000000000e+03
5.790000000000000000e+03
5.812000000000000000e+03
5.837000000000000000e+03
5.859000000000000000e+03
5.860000000000000000e+03
5.864000000000000000e+03
5.869000000000000000e+03
5.902000000000000000e+03
5.914000000000000000e+03
5.924000000000000000e+03
5.937000000000000000e+03
5.939000000000000000e+03
5.943000000000000000e+03
5.954000000000000000e+03
5.972000000000000000e+03
5.978000000000000000e+03
5.988000000000000000e+03
6.014000000000000000e+03
6.042000000000000000e+03
6.047000000000000000e+03
6.069000000000000000e+03
6.080000000000000000e+03
6.098000000000000000e+03
6.108000000000000000e+03
6.109000000000000000e+03
6.116000000000000000e+03
6.131000000000000000e+03
6.146000000000000000e+03
6.149000000000000000e+03
6.153000000000000000e+03
6.194000000000000000e+03
6.197000000000000000e+03
6.201000000000000000e+03
6.205000000000000000e+03
6.206000000000000000e+03
6.216000000000000000e+03
6.220000000000000000e+03
6.223000000000000000e+03
6.227000000000000000e+03
6.229000000000000000e+03
6.241000000000000000e+03
6.250000000000000000e+03
6.251000000000000000e+03
6.282000000000000000e+03
6.301000000000000000e+03
6.332000000000000000e+03
6.341000000000000000e+03
6.345000000000000000e+03
6.361000000000000000e+03
6.362000000000000000e+03
6.367000000000000000e+03
6.395000000000000000e+03
6.398000000000000000e+03
6.407000000000000000e+03
6.419000000000000000e+03
6.444000000000000000e+03
6.449000000000000000e+03
6.468000000000000000e+03
6.480000000000000000e+03
6.493000000000000000e+03
6.514000000000000000e+03
6.515000000000000000e+03
6.518000000000000000e+03
6.526000000000000000e+03
6.527000000000000000e+03
6.532000000000000000e+03
6.565000000000000000e+03
6.566000000000000000e+03
6.571000000000000000e+03
6.572000000000000000e+03
6.586000000000000000e+03
6.595000000000000000e+03
6.597000000000000000e+03
6.604000000000000000e+03
6.606000000000000000e+03
6.612000000000000000e+03
6.618000000000000000e+03
6.636000000000000000e+03
6.639000000000000000e+03
6.640000000000000000e+03
6.643000000000000000e+03
6.646000000000000000e+03
6.651000000000000000e+03
6.671000000000000000e+03
6.680000000000000000e+03
6.685000000000000000e+03
6.701000000000000000e+03
6.777000000000000000e+03
6.779000000000000000e+03
6.786000000000000000e+03
6.788000000000000000e+03
6.796000000000000000e+03
6.814000000000000000e+03
6.858000000000000000e+03
6.874000000000000000e+03
6.901000000000000000e+03
6.905000000000000000e+03
6.914000000000000000e+03
6.924000000000000000e+03
6.925000000000000000e+03
6.947000000000000000e+03
6.961000000000000000e+03
6.963000000000000000e+03
6.970000000000000000e+03
6.972000000000000000e+03
6.983000000000000000e+03
6.991000000000000000e+03
6.994000000000000000e+03
7.005000000000000000e+03
7.011000000000000000e+03
7.014000000000000000e+03
7.048000000000000000e+03
7.056000000000000000e+03
7.057000000000000000e+03
7.062000000000000000e+03
7.064000000000000000e+03
7.068000000000000000e+03
7.102000000000000000e+03
7.121000000000000000e+03
7.122000000000000000e+03
7.131000000000000000e+03
7.132000000000000000e+03
7.137000000000000000e+03
7.155000000000000000e+03
7.161000000000000000e+03
7.171000000000000000e+03
7.184000000000000000e+03
7.190000000000000000e+03
7.202000000000000000e+03
7.222000000000000000e+03
7.255000000000000000e+03
7.270000000000000000e+03
7.282000000000000000e+03
7.322000000000000000e+03
7.337000000000000000e+03
7.343000000000000000e+03
7.391000000000000000e+03
7.404000000000000000e+03
7.408000000000000000e+03
7.437000000000000000e+03
7.449000000000000000e+03
7.460000000000000000e+03
7.471000000000000000e+03
7.473000000000000000e+03
7.485000000000000000e+03
7.495000000000000000e+03
7.505000000000000000e+03
7.529000000000000000e+03
7.554000000000000000e+03
7.556000000000000000e+03
7.566000000000000000e+03
7.567000000000000000e+03
7.577000000000000000e+03
7.584000000000000000e+03
7.630000000000000000e+03
7.643000000000000000e+03
7.652000000000000000e+03
7.658000000000000000e+03
7.670000000000000000e+03
7.672000000000000000e+03
7.675000000000000000e+03
7.696000000000000000e+03
7.697000000000000000e+03
7.706000000000000000e+03
7.715000000000000000e+03
7.723000000000000000e+03
7.736000000000000000e+03
7.750000000000000000e+03
7.752000000000000000e+03
7.755000000000000000e+03
7.756000000000000000e+03
7.762000000000000000e+03
7.763000000000000000e+03
7.774000000000000000e+03
7.792000000000000000e+03
7.799000000000000000e+03
7.803000000000000000e+03
7.808000000000000000e+03
7.810000000000000000e+03
7.813000000000000000e+03
7.818000000000000000e+03
7.826000000000000000e+03
7.827000000000000000e+03
7.834000000000000000e+03
7.836000000000000000e+03
7.848000000000000000e+03
7.912000000000000000e+03
7.920000000000000000e+03
7.937000000000000000e+03
7.938000000000000000e+03
7.939000000000000000e+03
7.963000000000000000e+03
7.969000000000000000e+03
7.971000000000000000e+03
7.981000000000000000e+03
7.986000000000000000e+03
7.993000000000000000e+03
7.996000000000000000e+03
8.006000000000000000e+03
8.019000000000000000e+03
8.022000000000000000e+03
8.041000000000000000e+03
8.046000000000000000e+03
8.071000000000000000e+03
8.079000000000000000e+03
8.086000000000000000e+03
8.098000000000000000e+03
8.100000000000000000e+03
8.101000000000000000e+03
8.113000000000000000e+03
8.114000000000000000e+03
8.121000000000000000e+03
8.146000000000000000e+03
8.162000000000000000e+03
8.175000000000000000e+03
8.176000000000000000e+03
8.196000000000000000e+03
8.199000000000000000e+03
8.206000000000000000e+03
8.210000000000000000e+03
8.238000000000000000e+03
8.245000000000000000e+03
8.267000000000000000e+03
8.272000000000000000e+03
8.274000000000000000e+03
8.281000000000000000e+03
8.293000000000000000e+03
8.308000000000000000e+03
8.337000000000000000e+03
8.350000000000000000e+03
8.358000000000000000e+03
8.363000000000000000e+03
8.368000000000000000e+03
8.405000000000000000e+03
8.417000000000000000e+03
8.418000000000000000e+03
8.420000000000000000e+03
8.425000000000000000e+03
8.469000000000000000e+03
8.479000000000000000e+03
8.480000000000000000e+03
8.504000000000000000e+03
8.511000000000000000e+03
8.560000000000000000e+03
8.598000000000000000e+03
8.610000000000000000e+03
8.614000000000000000e+03
8.616000000000000000e+03
8.631000000000000000e+03
8.658000000000000000e+03
8.669000000000000000e+03
8.687000000000000000e+03
8.695000000000000000e+03
8.700000000000000000e+03
8.722000000000000000e+03
8.726000000000000000e+03
8.738000000000000000e+03
8.752000000000000000e+03
8.756000000000000000e+03
8.761000000000000000e+03
8.762000000000000000e+03
8.796000000000000000e+03
8.807000000000000000e+03
8.839000000000000000e+03
8.842000000000000000e+03
8.845000000000000000e+03
8.848000000000000000e+03
8.853000000000000000e+03
8.869000000000000000e+03
8.904000000000000000e+03
8.929000000000000000e+03
8.930000000000000000e+03
8.934000000000000000e+03
8.993000000000000000e+03
8.995000000000000000e+03
9.005000000000000000e+03
9.020000000000000000e+03
9.029000000000000000e+03
9.041000000000000000e+03
9.043000000000000000e+03
9.072000000000000000e+03
9.086000000000000000e+03
9.105000000000000000e+03
9.120000000000000000e+03
9.123000000000000000e+03
9.128000000000000000e+03
9.140000000000000000e+03
9.148000000000000000e+03
9.163000000000000000e+03
9.193000000000000000e+03
9.196000000000000000e+03
9.200000000000000000e+03
9.203000000000000000e+03
9.215000000000000000e+03
9.216000000000000000e+03
9.219000000000000000e+03
9.247000000000000000e+03
9.259000000000000000e+03
9.294000000000000000e+03
9.296000000000000000e+03
9.300000000000000000e+03
9.314000000000000000e+03
9.318000000000000000e+03
9.341000000000000000e+03
9.343000000000000000e+03
9.349000000000000000e+03
9.393000000000000000e+03
9.398000000000000000e+03
9.399000000000000000e+03
9.420000000000000000e+03
9.427000000000000000e+03
9.468000000000000000e+03
9.476000000000000000e+03
9.502000000000000000e+03
9.505000000000000000e+03
9.516000000000000000e+03
9.529000000000000000e+03
9.540000000000000000e+03
9.551000000000000000e+03
9.554000000000000000e+03
9.555000000000000000e+03
9.557000000000000000e+03
9.563000000000000000e+03
9.568000000000000000e+03
9.573000000000000000e+03
9.574000000000000000e+03
9.577000000000000000e+03
9.584000000000000000e+03
9.589000000000000000e+03
9.590000000000000000e+03
9.601000000000000000e+03
9.612000000000000000e+03
9.619000000000000000e+03
9.634000000000000000e+03
9.639000000000000000e+03
9.656000000000000000e+03
9.677000000000000000e+03
9.686000000000000000e+03
9.689000000000000000e+03
9.706000000000000000e+03
9.716000000000000000e+03
9.727000000000000000e+03
9.728000000000000000e+03
9.772000000000000000e+03
9.784000000000000000e+03
9.794000000000000000e+03
9.805000000000000000e+03
9.808000000000000000e+03
9.821000000000000000e+03
9.828000000000000000e+03
9.838000000000000000e+03
9.854000000000000000e+03
9.858000000000000000e+03
9.864000000000000000e+03
9.870000000000000000e+03
9.878000000000000000e+03
9.884000000000000000e+03
9.890000000000000000e+03
9.896000000000000000e+03
9.900000000000000000e+03
9.931000000000000000e+03
9.955000000000000000e+03
9.985000000000000000e+03
9.990000000000000000e+03
9.991000000000000000e+03
1.000100000000000000e+04
1.001700000000000000e+04
1.002100000000000000e+04
1.004200000000000000e+04
1.004300000000000000e+04
1.004400000000000000e+04
1.007800000000000000e+04
1.008800000000000000e+04
1.009300000000000000e+04
1.010100000000000000e+04
1.010900000000000000e+04
1.012200000000000000e+04
1.013700000000000000e+04
1.014200000000000000e+04
1.015500000000000000e+04
1.016600000000000000e+04
1.018700000000000000e+04
1.018800000000000000e+04
1.020900000000000000e+04
1.021000000000000000e+04
1.021400000000000000e+04
1.021500000000000000e+04
1.022700000000000000e+04
1.023300000000000000e+04
1.023600000000000000e+04
1.025600000000000000e+04
1.026100000000000000e+04
1.026600000000000000e+04
1.026700000000000000e+04
1.029400000000000000e+04
1.032700000000000000e+04
1.033000000000000000e+04
1.036900000000000000e+04
1.037600000000000000e+04
1.038700000000000000e+04
1.038900000000000000e+04
1.039600000000000000e+04
1.040400000000000000e+04
1.041600000000000000e+04
1.042800000000000000e+04
1.045400000000000000e+04
1.046900000000000000e+04
1.049100000000000000e+04
1.050800000000000000e+04
1.051700000000000000e+04
1.051800000000000000e+04
1.051900000000000000e+04
1.052100000000000000e+04
1.052400000000000000e+04
1.053100000000000000e+04
1.053200000000000000e+04
1.054700000000000000e+04
1.055000000000000000e+04
1.056400000000000000e+04
1.061100000000000000e+04
1.061300000000000000e+04
1.062000000000000000e+04
1.062400000000000000e+04
1.063700000000000000e+04
1.063800000000000000e+04
1.064600000000000000e+04
1.064700000000000000e+04
1.067500000000000000e+04
1.070100000000000000e+04
1.071900000000000000e+04
1.074900000000000000e+04
1.075100000000000000e+04
1.076500000000000000e+04
1.078000000000000000e+04
1.079100000000000000e+04
1.080700000000000000e+04
1.081000000000000000e+04
1.081300000000000000e+04
1.082500000000000000e+04
1.084700000000000000e+04
1.087100000000000000e+04
1.088100000000000000e+04
1.088300000000000000e+04
1.089900000000000000e+04
1.090500000000000000e+04
1.092000000000000000e+04
1.093700000000000000e+04
1.096200000000000000e+04
1.096300000000000000e+04
1.096400000000000000e+04
1.097100000000000000e+04
1.097700000000000000e+04
1.098500000000000000e+04
1.098700000000000000e+04
1.099200000000000000e+04
1.100400000000000000e+04
1.103200000000000000e+04
1.103300000000000000e+04
1.104100000000000000e+04
1.104200000000000000e+04
1.105200000000000000e+04
1.106600000000000000e+04
1.107800000000000000e+04
1.108500000000000000e+04
1.109600000000000000e+04
1.109800000000000000e+04
1.116800000000000000e+04
1.118500000000000000e+04
1.118900000000000000e+04
1.121000000000000000e+04
1.121600000000000000e+04
1.122000000000000000e+04
1.122700000000000000e+04
1.125600000000000000e+04
1.127100000000000000e+04
1.129400000000000000e+04
1.129600000000000000e+04
1.131500000000000000e+04
1.132900000000000000e+04
1.133800000000000000e+04
1.134000000000000000e+04
1.136900000000000000e+04
1.137400000000000000e+04
1.137500000000000000e+04
1.138000000000000000e+04
1.138300000000000000e+04
1.138500000000000000e+04
1.139100000000000000e+04
1.139900000000000000e+04
1.140000000000000000e+04
1.140700000000000000e+04
1.143800000000000000e+04
1.144900000000000000e+04
1.145700000000000000e+04
1.145900000000000000e+04
1.146000000000000000e+04
1.147600000000000000e+04
1.148100000000000000e+04
1.152600000000000000e+04
1.153800000000000000e+04
1.154000000000000000e+04
1.154300000000000000e+04
1.154500000000000000e+04
1.156300000000000000e+04
1.157800000000000000e+04
1.159000000000000000e+04
1.160800000000000000e+04
1.162400000000000000e+04
1.162600000000000000e+04
1.164100000000000000e+04
1.164300000000000000e+04
1.168000000000000000e+04
1.168200000000000000e+04
1.170500000000000000e+04
1.170800000000000000e+04
1.171000000000000000e+04
1.171300000000000000e+04
1.171400000000000000e+04
1.173000000000000000e+04
1.173800000000000000e+04
1.175300000000000000e+04
1.177000000000000000e+04
1.177700000000000000e+04
1.178000000000000000e+04
1.178100000000000000e+04
1.178700000000000000e+04
1.178900000000000000e+04
1.179900000000000000e+04
1.180700000000000000e+04
1.183400000000000000e+04
1.184800000000000000e+04
1.185500000000000000e+04
1.186000000000000000e+04
1.187500000000000000e+04
1.189200000000000000e+04
1.189600000000000000e+04
1.190700000000000000e+04
1.193100000000000000e+04
1.193300000000000000e+04
1.194400000000000000e+04
1.194500000000000000e+04
1.195700000000000000e+04
1.198000000000000000e+04
1.198800000000000000e+04
1.199100000000000000e+04
1.200300000000000000e+04
1.202200000000000000e+04
1.204400000000000000e+04
1.204600000000000000e+04
1.204700000000000000e+04
1.205300000000000000e+04
1.206000000000000000e+04
1.208300000000000000e+04
1.210600000000000000e+04
1.211000000000000000e+04
1.211100000000000000e+04
1.211900000000000000e+04
1.213100000000000000e+04
1.214800000000000000e+04
1.215600000000000000e+04
1.215900000000000000e+04
1.216100000000000000e+04
1.216400000000000000e+04
1.219300000000000000e+04
1.221000000000000000e+04
1.223000000000000000e+04
1.223300000000000000e+04
1.223700000000000000e+04
1.224700000000000000e+04
1.225800000000000000e+04
1.226200000000000000e+04
1.229600000000000000e+04
1.230400000000000000e+04
1.230900000000000000e+04
1.234000000000000000e+04
1.234700000000000000e+04
1.235400000000000000e+04
1.237200000000000000e+04
1.237700000000000000e+04
1.238100000000000000e+04
1.238600000000000000e+04
1.238800000000000000e+04
1.239400000000000000e+04
1.239700000000000000e+04
1.240000000000000000e+04
1.240100000000000000e+04
1.240500000000000000e+04
1.240600000000000000e+04
1.241000000000000000e+04
1.244700000000000000e+04
1.246400000000000000e+04
1.247300000000000000e+04
1.247900000000000000e+04
1.248000000000000000e+04
1.250600000000000000e+04
1.250700000000000000e+04
1.251100000000000000e+04
1.251300000000000000e+04
1.253300000000000000e+04
1.254500000000000000e+04
1.255000000000000000e+04
1.255500000000000000e+04
1.257800000000000000e+04
1.257900000000000000e+04
1.259400000000000000e+04
1.259500000000000000e+04
1.259600000000000000e+04
1.259900000000000000e+04
1.260700000000000000e+04
1.261000000000000000e+04
1.264700000000000000e+04
1.265100000000000000e+04
1.266600000000000000e+04
1.268100000000000000e+04
1.270800000000000000e+04
1.274100000000000000e+04
1.276700000000000000e+04
1.276800000000000000e+04
1.277200000000000000e+04
1.280800000000000000e+04
1.281400000000000000e+04
1.281900000000000000e+04
1.282200000000000000e+04
1.283900000000000000e+04
1.284800000000000000e+04
1.287700000000000000e+04
1.291100000000000000e+04
1.291700000000000000e+04
1.292000000000000000e+04
1.292100000000000000e+04
1.292600000000000000e+04
1.293500000000000000e+04
1.294500000000000000e+04
1.299200000000000000e+04
1.301100000000000000e+04
1.303000000000000000e+04
1.303600000000000000e+04
1.303700000000000000e+04
1.304200000000000000e+04
1.305000000000000000e+04
1.305400000000000000e+04
1.307300000000000000e+04
1.308700000000000000e+04
1.309200000000000000e+04
1.309600000000000000e+04
1.310000000000000000e+04
1.312100000000000000e+04
1.314600000000000000e+04
1.316300000000000000e+04
1.317100000000000000e+04
1.317200000000000000e+04
1.318200000000000000e+04
1.319000000000000000e+04
1.319500000000000000e+04
1.320000000000000000e+04
1.322400000000000000e+04
1.322900000000000000e+04
1.328000000000000000e+04
1.329600000000000000e+04
1.330500000000000000e+04
1.331000000000000000e+04
1.331300000000000000e+04
1.332400000000000000e+04
1.333700000000000000e+04
1.335500000000000000e+04
1.339100000000000000e+04
1.339400000000000000e+04
1.341300000000000000e+04
1.342800000000000000e+04
1.343900000000000000e+04
1.344700000000000000e+04
1.346900000000000000e+04
1.347500000000000000e+04
1.348000000000000000e+04
1.348300000000000000e+04
1.348800000000000000e+04
1.349400000000000000e+04
1.353000000000000000e+04
1.353600000000000000e+04
1.354500000000000000e+04
1.356000000000000000e+04
1.356300000000000000e+04
1.356500000000000000e+04
1.357100000000000000e+04
1.357300000000000000e+04
1.358100000000000000e+04
1.358700000000000000e+04
1.359200000000000000e+04
1.359400000000000000e+04
1.359700000000000000e+04
1.361900000000000000e+04
1.363500000000000000e+04
1.363700000000000000e+04
1.364600000000000000e+04
1.366200000000000000e+04
1.367600000000000000e+04
1.367700000000000000e+04
1.368200000000000000e+04
1.368300000000000000e+04
1.369300000000000000e+04
1.371500000000000000e+04
1.372100000000000000e+04
1.372400000000000000e+04
1.375200000000000000e+04
1.375600000000000000e+04
1.376000000000000000e+04
1.376100000000000000e+04
1.377400000000000000e+04
1.379100000000000000e+04
1.379700000000000000e+04
1.381600000000000000e+04
1.382200000000000000e+04
1.382300000000000000e+04
1.384300000000000000e+04
1.385100000000000000e+04
1.387900000000000000e+04
1.388600000000000000e+04
1.390100000000000000e+04
1.390600000000000000e+04
1.391400000000000000e+04
1.391500000000000000e+04
1.395200000000000000e+04
1.396100000000000000e+04
1.404300000000000000e+04
1.406100000000000000e+04
1.406500000000000000e+04
1.407500000000000000e+04
1.407800000000000000e+04
1.408500000000000000e+04
1.409300000000000000e+04
1.410700000000000000e+04
1.411000000000000000e+04
1.411500000000000000e+04
1.412000000000000000e+04
1.412600000000000000e+04
1.412700000000000000e+04
1.412900000000000000e+04
1.413500000000000000e+04
1.414400000000000000e+04
1.416100000000000000e+04
1.418000000000000000e+04
1.418400000000000000e+04
1.419600000000000000e+04
1.422100000000000000e+04
1.423600000000000000e+04
1.424600000000000000e+04
1.425500000000000000e+04
1.426700000000000000e+04
1.427100000000000000e+04
1.427300000000000000e+04
1.432900000000000000e+04
1.433100000000000000e+04
1.438300000000000000e+04
1.439300000000000000e+04
1.439900000000000000e+04
1.440500000000000000e+04
1.444200000000000000e+04
1.444400000000000000e+04
1.445300000000000000e+04
1.445900000000000000e+04
1.449700000000000000e+04
1.450200000000000000e+04
1.452400000000000000e+04
1.453300000000000000e+04
1.453500000000000000e+04
1.453600000000000000e+04
1.456800000000000000e+04
1.457900000000000000e+04
1.459400000000000000e+04
1.460500000000000000e+04
1.461400000000000000e+04
1.462400000000000000e+04
1.462600000000000000e+04
1.466300000000000000e+04
1.466500000000000000e+04
1.468000000000000000e+04
1.468900000000000000e+04
1.469600000000000000e+04
1.471000000000000000e+04
1.471100000000000000e+04
1.472600000000000000e+04
1.473300000000000000e+04
1.474200000000000000e+04
1.474800000000000000e+04
1.477300000000000000e+04
1.479900000000000000e+04
1.480200000000000000e+04
1.480300000000000000e+04
1.482000000000000000e+04
1.482500000000000000e+04
1.487500000000000000e+04
1.488000000000000000e+04
1.489300000000000000e+04
1.489700000000000000e+04
1.490300000000000000e+04
1.490600000000000000e+04
1.491700000000000000e+04
1.492700000000000000e+04
1.493300000000000000e+04
1.494200000000000000e+04
1.494700000000000000e+04
1.495000000000000000e+04
1.497800000000000000e+04
1.498100000000000000e+04
1.501200000000000000e+04
1.503400000000000000e+04
1.503500000000000000e+04
1.505000000000000000e+04
1.505500000000000000e+04
1.505900000000000000e+04
1.506900000000000000e+04
1.507600000000000000e+04
1.507900000000000000e+04
1.508500000000000000e+04
1.508700000000000000e+04
1.512500000000000000e+04
1.512800000000000000e+04
1.517500000000000000e+04
1.518400000000000000e+04
1.519000000000000000e+04
1.520000000000000000e+04
1.521700000000000000e+04
1.524400000000000000e+04
1.525400000000000000e+04
1.533700000000000000e+04
1.534000000000000000e+04
1.534200000000000000e+04
1.535500000000000000e+04
1.536400000000000000e+04
1.536700000000000000e+04
1.537800000000000000e+04
1.537900000000000000e+04
1.538500000000000000e+04
1.539400000000000000e+04
1.539900000000000000e+04
1.541300000000000000e+04
1.541600000000000000e+04
1.541800000000000000e+04
1.541900000000000000e+04
1.544700000000000000e+04
1.544900000000000000e+04
1.545400000000000000e+04
1.545700000000000000e+04
1.547100000000000000e+04
1.548000000000000000e+04
1.548200000000000000e+04
1.549400000000000000e+04
1.549700000000000000e+04
1.551600000000000000e+04
1.552000000000000000e+04
1.554400000000000000e+04
1.555500000000000000e+04
1.555600000000000000e+04
1.556400000000000000e+04
1.556700000000000000e+04
1.557700000000000000e+04
1.557800000000000000e+04
1.559100000000000000e+04
1.561900000000000000e+04
1.562700000000000000e+04
1.563500000000000000e+04
1.563600000000000000e+04
1.565200000000000000e+04
1.565300000000000000e+04
1.566000000000000000e+04
1.566400000000000000e+04
1.566800000000000000e+04
1.567400000000000000e+04
1.568000000000000000e+04
1.569700000000000000e+04
1.570300000000000000e+04
1.571600000000000000e+04
1.571700000000000000e+04
1.572100000000000000e+04
1.572700000000000000e+04
1.573500000000000000e+04
1.574800000000000000e+04
1.576200000000000000e+04
1.576400000000000000e+04
1.576700000000000000e+04
1.577200000000000000e+04
1.577700000000000000e+04
1.578900000000000000e+04
1.582600000000000000e+04
1.585000000000000000e+04
1.585200000000000000e+04
1.587400000000000000e+04
1.587500000000000000e+04
1.587700000000000000e+04
1.588500000000000000e+04
1.588600000000000000e+04
1.589300000000000000e+04
1.590100000000000000e+04
1.590800000000000000e+04
1.592500000000000000e+04
1.595700000000000000e+04
1.596100000000000000e+04
1.596600000000000000e+04
1.596800000000000000e+04
1.597700000000000000e+04
1.598300000000000000e+04
1.598500000000000000e+04
1.600800000000000000e+04
1.601200000000000000e+04
1.601300000000000000e+04
1.602100000000000000e+04
1.602400000000000000e+04
1.602500000000000000e+04
1.602700000000000000e+04
1.603200000000000000e+04
1.603600000000000000e+04
1.603700000000000000e+04
1.606100000000000000e+04
1.606500000000000000e+04
1.607000000000000000e+04
1.610200000000000000e+04
1.610500000000000000e+04
1.610900000000000000e+04
1.612900000000000000e+04
1.615800000000000000e+04
1.616800000000000000e+04
1.618000000000000000e+04
1.618200000000000000e+04
1.618500000000000000e+04
1.619700000000000000e+04
1.621400000000000000e+04
1.623100000000000000e+04
1.626000000000000000e+04
1.626800000000000000e+04
1.627200000000000000e+04
1.628500000000000000e+04
1.629000000000000000e+04
1.629100000000000000e+04
1.629700000000000000e+04
1.630400000000000000e+04
1.631600000000000000e+04
1.633000000000000000e+04
1.634700000000000000e+04
1.635000000000000000e+04
1.635100000000000000e+04
1.638300000000000000e+04
1.639100000000000000e+04
1.640000000000000000e+04
1.640800000000000000e+04
1.642300000000000000e+04
1.643200000000000000e+04
1.644200000000000000e+04
1.646600000000000000e+04
1.647500000000000000e+04
1.647700000000000000e+04
1.650500000000000000e+04
1.653400000000000000e+04
1.654200000000000000e+04
1.654900000000000000e+04
1.655600000000000000e+04
1.657100000000000000e+04
1.657200000000000000e+04
1.658800000000000000e+04
1.658900000000000000e+04
1.659800000000000000e+04
1.660000000000000000e+04
1.660500000000000000e+04
1.663100000000000000e+04
1.664600000000000000e+04
1.667500000000000000e+04
1.667600000000000000e+04
1.668100000000000000e+04
1.668700000000000000e+04
1.669700000000000000e+04
1.670700000000000000e+04
1.670900000000000000e+04
1.671000000000000000e+04
1.671600000000000000e+04
1.671700000000000000e+04
1.672700000000000000e+04
1.673000000000000000e+04
1.673700000000000000e+04
1.674100000000000000e+04
1.676200000000000000e+04
1.678800000000000000e+04
1.679900000000000000e+04
1.681500000000000000e+04
1.682300000000000000e+04
1.682500000000000000e+04
1.683400000000000000e+04
1.684600000000000000e+04
1.684900000000000000e+04
1.687300000000000000e+04
1.689900000000000000e+04
1.692500000000000000e+04
1.696500000000000000e+04
1.698100000000000000e+04
1.698700000000000000e+04
1.698900000000000000e+04
1.699500000000000000e+04
1.699700000000000000e+04
1.699800000000000000e+04
1.701000000000000000e+04
1.701200000000000000e+04
1.701900000000000000e+04
1.708600000000000000e+04
1.711000000000000000e+04
1.713600000000000000e+04
1.714000000000000000e+04
1.714100000000000000e+04
1.714300000000000000e+04
1.714900000000000000e+04
1.715200000000000000e+04
1.715500000000000000e+04
1.716000000000000000e+04
1.716800000000000000e+04
1.718000000000000000e+04
1.720200000000000000e+04
1.720400000000000000e+04
1.721200000000000000e+04
1.722800000000000000e+04
1.725300000000000000e+04
1.725600000000000000e+04
1.726600000000000000e+04
1.728500000000000000e+04
1.731800000000000000e+04
1.734200000000000000e+04
1.734800000000000000e+04
1.740900000000000000e+04
1.744900000000000000e+04
1.745700000000000000e+04
1.749000000000000000e+04
1.749300000000000000e+04
1.750500000000000000e+04
1.751100000000000000e+04
1.753200000000000000e+04
1.753300000000000000e+04
1.755600000000000000e+04
1.758100000000000000e+04
1.758600000000000000e+04
1.758900000000000000e+04
1.759700000000000000e+04
1.761800000000000000e+04
1.764600000000000000e+04
1.768500000000000000e+04
1.768900000000000000e+04
1.770500000000000000e+04
1.770800000000000000e+04
1.771600000000000000e+04
1.771900000000000000e+04
1.772400000000000000e+04
1.774000000000000000e+04
1.774100000000000000e+04
1.775500000000000000e+04
1.777000000000000000e+04
1.777700000000000000e+04
1.778000000000000000e+04
1.779800000000000000e+04
1.782900000000000000e+04
1.783400000000000000e+04
1.785500000000000000e+04
1.785800000000000000e+04
1.785900000000000000e+04
1.786300000000000000e+04
1.786500000000000000e+04
1.788000000000000000e+04
1.788800000000000000e+04
1.789100000000000000e+04
1.790100000000000000e+04
1.791200000000000000e+04
1.791400000000000000e+04
1.792500000000000000e+04
1.793700000000000000e+04
1.794400000000000000e+04
1.794500000000000000e+04
1.795700000000000000e+04
1.796500000000000000e+04
1.797000000000000000e+04
1.799400000000000000e+04
1.802700000000000000e+04
1.803200000000000000e+04
1.805700000000000000e+04
1.805900000000000000e+04
1.806000000000000000e+04
1.810200000000000000e+04
1.810300000000000000e+04
1.812700000000000000e+04
1.813000000000000000e+04
1.813600000000000000e+04
1.816300000000000000e+04
1.816600000000000000e+04
1.819000000000000000e+04
1.819700000000000000e+04
1.820400000000000000e+04
1.821400000000000000e+04
1.822100000000000000e+04
1.823100000000000000e+04
1.823900000000000000e+04
1.824100000000000000e+04
1.824900000000000000e+04
1.825100000000000000e+04
1.828800000000000000e+04
1.829500000000000000e+04
1.829800000000000000e+04
1.832100000000000000e+04
1.832700000000000000e+04
1.833300000000000000e+04
1.836500000000000000e+04
1.836600000000000000e+04
1.836800000000000000e+04
1.838000000000000000e+04
1.838900000000000000e+04
1.841500000000000000e+04
1.841900000000000000e+04
1.842900000000000000e+04
1.844000000000000000e+04
1.844500000000000000e+04
1.844700000000000000e+04
1.847000000000000000e+04
1.847100000000000000e+04
1.848600000000000000e+04
1.848700000000000000e+04
1.848900000000000000e+04
1.851000000000000000e+04
1.853500000000000000e+04
1.856500000000000000e+04
1.857100000000000000e+04
1.857200000000000000e+04
1.858600000000000000e+04
1.861100000000000000e+04
1.862200000000000000e+04
1.865600000000000000e+04
1.865800000000000000e+04
1.866300000000000000e+04
1.866600000000000000e+04
1.867400000000000000e+04
1.869000000000000000e+04
1.873000000000000000e+04
1.874500000000000000e+04
1.875100000000000000e+04
1.876600000000000000e+04
1.877700000000000000e+04
1.877800000000000000e+04
1.880200000000000000e+04
1.880600000000000000e+04
1.881800000000000000e+04
1.882200000000000000e+04
1.882600000000000000e+04
1.883600000000000000e+04
1.886400000000000000e+04
1.890600000000000000e+04
1.890900000000000000e+04
1.891300000000000000e+04
1.891700000000000000e+04
1.891800000000000000e+04
1.892300000000000000e+04
1.892900000000000000e+04
1.894900000000000000e+04
1.895900000000000000e+04
1.896500000000000000e+04
1.897900000000000000e+04
1.898500000000000000e+04
1.899000000000000000e+04
1.899100000000000000e+04
1.902400000000000000e+04
1.902500000000000000e+04
1.903100000000000000e+04
1.903300000000000000e+04
1.904200000000000000e+04
1.906100000000000000e+04
1.906300000000000000e+04
1.906700000000000000e+04
1.908800000000000000e+04
1.909100000000000000e+04
1.909300000000000000e+04
1.910000000000000000e+04
1.910300000000000000e+04
1.910800000000000000e+04
1.912200000000000000e+04
1.912500000000000000e+04
1.914700000000000000e+04
1.915700000000000000e+04
1.919300000000000000e+04
1.919800000000000000e+04
1.920500000000000000e+04
1.920900000000000000e+04
1.921100000000000000e+04
1.921600000000000000e+04
1.922600000000000000e+04
1.923800000000000000e+04
1.924000000000000000e+04
1.924500000000000000e+04
1.924800000000000000e+04
1.925000000000000000e+04
1.926000000000000000e+04
1.927800000000000000e+04
1.929300000000000000e+04
1.929800000000000000e+04
1.932500000000000000e+04
1.935800000000000000e+04
1.936200000000000000e+04
1.938800000000000000e+04
1.939800000000000000e+04
1.939900000000000000e+04
1.940000000000000000e+04
1.941400000000000000e+04
1.942900000000000000e+04
1.943600000000000000e+04
1.944600000000000000e+04
1.945400000000000000e+04
1.948500000000000000e+04
1.949200000000000000e+04
1.950000000000000000e+04
1.950200000000000000e+04
1.951100000000000000e+04
1.953300000000000000e+04
1.955600000000000000e+04
1.958100000000000000e+04
1.958800000000000000e+04
1.959000000000000000e+04
1.960200000000000000e+04
1.961000000000000000e+04
1.961200000000000000e+04
1.962200000000000000e+04
1.966500000000000000e+04
1.966800000000000000e+04
1.967100000000000000e+04
1.967900000000000000e+04
1.970000000000000000e+04
1.971500000000000000e+04
1.971800000000000000e+04
1.972500000000000000e+04
1.973900000000000000e+04
1.977000000000000000e+04
1.978600000000000000e+04
1.979200000000000000e+04
1.979600000000000000e+04
1.979700000000000000e+04
1.981100000000000000e+04
1.981300000000000000e+04
1.981700000000000000e+04
1.982900000000000000e+04
1.985200000000000000e+04
1.987300000000000000e+04
1.988500000000000000e+04
1.988800000000000000e+04
1.990800000000000000e+04
1.990900000000000000e+04
1.991500000000000000e+04
1.992900000000000000e+04
1.994000000000000000e+04
1.995300000000000000e+04
1.997200000000000000e+04
1.998000000000000000e+04
1.998900000000000000e+04
1.999400000000000000e+04
2.000000000000000000e+04
2.000900000000000000e+04
2.001500000000000000e+04
2.001800000000000000e+04
2.002400000000000000e+04
2.003900000000000000e+04
2.004100000000000000e+04
2.004400000000000000e+04
2.006200000000000000e+04
2.006600000000000000e+04
2.007100000000000000e+04
2.008100000000000000e+04
2.008200000000000000e+04
2.008400000000000000e+04
2.009600000000000000e+04
2.011600000000000000e+04
2.011800000000000000e+04
2.014900000000000000e+04
2.016500000000000000e+04
2.018400000000000000e+04
2.018800000000000000e+04
2.019300000000000000e+04
2.020300000000000000e+04
2.020600000000000000e+04
2.022800000000000000e+04
2.022900000000000000e+04
2.023600000000000000e+04
2.027300000000000000e+04
2.027500000000000000e+04
2.029000000000000000e+04
2.030000000000000000e+04
2.030100000000000000e+04
2.030200000000000000e+04
2.031900000000000000e+04
2.032600000000000000e+04
2.034000000000000000e+04
2.035500000000000000e+04
2.035600000000000000e+04
2.036700000000000000e+04
2.039000000000000000e+04
2.039300000000000000e+04
2.040100000000000000e+04
2.040400000000000000e+04
2.041900000000000000e+04
2.043900000000000000e+04
2.045400000000000000e+04
2.045500000000000000e+04
2.045800000000000000e+04
2.047900000000000000e+04
2.049200000000000000e+04
2.049900000000000000e+04
2.050100000000000000e+04
2.050200000000000000e+04
2.053500000000000000e+04
2.053600000000000000e+04
2.054100000000000000e+04
2.055500000000000000e+04
2.057000000000000000e+04
2.057300000000000000e+04
2.057900000000000000e+04
2.058700000000000000e+04
2.059100000000000000e+04
2.059200000000000000e+04
2.059400000000000000e+04
2.059800000000000000e+04
2.060700000000000000e+04
2.061800000000000000e+04
2.062300000000000000e+04
2.063500000000000000e+04
2.063700000000000000e+04
2.064200000000000000e+04
2.064500000000000000e+04
2.066400000000000000e+04
2.066700000000000000e+04
2.067500000000000000e+04
2.067600000000000000e+04
2.068900000000000000e+04
2.070900000000000000e+04
2.072300000000000000e+04
2.072600000000000000e+04
2.072900000000000000e+04
2.073500000000000000e+04
2.076000000000000000e+04
2.076700000000000000e+04
2.078000000000000000e+04
2.080700000000000000e+04
2.084400000000000000e+04
2.085800000000000000e+04
2.086800000000000000e+04
2.087900000000000000e+04
2.088100000000000000e+04
2.091500000000000000e+04
2.091700000000000000e+04
2.093200000000000000e+04
2.093500000000000000e+04
2.093600000000000000e+04
2.094700000000000000e+04
2.095200000000000000e+04
2.096200000000000000e+04
2.097900000000000000e+04
2.100400000000000000e+04
2.100900000000000000e+04
2.101400000000000000e+04
2.102200000000000000e+04
2.103200000000000000e+04
2.104200000000000000e+04
2.105100000000000000e+04
2.109400000000000000e+04
2.111300000000000000e+04
2.111400000000000000e+04
2.111700000000000000e+04
2.114900000000000000e+04
2.116200000000000000e+04
2.116500000000000000e+04
2.117400000000000000e+04
2.118900000000000000e+04
2.120100000000000000e+04
2.120700000000000000e+04
2.122400000000000000e+04
2.122800000000000000e+04
2.123900000000000000e+04
2.124200000000000000e+04
2.126400000000000000e+04
2.127900000000000000e+04
2.128800000000000000e+04
2.128900000000000000e+04
2.130000000000000000e+04
2.133400000000000000e+04
2.134900000000000000e+04
2.136900000000000000e+04
2.138100000000000000e+04
2.138800000000000000e+04
2.139300000000000000e+04
2.139800000000000000e+04
2.142000000000000000e+04
2.142600000000000000e+04
2.144000000000000000e+04
2.144500000000000000e+04
2.144800000000000000e+04
2.148200000000000000e+04
2.148700000000000000e+04
2.150300000000000000e+04
2.150400000000000000e+04
2.152600000000000000e+04
2.153000000000000000e+04
2.154300000000000000e+04
2.156400000000000000e+04
2.158500000000000000e+04
2.158700000000000000e+04
2.159900000000000000e+04
2.160300000000000000e+04
2.162900000000000000e+04
2.164100000000000000e+04
2.167400000000000000e+04
2.168300000000000000e+04
2.168600000000000000e+04
2.169000000000000000e+04
2.171100000000000000e+04
2.171200000000000000e+04
2.174800000000000000e+04
2.175000000000000000e+04
2.176200000000000000e+04
2.176800000000000000e+04
2.177100000000000000e+04
2.177800000000000000e+04
2.178200000000000000e+04
2.178500000000000000e+04
2.180100000000000000e+04
2.180200000000000000e+04
2.180400000000000000e+04
2.180900000000000000e+04
2.182500000000000000e+04
2.188600000000000000e+04
2.190900000000000000e+04
2.191600000000000000e+04
2.193600000000000000e+04
2.194200000000000000e+04
2.194700000000000000e+04
2.195500000000000000e+04
2.195700000000000000e+04
2.196800000000000000e+04
2.197700000000000000e+04
2.198900000000000000e+04
2.201700000000000000e+04
2.201900000000000000e+04
2.202000000000000000e+04
2.204500000000000000e+04
2.205100000000000000e+04
2.205800000000000000e+04
2.207100000000000000e+04
2.207300000000000000e+04
2.207600000000000000e+04
2.209300000000000000e+04
2.211700000000000000e+04
2.212000000000000000e+04
2.213900000000000000e+04
2.214300000000000000e+04
2.216700000000000000e+04
2.216800000000000000e+04
2.218900000000000000e+04
2.220100000000000000e+04
2.220600000000000000e+04
2.224000000000000000e+04
2.224800000000000000e+04
2.225300000000000000e+04
2.226600000000000000e+04
2.228100000000000000e+04
2.229800000000000000e+04
2.230500000000000000e+04
2.231200000000000000e+04
2.231500000000000000e+04
2.236200000000000000e+04
2.237600000000000000e+04
2.238400000000000000e+04
2.238800000000000000e+04
2.240000000000000000e+04
2.252500000000000000e+04
2.252900000000000000e+04
2.253700000000000000e+04
2.253900000000000000e+04
2.254200000000000000e+04
2.254800000000000000e+04
2.254900000000000000e+04
2.255700000000000000e+04
2.260300000000000000e+04
2.260400000000000000e+04
2.260700000000000000e+04
2.264200000000000000e+04
2.265800000000000000e+04
2.266100000000000000e+04
2.266300000000000000e+04
2.266400000000000000e+04
2.267400000000000000e+04
2.267900000000000000e+04
2.269700000000000000e+04
2.270600000000000000e+04
2.271300000000000000e+04
2.272600000000000000e+04
2.272900000000000000e+04
2.274000000000000000e+04
2.274100000000000000e+04
2.276200000000000000e+04
2.277600000000000000e+04
2.279600000000000000e+04
2.280900000000000000e+04
2.282100000000000000e+04
2.282500000000000000e+04
2.284000000000000000e+04
2.284500000000000000e+04
2.284900000000000000e+04
2.285700000000000000e+04
2.286100000000000000e+04
2.288400000000000000e+04
2.289100000000000000e+04
2.290300000000000000e+04
2.294200000000000000e+04
2.294700000000000000e+04
2.297000000000000000e+04
2.298200000000000000e+04
2.299200000000000000e+04
2.300200000000000000e+04
2.301100000000000000e+04
2.302600000000000000e+04
2.302900000000000000e+04
2.303100000000000000e+04
2.306400000000000000e+04
2.306500000000000000e+04
2.307200000000000000e+04
2.312000000000000000e+04
2.314400000000000000e+04
2.315200000000000000e+04
2.317100000000000000e+04
2.317700000000000000e+04
2.318200000000000000e+04
2.318900000000000000e+04
2.319500000000000000e+04
2.321000000000000000e+04
2.324200000000000000e+04
2.325500000000000000e+04
2.325600000000000000e+04
2.326100000000000000e+04
2.326700000000000000e+04
2.327900000000000000e+04
2.332800000000000000e+04
2.335200000000000000e+04
2.337200000000000000e+04
2.338200000000000000e+04
2.338500000000000000e+04
2.339000000000000000e+04
2.340300000000000000e+04
2.342300000000000000e+04
2.343400000000000000e+04
2.343600000000000000e+04
2.344700000000000000e+04
2.345900000000000000e+04
2.346800000000000000e+04
2.347000000000000000e+04
2.347100000000000000e+04
2.348800000000000000e+04
2.349000000000000000e+04
2.350200000000000000e+04
2.351400000000000000e+04
2.352200000000000000e+04
2.352800000000000000e+04
2.353100000000000000e+04
2.355500000000000000e+04
2.355600000000000000e+04
2.356900000000000000e+04
2.358400000000000000e+04
2.359500000000000000e+04
2.360900000000000000e+04
2.362800000000000000e+04
2.363200000000000000e+04
2.363900000000000000e+04
2.365600000000000000e+04
2.365900000000000000e+04
2.367700000000000000e+04
2.368100000000000000e+04
2.368800000000000000e+04
2.370500000000000000e+04
2.371300000000000000e+04
2.371800000000000000e+04
2.371900000000000000e+04
2.372800000000000000e+04
2.372900000000000000e+04
2.373900000000000000e+04
2.375300000000000000e+04
2.375600000000000000e+04
2.376400000000000000e+04
2.376500000000000000e+04
2.376600000000000000e+04
2.378700000000000000e+04
2.378900000000000000e+04
2.379800000000000000e+04
2.380200000000000000e+04
2.381100000000000000e+04
2.382000000000000000e+04
2.383600000000000000e+04
2.385400000000000000e+04
2.385900000000000000e+04
2.387500000000000000e+04
2.387700000000000000e+04
2.388200000000000000e+04
2.390000000000000000e+04
2.391200000000000000e+04
2.392800000000000000e+04
2.395700000000000000e+04
2.399400000000000000e+04
2.399800000000000000e+04
2.399900000000000000e+04
2.400300000000000000e+04
2.401600000000000000e+04
2.403300000000000000e+04
2.403900000000000000e+04
2.404400000000000000e+04
2.412200000000000000e+04
2.418500000000000000e+04
2.419000000000000000e+04
2.421600000000000000e+04
2.421800000000000000e+04
2.424200000000000000e+04
2.425700000000000000e+04
2.426800000000000000e+04
2.427100000000000000e+04
2.429100000000000000e+04
2.429500000000000000e+04
2.430900000000000000e+04
2.431700000000000000e+04
2.431800000000000000e+04
2.432300000000000000e+04
2.432800000000000000e+04
2.433000000000000000e+04
2.434800000000000000e+04
2.435000000000000000e+04
2.436000000000000000e+04
2.438700000000000000e+04
2.438800000000000000e+04
2.440800000000000000e+04
2.440900000000000000e+04
2.441800000000000000e+04
2.442000000000000000e+04
2.444900000000000000e+04
2.447700000000000000e+04
2.450400000000000000e+04
2.454000000000000000e+04
2.456800000000000000e+04
2.458100000000000000e+04
2.460200000000000000e+04
2.460400000000000000e+04
2.462100000000000000e+04
2.462600000000000000e+04
2.462900000000000000e+04
2.463800000000000000e+04
2.464100000000000000e+04
2.464200000000000000e+04
2.466200000000000000e+04
2.466300000000000000e+04
2.467400000000000000e+04
2.467800000000000000e+04
2.468300000000000000e+04
2.470300000000000000e+04
2.472200000000000000e+04
2.478100000000000000e+04
2.479000000000000000e+04
2.479500000000000000e+04
2.480000000000000000e+04
2.480500000000000000e+04
2.480600000000000000e+04
2.480700000000000000e+04
2.481600000000000000e+04
2.482000000000000000e+04
2.484100000000000000e+04
2.486600000000000000e+04
2.488900000000000000e+04
2.489000000000000000e+04
2.489900000000000000e+04
2.490300000000000000e+04
2.490400000000000000e+04
2.491300000000000000e+04
2.491400000000000000e+04
2.491900000000000000e+04
2.494100000000000000e+04
2.496400000000000000e+04
2.496500000000000000e+04
2.497100000000000000e+04
2.499200000000000000e+04
2.501300000000000000e+04
2.502400000000000000e+04
2.504100000000000000e+04
2.504600000000000000e+04
2.504900000000000000e+04
2.505300000000000000e+04
2.505700000000000000e+04
2.507300000000000000e+04
2.508900000000000000e+04
2.509700000000000000e+04
2.511000000000000000e+04
2.511400000000000000e+04
2.512000000000000000e+04
2.513600000000000000e+04
2.514700000000000000e+04
2.515800000000000000e+04
2.519100000000000000e+04
2.519900000000000000e+04
2.520100000000000000e+04
2.520600000000000000e+04
2.524600000000000000e+04
2.528200000000000000e+04
2.528700000000000000e+04
2.530100000000000000e+04
2.531000000000000000e+04
2.531900000000000000e+04
2.533300000000000000e+04
2.534800000000000000e+04
2.535600000000000000e+04
2.539600000000000000e+04
2.540100000000000000e+04
2.541600000000000000e+04
2.544000000000000000e+04
2.544100000000000000e+04
2.545300000000000000e+04
2.546100000000000000e+04
2.546600000000000000e+04
2.550000000000000000e+04
2.552600000000000000e+04
2.555100000000000000e+04
2.557200000000000000e+04
2.557900000000000000e+04
2.558200000000000000e+04
2.559800000000000000e+04
2.561000000000000000e+04
2.561500000000000000e+04
2.562300000000000000e+04
2.562600000000000000e+04
2.562700000000000000e+04
2.566100000000000000e+04
2.568500000000000000e+04
2.568600000000000000e+04
2.570400000000000000e+04
2.570600000000000000e+04
2.571300000000000000e+04
2.572300000000000000e+04
2.572400000000000000e+04
2.575900000000000000e+04
2.576600000000000000e+04
2.580900000000000000e+04
2.581600000000000000e+04
2.584300000000000000e+04
2.585200000000000000e+04
2.586200000000000000e+04
2.586400000000000000e+04
2.586600000000000000e+04
2.588300000000000000e+04
2.589600000000000000e+04
2.589700000000000000e+04
2.595500000000000000e+04
2.598200000000000000e+04
2.599900000000000000e+04
2.600700000000000000e+04
2.601300000000000000e+04
2.602900000000000000e+04
2.604200000000000000e+04
2.605100000000000000e+04
2.605600000000000000e+04
2.609100000000000000e+04
2.609600000000000000e+04
2.610300000000000000e+04
2.610800000000000000e+04
2.611000000000000000e+04
2.611700000000000000e+04
2.611900000000000000e+04
2.613000000000000000e+04
2.613100000000000000e+04
2.614200000000000000e+04
2.616000000000000000e+04
2.616100000000000000e+04
2.619300000000000000e+04
2.619800000000000000e+04
2.620100000000000000e+04
2.620400000000000000e+04
2.621600000000000000e+04
2.624100000000000000e+04
2.625900000000000000e+04
2.628000000000000000e+04
2.628700000000000000e+04
2.629600000000000000e+04
2.629900000000000000e+04
2.630800000000000000e+04
2.633400000000000000e+04
2.633800000000000000e+04
2.634000000000000000e+04
2.635700000000000000e+04
2.635900000000000000e+04
2.636100000000000000e+04
2.637600000000000000e+04
2.637700000000000000e+04
2.637900000000000000e+04
2.638400000000000000e+04
2.639200000000000000e+04
2.639600000000000000e+04
2.639700000000000000e+04
2.641300000000000000e+04
2.642600000000000000e+04
2.642800000000000000e+04
2.643900000000000000e+04
2.645300000000000000e+04
2.645800000000000000e+04
2.645900000000000000e+04
2.646500000000000000e+04
2.648700000000000000e+04
2.650700000000000000e+04
2.650900000000000000e+04
2.651800000000000000e+04
2.653700000000000000e+04
2.653900000000000000e+04
2.654200000000000000e+04
2.655600000000000000e+04
2.657000000000000000e+04
2.657400000000000000e+04
2.657900000000000000e+04
2.662100000000000000e+04
2.662300000000000000e+04
2.662400000000000000e+04
2.662900000000000000e+04
2.665200000000000000e+04
2.665700000000000000e+04
2.669600000000000000e+04
2.670700000000000000e+04
2.671400000000000000e+04
2.675700000000000000e+04
2.675800000000000000e+04
2.677300000000000000e+04
2.679600000000000000e+04
2.680500000000000000e+04
2.680800000000000000e+04
2.682400000000000000e+04
2.682700000000000000e+04
2.683100000000000000e+04
2.684500000000000000e+04
2.688900000000000000e+04
2.690500000000000000e+04
2.690900000000000000e+04
2.693400000000000000e+04
2.694400000000000000e+04
2.695000000000000000e+04
2.695300000000000000e+04
2.697500000000000000e+04
2.698800000000000000e+04
2.699000000000000000e+04
2.699600000000000000e+04
2.700700000000000000e+04
2.701400000000000000e+04
2.701800000000000000e+04
2.702600000000000000e+04
2.703000000000000000e+04
2.704600000000000000e+04
2.705100000000000000e+04
2.706400000000000000e+04
2.706600000000000000e+04
2.706800000000000000e+04
2.707700000000000000e+04
2.708800000000000000e+04
2.710500000000000000e+04
2.712800000000000000e+04
2.713700000000000000e+04
2.715500000000000000e+04
2.715800000000000000e+04
2.716900000000000000e+04
2.717100000000000000e+04
2.717200000000000000e+04
2.718400000000000000e+04
2.719900000000000000e+04
2.721000000000000000e+04
2.721600000000000000e+04
2.722200000000000000e+04
2.722300000000000000e+04
2.722400000000000000e+04
2.723700000000000000e+04
2.724400000000000000e+04
2.725000000000000000e+04
2.725500000000000000e+04
2.727300000000000000e+04
2.729600000000000000e+04
2.729900000000000000e+04
2.730300000000000000e+04
2.730900000000000000e+04
2.731700000000000000e+04
2.731800000000000000e+04
2.731900000000000000e+04
2.732100000000000000e+04
2.732700000000000000e+04
2.734200000000000000e+04
2.734800000000000000e+04
2.735300000000000000e+04
2.739000000000000000e+04
2.742400000000000000e+04
2.742900000000000000e+04
2.743000000000000000e+04
2.748800000000000000e+04
2.750200000000000000e+04
2.752900000000000000e+04
2.753100000000000000e+04
2.753700000000000000e+04
2.754400000000000000e+04
2.756000000000000000e+04
2.759200000000000000e+04
2.761400000000000000e+04
2.764300000000000000e+04
2.764900000000000000e+04
2.767800000000000000e+04
2.769100000000000000e+04
2.774500000000000000e+04
2.774600000000000000e+04
2.776000000000000000e+04
2.776400000000000000e+04
2.776900000000000000e+04
2.777300000000000000e+04
2.778100000000000000e+04
2.780000000000000000e+04
2.780800000000000000e+04
2.787500000000000000e+04
2.789400000000000000e+04
2.789900000000000000e+04
2.790700000000000000e+04
2.791100000000000000e+04
2.792100000000000000e+04
2.795900000000000000e+04
2.797200000000000000e+04
2.797600000000000000e+04
2.798200000000000000e+04
2.798400000000000000e+04
2.798600000000000000e+04
2.800200000000000000e+04
2.801500000000000000e+04
2.802500000000000000e+04
2.803300000000000000e+04
2.803700000000000000e+04
2.804000000000000000e+04
2.805400000000000000e+04
2.805600000000000000e+04
2.805900000000000000e+04
2.806300000000000000e+04
2.806600000000000000e+04
2.807700000000000000e+04
2.808500000000000000e+04
2.809300000000000000e+04
2.810100000000000000e+04
2.810700000000000000e+04
2.811100000000000000e+04
2.814100000000000000e+04
2.817500000000000000e+04
2.818300000000000000e+04
2.818500000000000000e+04
2.819200000000000000e+04
2.819600000000000000e+04
2.822000000000000000e+04
2.822700000000000000e+04
2.824400000000000000e+04
2.825900000000000000e+04
2.828400000000000000e+04
2.830100000000000000e+04
2.830900000000000000e+04
2.832300000000000000e+04
2.832500000000000000e+04
2.833400000000000000e+04
2.834000000000000000e+04
2.834800000000000000e+04
2.835100000000000000e+04
2.836800000000000000e+04
2.837100000000000000e+04
2.837200000000000000e+04
2.841800000000000000e+04
2.842300000000000000e+04
2.842900000000000000e+04
2.843300000000000000e+04
2.844900000000000000e+04
2.846500000000000000e+04
2.847300000000000000e+04
2.847400000000000000e+04
2.848600000000000000e+04
2.849300000000000000e+04
2.850900000000000000e+04
2.852700000000000000e+04
2.853200000000000000e+04
2.854500000000000000e+04
2.855900000000000000e+04
2.857100000000000000e+04
2.857200000000000000e+04
2.857400000000000000e+04
2.858300000000000000e+04
2.858500000000000000e+04
2.858700000000000000e+04
2.859500000000000000e+04
2.859700000000000000e+04
2.859900000000000000e+04
2.860700000000000000e+04
2.861900000000000000e+04
2.865100000000000000e+04
2.865800000000000000e+04
2.867100000000000000e+04
2.867300000000000000e+04
2.867800000000000000e+04
2.868400000000000000e+04
2.868600000000000000e+04
2.870600000000000000e+04
2.872200000000000000e+04
2.873400000000000000e+04
2.875600000000000000e+04
2.876100000000000000e+04
2.876800000000000000e+04
2.877500000000000000e+04
2.878000000000000000e+04
2.880200000000000000e+04
2.881300000000000000e+04
2.885900000000000000e+04
2.886900000000000000e+04
2.887000000000000000e+04
2.887100000000000000e+04
2.887800000000000000e+04
2.888700000000000000e+04
2.889100000000000000e+04
2.890700000000000000e+04
2.892000000000000000e+04
2.892100000000000000e+04
2.892300000000000000e+04
2.895800000000000000e+04
2.896400000000000000e+04
2.897000000000000000e+04
2.897900000000000000e+04
2.899100000000000000e+04
2.899700000000000000e+04
2.900500000000000000e+04
2.900900000000000000e+04
2.901400000000000000e+04
2.903800000000000000e+04
2.904500000000000000e+04
2.905900000000000000e+04
2.909600000000000000e+04
2.910800000000000000e+04
2.911400000000000000e+04
2.911500000000000000e+04
2.913400000000000000e+04
2.914800000000000000e+04
2.918300000000000000e+04
2.918500000000000000e+04
2.919900000000000000e+04
2.922100000000000000e+04
2.922400000000000000e+04
2.922700000000000000e+04
2.923400000000000000e+04
2.926000000000000000e+04
2.928500000000000000e+04
2.929100000000000000e+04
2.929300000000000000e+04
2.929500000000000000e+04
2.932700000000000000e+04
2.932800000000000000e+04
2.933300000000000000e+04
2.934100000000000000e+04
2.936200000000000000e+04
2.936300000000000000e+04
2.937000000000000000e+04
2.937300000000000000e+04
2.938400000000000000e+04
2.941000000000000000e+04
2.943900000000000000e+04
2.944000000000000000e+04
2.947600000000000000e+04
2.948200000000000000e+04
2.948500000000000000e+04
2.948700000000000000e+04
2.950000000000000000e+04
2.950100000000000000e+04
2.950600000000000000e+04
2.951000000000000000e+04
2.951100000000000000e+04
2.953000000000000000e+04
2.953600000000000000e+04
2.954000000000000000e+04
2.954400000000000000e+04
2.955600000000000000e+04
2.957200000000000000e+04
2.957700000000000000e+04
2.959900000000000000e+04
2.960900000000000000e+04
2.962200000000000000e+04
2.966300000000000000e+04
2.966800000000000000e+04
2.967700000000000000e+04
2.972600000000000000e+04
2.973200000000000000e+04
2.974400000000000000e+04
2.977000000000000000e+04
2.977600000000000000e+04
2.977900000000000000e+04
2.979300000000000000e+04
2.980300000000000000e+04
2.981200000000000000e+04
2.981800000000000000e+04
2.983700000000000000e+04
2.984300000000000000e+04
2.984400000000000000e+04
2.984800000000000000e+04
2.985200000000000000e+04
2.986600000000000000e+04
2.986900000000000000e+04
2.989900000000000000e+04
2.990900000000000000e+04
2.991100000000000000e+04
2.993800000000000000e+04
2.995200000000000000e+04
2.995700000000000000e+04
2.996500000000000000e+04
2.997000000000000000e+04
2.998100000000000000e+04
2.999200000000000000e+04
3.000700000000000000e+04
3.002400000000000000e+04
3.002500000000000000e+04
3.003000000000000000e+04
3.004700000000000000e+04
3.004800000000000000e+04
3.005900000000000000e+04
3.011900000000000000e+04
3.012400000000000000e+04
3.012800000000000000e+04
3.013100000000000000e+04
3.013200000000000000e+04
3.016200000000000000e+04
3.016400000000000000e+04
3.017400000000000000e+04
3.017500000000000000e+04
3.018300000000000000e+04
3.018400000000000000e+04
3.020500000000000000e+04
3.023900000000000000e+04
3.025500000000000000e+04
3.027000000000000000e+04
3.031200000000000000e+04
3.031700000000000000e+04
3.033000000000000000e+04
3.035600000000000000e+04
3.036400000000000000e+04
3.037000000000000000e+04
3.037800000000000000e+04
3.038000000000000000e+04
3.039200000000000000e+04
3.040000000000000000e+04
3.041900000000000000e+04
3.042600000000000000e+04
3.043800000000000000e+04
3.043900000000000000e+04
3.044600000000000000e+04
3.045400000000000000e+04
3.046600000000000000e+04
3.047000000000000000e+04
3.047200000000000000e+04
3.047900000000000000e+04
3.048800000000000000e+04
3.050900000000000000e+04
3.051500000000000000e+04
3.052700000000000000e+04
3.052900000000000000e+04
3.053000000000000000e+04
3.053400000000000000e+04
3.054900000000000000e+04
3.056000000000000000e+04
3.056300000000000000e+04
3.056400000000000000e+04
3.059300000000000000e+04
3.061300000000000000e+04
3.062400000000000000e+04
3.064000000000000000e+04
3.064800000000000000e+04
3.065800000000000000e+04
3.067700000000000000e+04
3.068700000000000000e+04
3.069800000000000000e+04
3.070100000000000000e+04
3.071400000000000000e+04
3.072000000000000000e+04
3.072700000000000000e+04
3.072800000000000000e+04
3.073400000000000000e+04
3.075200000000000000e+04
3.075600000000000000e+04
3.077000000000000000e+04
3.077100000000000000e+04
3.078600000000000000e+04
3.078700000000000000e+04
3.079800000000000000e+04
3.081800000000000000e+04
3.081900000000000000e+04
3.082700000000000000e+04
3.083400000000000000e+04
3.083700000000000000e+04
3.084100000000000000e+04
3.084800000000000000e+04
3.088400000000000000e+04
3.089700000000000000e+04
3.090300000000000000e+04
3.091800000000000000e+04
3.093700000000000000e+04
3.094400000000000000e+04
3.094900000000000000e+04
3.098000000000000000e+04
3.100500000000000000e+04
3.104100000000000000e+04
3.106000000000000000e+04
3.108700000000000000e+04
3.109400000000000000e+04
3.109700000000000000e+04
3.110300000000000000e+04
3.112000000000000000e+04
3.115300000000000000e+04
3.118700000000000000e+04
3.119100000000000000e+04
3.121500000000000000e+04
3.121600000000000000e+04
3.123100000000000000e+04
3.123400000000000000e+04
3.127700000000000000e+04
3.128000000000000000e+04
3.129700000000000000e+04
3.130900000000000000e+04
3.131400000000000000e+04
3.132900000000000000e+04
3.134200000000000000e+04
3.136200000000000000e+04
3.136700000000000000e+04
3.138100000000000000e+04
3.139500000000000000e+04
3.143300000000000000e+04
3.144200000000000000e+04
3.145600000000000000e+04
3.146000000000000000e+04
3.146500000000000000e+04
3.146600000000000000e+04
3.147000000000000000e+04
3.147300000000000000e+04
3.149300000000000000e+04
3.149800000000000000e+04
3.150000000000000000e+04
3.150900000000000000e+04
3.152400000000000000e+04
3.153400000000000000e+04
3.153500000000000000e+04
3.153600000000000000e+04
3.154400000000000000e+04
3.154900000000000000e+04
3.157900000000000000e+04
3.158200000000000000e+04
3.159500000000000000e+04
3.162200000000000000e+04
3.163000000000000000e+04
3.163100000000000000e+04
3.164300000000000000e+04
3.166000000000000000e+04
3.166400000000000000e+04
3.167000000000000000e+04
3.167100000000000000e+04
3.168300000000000000e+04
3.169400000000000000e+04
3.169700000000000000e+04
3.172800000000000000e+04
3.172900000000000000e+04
3.177000000000000000e+04
3.178300000000000000e+04
3.180900000000000000e+04
3.185300000000000000e+04
3.186000000000000000e+04
3.186600000000000000e+04
3.188800000000000000e+04
3.188900000000000000e+04
3.191300000000000000e+04
3.191400000000000000e+04
3.194200000000000000e+04
3.194800000000000000e+04
3.196600000000000000e+04
3.199400000000000000e+04
3.201200000000000000e+04
3.201600000000000000e+04
3.202300000000000000e+04
3.206400000000000000e+04
3.206600000000000000e+04
3.207900000000000000e+04
3.208800000000000000e+04
3.210500000000000000e+04
3.212100000000000000e+04
3.213100000000000000e+04
3.214600000000000000e+04
3.215100000000000000e+04
3.216100000000000000e+04
3.217000000000000000e+04
3.217200000000000000e+04
3.217600000000000000e+04
3.219100000000000000e+04
3.220700000000000000e+04
3.221300000000000000e+04
3.221600000000000000e+04
3.221900000000000000e+04
3.225200000000000000e+04
3.226800000000000000e+04
3.228100000000000000e+04
3.232500000000000000e+04
3.233200000000000000e+04
3.234500000000000000e+04
3.235400000000000000e+04
3.235600000000000000e+04
3.237400000000000000e+04
3.237500000000000000e+04
3.237900000000000000e+04
3.239500000000000000e+04
3.239700000000000000e+04
3.240100000000000000e+04
3.243700000000000000e+04
3.244500000000000000e+04
3.245400000000000000e+04
3.247800000000000000e+04
3.249300000000000000e+04
3.250600000000000000e+04
3.250800000000000000e+04
3.252000000000000000e+04
3.254700000000000000e+04
3.255000000000000000e+04
3.255300000000000000e+04
3.256300000000000000e+04
3.256400000000000000e+04
3.259500000000000000e+04
3.259800000000000000e+04
3.260400000000000000e+04
3.261500000000000000e+04
3.261800000000000000e+04
3.262000000000000000e+04
3.263200000000000000e+04
3.263300000000000000e+04
3.264200000000000000e+04
3.266000000000000000e+04
3.268600000000000000e+04
3.268700000000000000e+04
3.269900000000000000e+04
3.270500000000000000e+04
3.271600000000000000e+04
3.272300000000000000e+04
3.273600000000000000e+04
3.277100000000000000e+04
3.279900000000000000e+04
3.280500000000000000e+04
3.281700000000000000e+04
3.282200000000000000e+04
3.282600000000000000e+04
3.283800000000000000e+04
3.284800000000000000e+04
3.287000000000000000e+04
3.287300000000000000e+04
3.287700000000000000e+04
3.288600000000000000e+04
3.290600000000000000e+04
3.291100000000000000e+04
3.294000000000000000e+04
3.296000000000000000e+04
3.300500000000000000e+04
3.300700000000000000e+04
3.302200000000000000e+04
3.304600000000000000e+04
3.306800000000000000e+04
3.311100000000000000e+04
3.311600000000000000e+04
3.311700000000000000e+04
3.311900000000000000e+04
3.312400000000000000e+04
3.313600000000000000e+04
3.315200000000000000e+04
3.315300000000000000e+04
3.317100000000000000e+04
3.317600000000000000e+04
3.317800000000000000e+04
3.318900000000000000e+04
3.321200000000000000e+04
3.324900000000000000e+04
3.327900000000000000e+04
3.328700000000000000e+04
3.331000000000000000e+04
3.331700000000000000e+04
3.334300000000000000e+04
3.335400000000000000e+04
3.340100000000000000e+04
3.341900000000000000e+04
3.342700000000000000e+04
3.342800000000000000e+04
3.343400000000000000e+04
3.343500000000000000e+04
3.343600000000000000e+04
3.345000000000000000e+04
3.345400000000000000e+04
3.345500000000000000e+04
3.346800000000000000e+04
3.354400000000000000e+04
3.354600000000000000e+04
3.355000000000000000e+04
3.357100000000000000e+04
3.360300000000000000e+04
3.363100000000000000e+04
3.363400000000000000e+04
3.366300000000000000e+04
3.368300000000000000e+04
3.370400000000000000e+04
3.370500000000000000e+04
3.374200000000000000e+04
3.375000000000000000e+04
3.375100000000000000e+04
3.375500000000000000e+04
3.376100000000000000e+04
3.378300000000000000e+04
3.380300000000000000e+04
3.381200000000000000e+04
3.382500000000000000e+04
3.384500000000000000e+04
3.385500000000000000e+04
3.388800000000000000e+04
3.388900000000000000e+04
3.392100000000000000e+04
3.395800000000000000e+04
3.395900000000000000e+04
3.397500000000000000e+04
3.398500000000000000e+04
3.399200000000000000e+04
3.399800000000000000e+04
3.400300000000000000e+04
3.401400000000000000e+04
3.401700000000000000e+04
3.404400000000000000e+04
3.405000000000000000e+04
3.405400000000000000e+04
3.405500000000000000e+04
3.407700000000000000e+04
3.410200000000000000e+04
3.411600000000000000e+04
3.412700000000000000e+04
3.413100000000000000e+04
3.413700000000000000e+04
3.415000000000000000e+04
3.415900000000000000e+04
3.416800000000000000e+04
3.418800000000000000e+04
3.421700000000000000e+04
3.427200000000000000e+04
3.428600000000000000e+04
3.428700000000000000e+04
3.429800000000000000e+04
3.434400000000000000e+04
3.436400000000000000e+04
3.438400000000000000e+04
3.438500000000000000e+04
3.439800000000000000e+04
3.443900000000000000e+04
3.446200000000000000e+04
3.446800000000000000e+04
3.448400000000000000e+04
