0.000000000000000000e+00
2.100000000000000000e+01
8.000000000000000000e+01
1.080000000000000000e+02
1.270000000000000000e+02
1.280000000000000000e+02
1.420000000000000000e+02
1.490000000000000000e+02
1.830000000000000000e+02
1.890000000000000000e+02
1.910000000000000000e+02
1.920000000000000000e+02
1.940000000000000000e+02
2.090000000000000000e+02
2.210000000000000000e+02
2.350000000000000000e+02
2.360000000000000000e+02
2.440000000000000000e+02
2.540000000000000000e+02
2.640000000000000000e+02
2.840000000000000000e+02
2.990000000000000000e+02
3.010000000000000000e+02
3.060000000000000000e+02
3.090000000000000000e+02
3.280000000000000000e+02
3.340000000000000000e+02
3.450000000000000000e+02
3.530000000000000000e+02
3.610000000000000000e+02
3.830000000000000000e+02
3.880000000000000000e+02
3.930000000000000000e+02
3.980000000000000000e+02
4.430000000000000000e+02
4.490000000000000000e+02
4.510000000000000000e+02
4.530000000000000000e+02
4.740000000000000000e+02
4.850000000000000000e+02
4.880000000000000000e+02
5.070000000000000000e+02
5.080000000000000000e+02
5.140000000000000000e+02
5.150000000000000000e+02
5.180000000000000000e+02
5.190000000000000000e+02
5.250000000000000000e+02
5.560000000000000000e+02
5.680000000000000000e+02
5.910000000000000000e+02
5.920000000000000000e+02
5.990000000000000000e+02
6.180000000000000000e+02
6.210000000000000000e+02
6.430000000000000000e+02
6.460000000000000000e+02
6.510000000000000000e+02
6.570000000000000000e+02
6.620000000000000000e+02
6.710000000000000000e+02
6.860000000000000000e+02
7.020000000000000000e+02
7.080000000000000000e+02
7.120000000000000000e+02
7.420000000000000000e+02
7.460000000000000000e+02
7.800000000000000000e+02
8.140000000000000000e+02
8.360000000000000000e+02
8.370000000000000000e+02
8.530000000000000000e+02
8.850000000000000000e+02
8.950000000000000000e+02
9.130000000000000000e+02
9.260000000000000000e+02
9.520000000000000000e+02
9.710000000000000000e+02
9.990000000000000000e+02
1.000000000000000000e+03
1.013000000000000000e+03
1.054000000000000000e+03
1.056000000000000000e+03
1.066000000000000000e+03
1.119000000000000000e+03
1.130000000000000000e+03
1.135000000000000000e+03
1.225000000000000000e+03
1.227000000000000000e+03
1.245000000000000000e+03
1.250000000000000000e+03
1.251000000000000000e+03
1.254000000000000000e+03
1.285000000000000000e+03
1.287000000000000000e+03
1.321000000000000000e+03
1.326000000000000000e+03
1.328000000000000000e+03
1.337000000000000000e+03
1.354000000000000000e+03
1.362000000000000000e+03
1.369000000000000000e+03
1.407000000000000000e+03
1.416000000000000000e+03
1.418000000000000000e+03
1.421000000000000000e+03
1.423000000000000000e+03
1.424000000000000000e+03
1.432000000000000000e+03
1.441000000000000000e+03
1.442000000000000000e+03
1.444000000000000000e+03
1.490000000000000000e+03
1.491000000000000000e+03
1.496000000000000000e+03
1.519000000000000000e+03
1.522000000000000000e+03
1.526000000000000000e+03
1.537000000000000000e+03
1.538000000000000000e+03
1.555000000000000000e+03
1.568000000000000000e+03
1.569000000000000000e+03
1.570000000000000000e+03
1.571000000000000000e+03
1.596000000000000000e+03
1.603000000000000000e+03
1.604000000000000000e+03
1.614000000000000000e+03
1.625000000000000000e+03
1.639000000000000000e+03
1.649000000000000000e+03
1.659000000000000000e+03
1.694000000000000000e+03
1.700000000000000000e+03
1.702000000000000000e+03
1.707000000000000000e+03
1.711000000000000000e+03
1.724000000000000000e+03
1.740000000000000000e+03
1.752000000000000000e+03
1.756000000000000000e+03
1.761000000000000000e+03
1.816000000000000000e+03
1.821000000000000000e+03
1.825000000000000000e+03
1.844000000000000000e+03
1.865000000000000000e+03
1.867000000000000000e+03
1.869000000000000000e+03
1.871000000000000000e+03
1.872000000000000000e+03
1.882000000000000000e+03
1.943000000000000000e+03
1.965000000000000000e+03
1.967000000000000000e+03
1.969000000000000000e+03
1.972000000000000000e+03
1.988000000000000000e+03
2.005000000000000000e+03
2.028000000000000000e+03
2.041000000000000000e+03
2.044000000000000000e+03
2.057000000000000000e+03
2.065000000000000000e+03
2.072000000000000000e+03
2.077000000000000000e+03
2.096000000000000000e+03
2.103000000000000000e+03
2.107000000000000000e+03
2.129000000000000000e+03
2.154000000000000000e+03
2.159000000000000000e+03
2.164000000000000000e+03
2.167000000000000000e+03
2.182000000000000000e+03
2.195000000000000000e+03
2.196000000000000000e+03
2.198000000000000000e+03
2.223000000000000000e+03
2.226000000000000000e+03
2.231000000000000000e+03
2.236000000000000000e+03
2.250000000000000000e+03
2.258000000000000000e+03
2.266000000000000000e+03
2.269000000000000000e+03
2.271000000000000000e+03
2.288000000000000000e+03
2.290000000000000000e+03
2.306000000000000000e+03
2.343000000000000000e+03
2.361000000000000000e+03
2.367000000000000000e+03
2.373000000000000000e+03
2.388000000000000000e+03
2.396000000000000000e+03
2.406000000000000000e+03
2.426000000000000000e+03
2.435000000000000000e+03
2.437000000000000000e+03
2.446000000000000000e+03
2.463000000000000000e+03
2.486000000000000000e+03
2.496000000000000000e+03
2.509000000000000000e+03
2.511000000000000000e+03
2.516000000000000000e+03
2.517000000000000000e+03
2.529000000000000000e+03
2.541000000000000000e+03
2.545000000000000000e+03
2.559000000000000000e+03
2.562000000000000000e+03
2.564000000000000000e+03
2.565000000000000000e+03
2.568000000000000000e+03
2.583000000000000000e+03
2.596000000000000000e+03
2.605000000000000000e+03
2.615000000000000000e+03
2.642000000000000000e+03
2.688000000000000000e+03
2.694000000000000000e+03
2.698000000000000000e+03
2.701000000000000000e+03
2.738000000000000000e+03
2.746000000000000000e+03
2.761000000000000000e+03
2.765000000000000000e+03
2.768000000000000000e+03
2.781000000000000000e+03
2.786000000000000000e+03
2.799000000000000000e+03
2.801000000000000000e+03
2.811000000000000000e+03
2.813000000000000000e+03
2.817000000000000000e+03
2.820000000000000000e+03
2.829000000000000000e+03
2.835000000000000000e+03
2.836000000000000000e+03
2.841000000000000000e+03
2.878000000000000000e+03
2.890000000000000000e+03
2.894000000000000000e+03
2.898000000000000000e+03
2.900000000000000000e+03
2.901000000000000000e+03
2.903000000000000000e+03
2.911000000000000000e+03
2.915000000000000000e+03
2.927000000000000000e+03
2.931000000000000000e+03
2.943000000000000000e+03
2.973000000000000000e+03
2.983000000000000000e+03
2.994000000000000000e+03
3.001000000000000000e+03
3.031000000000000000e+03
3.033000000000000000e+03
3.043000000000000000e+03
3.044000000000000000e+03
3.064000000000000000e+03
3.072000000000000000e+03
3.075000000000000000e+03
3.076000000000000000e+03
3.085000000000000000e+03
3.096000000000000000e+03
3.106000000000000000e+03
3.118000000000000000e+03
3.133000000000000000e+03
3.155000000000000000e+03
3.182000000000000000e+03
3.189000000000000000e+03
3.215000000000000000e+03
3.223000000000000000e+03
3.230000000000000000e+03
3.234000000000000000e+03
3.235000000000000000e+03
3.258000000000000000e+03
3.260000000000000000e+03
3.264000000000000000e+03
3.281000000000000000e+03
3.303000000000000000e+03
3.304000000000000000e+03
3.307000000000000000e+03
3.312000000000000000e+03
3.335000000000000000e+03
3.347000000000000000e+03
3.355000000000000000e+03
3.359000000000000000e+03
3.365000000000000000e+03
3.383000000000000000e+03
3.389000000000000000e+03
3.397000000000000000e+03
3.401000000000000000e+03
3.408000000000000000e+03
3.410000000000000000e+03
3.412000000000000000e+03
3.414000000000000000e+03
3.428000000000000000e+03
3.431000000000000000e+03
3.437000000000000000e+03
3.438000000000000000e+03
3.442000000000000000e+03
3.451000000000000000e+03
3.454000000000000000e+03
3.468000000000000000e+03
3.471000000000000000e+03
3.474000000000000000e+03
3.475000000000000000e+03
3.483000000000000000e+03
3.485000000000000000e+03
3.486000000000000000e+03
3.495000000000000000e+03
3.506000000000000000e+03
3.513000000000000000e+03
3.515000000000000000e+03
3.516000000000000000e+03
3.536000000000000000e+03
3.538000000000000000e+03
3.549000000000000000e+03
3.550000000000000000e+03
3.559000000000000000e+03
3.568000000000000000e+03
3.569000000000000000e+03
3.576000000000000000e+03
3.578000000000000000e+03
3.583000000000000000e+03
3.598000000000000000e+03
3.610000000000000000e+03
3.616000000000000000e+03
3.617000000000000000e+03
3.618000000000000000e+03
3.629000000000000000e+03
3.637000000000000000e+03
3.687000000000000000e+03
3.701000000000000000e+03
3.727000000000000000e+03
3.730000000000000000e+03
3.756000000000000000e+03
3.759000000000000000e+03
3.763000000000000000e+03
3.766000000000000000e+03
3.774000000000000000e+03
3.791000000000000000e+03
3.811000000000000000e+03
3.824000000000000000e+03
3.825000000000000000e+03
3.835000000000000000e+03
3.838000000000000000e+03
3.844000000000000000e+03
3.866000000000000000e+03
3.869000000000000000e+03
3.870000000000000000e+03
3.882000000000000000e+03
3.887000000000000000e+03
3.897000000000000000e+03
3.911000000000000000e+03
3.917000000000000000e+03
3.918000000000000000e+03
3.923000000000000000e+03
3.924000000000000000e+03
3.934000000000000000e+03
3.942000000000000000e+03
3.943000000000000000e+03
3.947000000000000000e+03
3.978000000000000000e+03
3.981000000000000000e+03
3.985000000000000000e+03
4.004000000000000000e+03
4.011000000000000000e+03
4.013000000000000000e+03
4.019000000000000000e+03
4.023000000000000000e+03
4.034000000000000000e+03
4.036000000000000000e+03
4.041000000000000000e+03
4.042000000000000000e+03
4.052000000000000000e+03
4.055000000000000000e+03
4.086000000000000000e+03
4.096000000000000000e+03
4.104000000000000000e+03
4.128000000000000000e+03
4.130000000000000000e+03
4.132000000000000000e+03
4.133000000000000000e+03
4.165000000000000000e+03
4.180000000000000000e+03
4.182000000000000000e+03
4.184000000000000000e+03
4.186000000000000000e+03
4.188000000000000000e+03
4.193000000000000000e+03
4.198000000000000000e+03
4.201000000000000000e+03
4.210000000000000000e+03
4.220000000000000000e+03
4.237000000000000000e+03
4.240000000000000000e+03
4.247000000000000000e+03
4.272000000000000000e+03
4.323000000000000000e+03
4.336000000000000000e+03
4.338000000000000000e+03
4.365000000000000000e+03
4.367000000000000000e+03
4.402000000000000000e+03
4.405000000000000000e+03
4.418000000000000000e+03
4.425000000000000000e+03
4.437000000000000000e+03
4.441000000000000000e+03
4.453000000000000000e+03
4.455000000000000000e+03
4.461000000000000000e+03
4.472000000000000000e+03
4.489000000000000000e+03
4.503000000000000000e+03
4.526000000000000000e+03
4.534000000000000000e+03
4.541000000000000000e+03
4.575000000000000000e+03
4.587000000000000000e+03
4.590000000000000000e+03
4.601000000000000000e+03
4.610000000000000000e+03
4.618000000000000000e+03
4.620000000000000000e+03
4.627000000000000000e+03
4.642000000000000000e+03
4.662000000000000000e+03
4.665000000000000000e+03
4.666000000000000000e+03
4.669000000000000000e+03
4.691000000000000000e+03
4.696000000000000000e+03
4.709000000000000000e+03
4.724000000000000000e+03
4.730000000000000000e+03
4.736000000000000000e+03
4.742000000000000000e+03
4.769000000000000000e+03
4.777000000000000000e+03
4.778000000000000000e+03
4.796000000000000000e+03
4.801000000000000000e+03
4.852000000000000000e+03
4.861000000000000000e+03
4.881000000000000000e+03
4.883000000000000000e+03
4.885000000000000000e+03
4.887000000000000000e+03
4.888000000000000000e+03
4.894000000000000000e+03
4.918000000000000000e+03
4.935000000000000000e+03
4.964000000000000000e+03
4.973000000000000000e+03
4.978000000000000000e+03
4.979000000000000000e+03
4.982000000000000000e+03
4.994000000000000000e+03
5.001000000000000000e+03
5.016000000000000000e+03
5.020000000000000000e+03
5.021000000000000000e+03
5.037000000000000000e+03
5.067000000000000000e+03
5.068000000000000000e+03
5.078000000000000000e+03
5.084000000000000000e+03
5.091000000000000000e+03
5.096000000000000000e+03
5.111000000000000000e+03
5.118000000000000000e+03
5.127000000000000000e+03
5.133000000000000000e+03
5.137000000000000000e+03
5.147000000000000000e+03
5.156000000000000000e+03
5.163000000000000000e+03
5.199000000000000000e+03
5.201000000000000000e+03
5.202000000000000000e+03
5.216000000000000000e+03
5.220000000000000000e+03
5.221000000000000000e+03
5.234000000000000000e+03
5.243000000000000000e+03
5.259000000000000000e+03
5.262000000000000000e+03
5.264000000000000000e+03
5.271000000000000000e+03
5.275000000000000000e+03
5.291000000000000000e+03
5.295000000000000000e+03
5.312000000000000000e+03
5.315000000000000000e+03
5.323000000000000000e+03
5.334000000000000000e+03
5.339000000000000000e+03
5.348000000000000000e+03
5.374000000000000000e+03
5.380000000000000000e+03
5.392000000000000000e+03
5.395000000000000000e+03
5.451000000000000000e+03
5.459000000000000000e+03
5.461000000000000000e+03
5.465000000000000000e+03
5.503000000000000000e+03
5.506000000000000000e+03
5.508000000000000000e+03
5.536000000000000000e+03
5.539000000000000000e+03
5.542000000000000000e+03
5.544000000000000000e+03
5.566000000000000000e+03
5.573000000000000000e+03
5.575000000000000000e+03
5.590000000000000000e+03
5.593000000000000000e+03
5.594000000000000000e+03
5.603000000000000000e+03
5.608000000000000000e+03
5.611000000000000000e+03
5.617000000000000000e+03
5.620000000000000000e+03
5.639000000000000000e+03
5.643000000000000000e+03
5.652000000000000000e+03
5.677000000000000000e+03
5.692000000000000000e+03
5.698000000000000000e+03
5.703000000000000000e+03
5.710000000000000000e+03
5.715000000000000000e+03
5.733000000000000000e+03
5.747000000000000000e+03
5.749000000000000000e+03
5.756000000000000000e+03
5.792000000000000000e+03
5.798000000000000000e+03
5.800000000000000000e+03
5.803000000000000000e+03
5.815000000000000000e+03
5.828000000000000000e+03
5.829000000000000000e+03
5.849000000000000000e+03
5.851000000000000000e+03
5.855000000000000000e+03
5.862000000000000000e+03
5.873000000000000000e+03
5.876000000000000000e+03
5.884000000000000000e+03
5.890000000000000000e+03
5.894000000000000000e+03
5.905000000000000000e+03
5.916000000000000000e+03
5.931000000000000000e+03
5.935000000000000000e+03
5.941000000000000000e+03
5.953000000000000000e+03
5.962000000000000000e+03
5.981000000000000000e+03
5.990000000000000000e+03
5.992000000000000000e+03
5.996000000000000000e+03
5.999000000000000000e+03
6.008000000000000000e+03
6.023000000000000000e+03
6.030000000000000000e+03
6.034000000000000000e+03
6.038000000000000000e+03
6.051000000000000000e+03
6.056000000000000000e+03
6.058000000000000000e+03
6.070000000000000000e+03
6.088000000000000000e+03
6.092000000000000000e+03
6.114000000000000000e+03
6.117000000000000000e+03
6.118000000000000000e+03
6.133000000000000000e+03
6.134000000000000000e+03
6.143000000000000000e+03
6.145000000000000000e+03
6.156000000000000000e+03
6.173000000000000000e+03
6.174000000000000000e+03
6.182000000000000000e+03
6.190000000000000000e+03
6.193000000000000000e+03
6.209000000000000000e+03
6.211000000000000000e+03
6.218000000000000000e+03
6.221000000000000000e+03
6.259000000000000000e+03
6.266000000000000000e+03
6.270000000000000000e+03
6.284000000000000000e+03
6.289000000000000000e+03
6.294000000000000000e+03
6.296000000000000000e+03
6.305000000000000000e+03
6.327000000000000000e+03
6.328000000000000000e+03
6.339000000000000000e+03
6.344000000000000000e+03
6.372000000000000000e+03
6.374000000000000000e+03
6.385000000000000000e+03
6.391000000000000000e+03
6.405000000000000000e+03
6.409000000000000000e+03
6.413000000000000000e+03
6.425000000000000000e+03
6.429000000000000000e+03
6.437000000000000000e+03
6.441000000000000000e+03
6.470000000000000000e+03
6.499000000000000000e+03
6.508000000000000000e+03
6.511000000000000000e+03
6.512000000000000000e+03
6.542000000000000000e+03
6.573000000000000000e+03
6.577000000000000000e+03
6.578000000000000000e+03
6.587000000000000000e+03
6.610000000000000000e+03
6.613000000000000000e+03
6.616000000000000000e+03
6.620000000000000000e+03
6.626000000000000000e+03
6.629000000000000000e+03
6.642000000000000000e+03
6.659000000000000000e+03
6.670000000000000000e+03
6.676000000000000000e+03
6.677000000000000000e+03
6.697000000000000000e+03
6.698000000000000000e+03
6.710000000000000000e+03
6.720000000000000000e+03
6.726000000000000000e+03
6.735000000000000000e+03
6.742000000000000000e+03
6.748000000000000000e+03
6.771000000000000000e+03
6.781000000000000000e+03
6.787000000000000000e+03
6.793000000000000000e+03
6.799000000000000000e+03
6.809000000000000000e+03
6.812000000000000000e+03
6.819000000000000000e+03
6.823000000000000000e+03
6.875000000000000000e+03
6.883000000000000000e+03
6.888000000000000000e+03
6.891000000000000000e+03
6.900000000000000000e+03
6.915000000000000000e+03
6.922000000000000000e+03
6.981000000000000000e+03
6.985000000000000000e+03
6.995000000000000000e+03
7.007000000000000000e+03
7.008000000000000000e+03
7.016000000000000000e+03
7.018000000000000000e+03
7.031000000000000000e+03
7.037000000000000000e+03
7.043000000000000000e+03
7.045000000000000000e+03
7.063000000000000000e+03
7.088000000000000000e+03
7.099000000000000000e+03
7.115000000000000000e+03
7.153000000000000000e+03
7.156000000000000000e+03
7.168000000000000000e+03
7.170000000000000000e+03
7.176000000000000000e+03
7.189000000000000000e+03
7.195000000000000000e+03
7.201000000000000000e+03
7.207000000000000000e+03
7.208000000000000000e+03
7.211000000000000000e+03
7.214000000000000000e+03
7.233000000000000000e+03
7.235000000000000000e+03
7.237000000000000000e+03
7.239000000000000000e+03
7.241000000000000000e+03
7.258000000000000000e+03
7.261000000000000000e+03
7.269000000000000000e+03
7.276000000000000000e+03
7.277000000000000000e+03
7.294000000000000000e+03
7.295000000000000000e+03
7.297000000000000000e+03
7.340000000000000000e+03
7.350000000000000000e+03
7.354000000000000000e+03
7.367000000000000000e+03
7.369000000000000000e+03
7.402000000000000000e+03
7.422000000000000000e+03
7.423000000000000000e+03
7.429000000000000000e+03
7.450000000000000000e+03
7.459000000000000000e+03
7.464000000000000000e+03
7.472000000000000000e+03
7.476000000000000000e+03
7.478000000000000000e+03
7.483000000000000000e+03
7.498000000000000000e+03
7.502000000000000000e+03
7.510000000000000000e+03
7.514000000000000000e+03
7.518000000000000000e+03
7.555000000000000000e+03
7.559000000000000000e+03
7.568000000000000000e+03
7.573000000000000000e+03
7.579000000000000000e+03
7.585000000000000000e+03
7.590000000000000000e+03
7.592000000000000000e+03
7.595000000000000000e+03
7.598000000000000000e+03
7.601000000000000000e+03
7.609000000000000000e+03
7.614000000000000000e+03
7.619000000000000000e+03
7.624000000000000000e+03
7.625000000000000000e+03
7.638000000000000000e+03
7.650000000000000000e+03
7.653000000000000000e+03
7.680000000000000000e+03
7.682000000000000000e+03
7.686000000000000000e+03
7.691000000000000000e+03
7.695000000000000000e+03
7.699000000000000000e+03
7.717000000000000000e+03
7.725000000000000000e+03
7.729000000000000000e+03
7.732000000000000000e+03
7.735000000000000000e+03
7.744000000000000000e+03
7.746000000000000000e+03
7.754000000000000000e+03
7.767000000000000000e+03
7.772000000000000000e+03
7.776000000000000000e+03
7.791000000000000000e+03
7.844000000000000000e+03
7.846000000000000000e+03
7.859000000000000000e+03
7.860000000000000000e+03
7.869000000000000000e+03
7.877000000000000000e+03
7.882000000000000000e+03
7.889000000000000000e+03
7.892000000000000000e+03
7.896000000000000000e+03
7.923000000000000000e+03
7.930000000000000000e+03
7.935000000000000000e+03
7.948000000000000000e+03
7.952000000000000000e+03
7.956000000000000000e+03
7.959000000000000000e+03
7.962000000000000000e+03
7.964000000000000000e+03
7.982000000000000000e+03
8.003000000000000000e+03
8.012000000000000000e+03
8.015000000000000000e+03
8.021000000000000000e+03
8.023000000000000000e+03
8.030000000000000000e+03
8.048000000000000000e+03
8.074000000000000000e+03
8.075000000000000000e+03
8.092000000000000000e+03
8.102000000000000000e+03
8.110000000000000000e+03
8.118000000000000000e+03
8.131000000000000000e+03
8.133000000000000000e+03
8.142000000000000000e+03
8.149000000000000000e+03
8.151000000000000000e+03
8.168000000000000000e+03
8.181000000000000000e+03
8.183000000000000000e+03
8.186000000000000000e+03
8.189000000000000000e+03
8.203000000000000000e+03
8.216000000000000000e+03
8.217000000000000000e+03
8.223000000000000000e+03
8.224000000000000000e+03
8.237000000000000000e+03
8.250000000000000000e+03
8.256000000000000000e+03
8.257000000000000000e+03
8.259000000000000000e+03
8.277000000000000000e+03
8.300000000000000000e+03
8.323000000000000000e+03
8.342000000000000000e+03
8.351000000000000000e+03
8.354000000000000000e+03
8.357000000000000000e+03
8.369000000000000000e+03
8.371000000000000000e+03
8.384000000000000000e+03
8.389000000000000000e+03
8.423000000000000000e+03
8.433000000000000000e+03
8.445000000000000000e+03
8.468000000000000000e+03
8.490000000000000000e+03
8.496000000000000000e+03
8.506000000000000000e+03
8.512000000000000000e+03
8.528000000000000000e+03
8.549000000000000000e+03
8.561000000000000000e+03
8.579000000000000000e+03
8.582000000000000000e+03
8.585000000000000000e+03
8.599000000000000000e+03
8.605000000000000000e+03
8.628000000000000000e+03
8.632000000000000000e+03
8.639000000000000000e+03
8.665000000000000000e+03
8.671000000000000000e+03
8.672000000000000000e+03
8.676000000000000000e+03
8.691000000000000000e+03
8.697000000000000000e+03
8.736000000000000000e+03
8.748000000000000000e+03
8.750000000000000000e+03
8.758000000000000000e+03
8.768000000000000000e+03
8.778000000000000000e+03
8.798000000000000000e+03
8.803000000000000000e+03
8.815000000000000000e+03
8.823000000000000000e+03
8.837000000000000000e+03
8.843000000000000000e+03
8.849000000000000000e+03
8.862000000000000000e+03
8.865000000000000000e+03
8.926000000000000000e+03
8.936000000000000000e+03
8.937000000000000000e+03
8.941000000000000000e+03
8.953000000000000000e+03
8.965000000000000000e+03
8.992000000000000000e+03
8.996000000000000000e+03
9.042000000000000000e+03
9.051000000000000000e+03
9.053000000000000000e+03
9.070000000000000000e+03
9.079000000000000000e+03
9.082000000000000000e+03
9.114000000000000000e+03
9.117000000000000000e+03
9.119000000000000000e+03
9.152000000000000000e+03
9.165000000000000000e+03
9.167000000000000000e+03
9.175000000000000000e+03
9.176000000000000000e+03
9.212000000000000000e+03
9.220000000000000000e+03
9.227000000000000000e+03
9.268000000000000000e+03
9.285000000000000000e+03
9.289000000000000000e+03
9.303000000000000000e+03
9.312000000000000000e+03
9.329000000000000000e+03
9.332000000000000000e+03
9.335000000000000000e+03
9.357000000000000000e+03
9.382000000000000000e+03
9.422000000000000000e+03
9.425000000000000000e+03
9.429000000000000000e+03
9.435000000000000000e+03
9.440000000000000000e+03
9.444000000000000000e+03
9.445000000000000000e+03
9.450000000000000000e+03
9.454000000000000000e+03
9.465000000000000000e+03
9.469000000000000000e+03
9.490000000000000000e+03
9.501000000000000000e+03
9.504000000000000000e+03
9.523000000000000000e+03
9.525000000000000000e+03
9.572000000000000000e+03
9.605000000000000000e+03
9.611000000000000000e+03
9.613000000000000000e+03
9.624000000000000000e+03
9.628000000000000000e+03
9.666000000000000000e+03
9.684000000000000000e+03
9.699000000000000000e+03
9.703000000000000000e+03
9.707000000000000000e+03
9.726000000000000000e+03
9.742000000000000000e+03
9.788000000000000000e+03
9.793000000000000000e+03
9.806000000000000000e+03
9.816000000000000000e+03
9.835000000000000000e+03
9.837000000000000000e+03
9.857000000000000000e+03
9.872000000000000000e+03
9.874000000000000000e+03
9.877000000000000000e+03
9.897000000000000000e+03
9.921000000000000000e+03
9.923000000000000000e+03
9.929000000000000000e+03
9.937000000000000000e+03
9.945000000000000000e+03
9.949000000000000000e+03
9.965000000000000000e+03
9.984000000000000000e+03
9.992000000000000000e+03
1.000200000000000000e+04
1.001500000000000000e+04
1.002600000000000000e+04
1.004700000000000000e+04
1.006600000000000000e+04
1.007700000000000000e+04
1.008900000000000000e+04
1.009100000000000000e+04
1.010500000000000000e+04
1.011900000000000000e+04
1.013100000000000000e+04
1.013200000000000000e+04
1.014500000000000000e+04
1.014600000000000000e+04
1.015600000000000000e+04
1.017100000000000000e+04
1.018500000000000000e+04
1.018900000000000000e+04
1.019700000000000000e+04
1.020500000000000000e+04
1.020600000000000000e+04
1.022000000000000000e+04
1.022300000000000000e+04
1.022500000000000000e+04
1.023900000000000000e+04
1.024900000000000000e+04
1.025000000000000000e+04
1.027900000000000000e+04
1.028600000000000000e+04
1.029000000000000000e+04
1.030900000000000000e+04
1.031000000000000000e+04
1.031500000000000000e+04
1.031800000000000000e+04
1.036800000000000000e+04
1.038200000000000000e+04
1.038300000000000000e+04
1.039100000000000000e+04
1.039400000000000000e+04
1.039500000000000000e+04
1.040700000000000000e+04
1.041700000000000000e+04
1.042900000000000000e+04
1.049300000000000000e+04
1.051000000000000000e+04
1.051300000000000000e+04
1.052500000000000000e+04
1.054600000000000000e+04
1.055400000000000000e+04
1.056100000000000000e+04
1.057100000000000000e+04
1.058400000000000000e+04
1.058900000000000000e+04
1.060000000000000000e+04
1.062700000000000000e+04
1.064000000000000000e+04
1.065100000000000000e+04
1.068700000000000000e+04
1.068800000000000000e+04
1.072200000000000000e+04
1.073400000000000000e+04
1.076200000000000000e+04
1.078500000000000000e+04
1.078600000000000000e+04
1.079800000000000000e+04
1.080400000000000000e+04
1.080500000000000000e+04
1.081500000000000000e+04
1.084500000000000000e+04
1.085200000000000000e+04
1.085600000000000000e+04
1.085800000000000000e+04
1.087700000000000000e+04
1.088400000000000000e+04
1.089000000000000000e+04
1.089800000000000000e+04
1.091100000000000000e+04
1.091700000000000000e+04
1.092800000000000000e+04
1.096000000000000000e+04
1.098900000000000000e+04
1.099500000000000000e+04
1.101600000000000000e+04
1.103800000000000000e+04
1.103900000000000000e+04
1.105300000000000000e+04
1.105800000000000000e+04
1.107300000000000000e+04
1.107500000000000000e+04
1.107700000000000000e+04
1.108300000000000000e+04
1.108400000000000000e+04
1.110300000000000000e+04
1.110700000000000000e+04
1.111300000000000000e+04
1.113400000000000000e+04
1.114000000000000000e+04
1.114700000000000000e+04
1.115400000000000000e+04
1.116900000000000000e+04
1.117700000000000000e+04
1.119600000000000000e+04
1.120700000000000000e+04
1.121300000000000000e+04
1.121400000000000000e+04
1.123900000000000000e+04
1.124200000000000000e+04
1.125900000000000000e+04
1.127200000000000000e+04
1.127300000000000000e+04
1.129700000000000000e+04
1.130000000000000000e+04
1.132100000000000000e+04
1.134900000000000000e+04
1.135600000000000000e+04
1.138900000000000000e+04
1.140600000000000000e+04
1.142600000000000000e+04
1.144600000000000000e+04
1.147300000000000000e+04
1.147900000000000000e+04
1.148800000000000000e+04
1.150000000000000000e+04
1.151100000000000000e+04
1.151600000000000000e+04
1.153400000000000000e+04
1.155000000000000000e+04
1.155200000000000000e+04
1.156000000000000000e+04
1.157200000000000000e+04
1.157600000000000000e+04
1.160100000000000000e+04
1.161500000000000000e+04
1.162800000000000000e+04
1.162900000000000000e+04
1.163500000000000000e+04
1.165300000000000000e+04
1.167700000000000000e+04
1.167800000000000000e+04
1.168600000000000000e+04
1.169300000000000000e+04
1.171100000000000000e+04
1.171500000000000000e+04
1.172500000000000000e+04
1.174300000000000000e+04
1.174600000000000000e+04
1.176500000000000000e+04
1.177500000000000000e+04
1.178200000000000000e+04
1.181000000000000000e+04
1.183900000000000000e+04
1.185300000000000000e+04
1.185600000000000000e+04
1.185700000000000000e+04
1.186500000000000000e+04
1.189100000000000000e+04
1.190500000000000000e+04
1.190800000000000000e+04
1.191900000000000000e+04
1.192900000000000000e+04
1.195400000000000000e+04
1.197800000000000000e+04
1.199400000000000000e+04
1.201700000000000000e+04
1.201900000000000000e+04
1.203000000000000000e+04
1.204500000000000000e+04
1.206300000000000000e+04
1.206800000000000000e+04
1.207000000000000000e+04
1.208500000000000000e+04
1.208800000000000000e+04
1.210100000000000000e+04
1.210700000000000000e+04
1.211200000000000000e+04
1.211700000000000000e+04
1.213600000000000000e+04
1.213700000000000000e+04
1.214200000000000000e+04
1.214500000000000000e+04
1.214600000000000000e+04
1.215400000000000000e+04
1.218500000000000000e+04
1.218600000000000000e+04
1.221800000000000000e+04
1.222300000000000000e+04
1.222400000000000000e+04
1.222600000000000000e+04
1.223600000000000000e+04
1.223900000000000000e+04
1.224300000000000000e+04
1.224800000000000000e+04
1.225300000000000000e+04
1.227100000000000000e+04
1.227800000000000000e+04
1.228300000000000000e+04
1.228400000000000000e+04
1.228800000000000000e+04
1.229200000000000000e+04
1.231400000000000000e+04
1.231800000000000000e+04
1.232400000000000000e+04
1.233600000000000000e+04
1.235100000000000000e+04
1.236900000000000000e+04
1.237300000000000000e+04
1.239000000000000000e+04
1.239200000000000000e+04
1.239300000000000000e+04
1.240800000000000000e+04
1.241100000000000000e+04
1.241700000000000000e+04
1.241800000000000000e+04
1.242600000000000000e+04
1.244200000000000000e+04
1.245700000000000000e+04
1.247200000000000000e+04
1.247600000000000000e+04
1.248700000000000000e+04
1.249000000000000000e+04
1.251200000000000000e+04
1.254200000000000000e+04
1.257000000000000000e+04
1.260000000000000000e+04
1.260200000000000000e+04
1.262300000000000000e+04
1.263800000000000000e+04
1.264500000000000000e+04
1.266300000000000000e+04
1.267500000000000000e+04
1.268000000000000000e+04
1.269600000000000000e+04
1.270000000000000000e+04
1.270100000000000000e+04
1.272600000000000000e+04
1.272800000000000000e+04
1.273300000000000000e+04
1.274200000000000000e+04
1.276400000000000000e+04
1.277100000000000000e+04
1.278400000000000000e+04
1.281700000000000000e+04
1.282400000000000000e+04
1.282600000000000000e+04
1.284500000000000000e+04
1.285000000000000000e+04
1.285300000000000000e+04
1.285800000000000000e+04
1.286400000000000000e+04
1.286800000000000000e+04
1.287300000000000000e+04
1.287400000000000000e+04
1.288500000000000000e+04
1.289100000000000000e+04
1.289300000000000000e+04
1.291000000000000000e+04
1.291900000000000000e+04
1.293100000000000000e+04
1.293200000000000000e+04
1.293300000000000000e+04
1.294400000000000000e+04
1.296700000000000000e+04
1.297100000000000000e+04
1.298400000000000000e+04
1.299400000000000000e+04
1.299800000000000000e+04
1.300600000000000000e+04
1.301000000000000000e+04
1.302300000000000000e+04
1.302400000000000000e+04
1.302500000000000000e+04
1.302800000000000000e+04
1.305200000000000000e+04
1.305800000000000000e+04
1.308100000000000000e+04
1.310600000000000000e+04
1.312200000000000000e+04
1.312300000000000000e+04
1.313300000000000000e+04
1.315300000000000000e+04
1.315500000000000000e+04
1.317500000000000000e+04
1.318100000000000000e+04
1.318700000000000000e+04
1.318900000000000000e+04
1.320300000000000000e+04
1.320900000000000000e+04
1.321500000000000000e+04
1.322200000000000000e+04
1.324500000000000000e+04
1.325400000000000000e+04
1.325500000000000000e+04
1.326300000000000000e+04
1.326500000000000000e+04
1.328300000000000000e+04
1.328400000000000000e+04
1.329700000000000000e+04
1.330000000000000000e+04
1.330400000000000000e+04
1.331500000000000000e+04
1.331900000000000000e+04
1.332800000000000000e+04
1.334200000000000000e+04
1.335300000000000000e+04
1.337600000000000000e+04
1.337900000000000000e+04
1.338600000000000000e+04
1.338900000000000000e+04
1.339800000000000000e+04
1.344400000000000000e+04
1.345400000000000000e+04
1.346000000000000000e+04
1.346600000000000000e+04
1.348400000000000000e+04
1.348500000000000000e+04
1.350400000000000000e+04
1.351200000000000000e+04
1.351900000000000000e+04
1.352000000000000000e+04
1.353200000000000000e+04
1.353400000000000000e+04
1.354900000000000000e+04
1.355000000000000000e+04
1.356800000000000000e+04
1.359600000000000000e+04
1.360300000000000000e+04
1.360600000000000000e+04
1.363300000000000000e+04
1.363900000000000000e+04
1.365200000000000000e+04
1.365700000000000000e+04
1.367200000000000000e+04
1.368600000000000000e+04
1.369800000000000000e+04
1.370100000000000000e+04
1.371700000000000000e+04
1.372200000000000000e+04
1.373800000000000000e+04
1.374800000000000000e+04
1.375300000000000000e+04
1.378400000000000000e+04
1.381000000000000000e+04
1.381300000000000000e+04
1.381500000000000000e+04
1.381800000000000000e+04
1.382600000000000000e+04
1.386000000000000000e+04
1.386500000000000000e+04
1.386800000000000000e+04
1.386900000000000000e+04
1.388400000000000000e+04
1.388800000000000000e+04
1.390400000000000000e+04
1.390500000000000000e+04
1.392600000000000000e+04
1.394300000000000000e+04
1.395100000000000000e+04
1.395800000000000000e+04
1.398700000000000000e+04
1.398900000000000000e+04
1.399900000000000000e+04
1.400500000000000000e+04
1.401800000000000000e+04
1.403200000000000000e+04
1.404400000000000000e+04
1.405900000000000000e+04
1.408900000000000000e+04
1.411400000000000000e+04
1.411800000000000000e+04
1.412200000000000000e+04
1.416300000000000000e+04
1.416800000000000000e+04
1.417000000000000000e+04
1.417400000000000000e+04
1.417800000000000000e+04
1.417900000000000000e+04
1.418600000000000000e+04
1.418700000000000000e+04
1.420000000000000000e+04
1.420700000000000000e+04
1.421400000000000000e+04
1.422800000000000000e+04
1.423400000000000000e+04
1.423800000000000000e+04
1.425000000000000000e+04
1.426200000000000000e+04
1.426400000000000000e+04
1.426900000000000000e+04
1.428500000000000000e+04
1.428900000000000000e+04
1.429000000000000000e+04
1.432600000000000000e+04
1.435500000000000000e+04
1.436300000000000000e+04
1.436400000000000000e+04
1.438700000000000000e+04
1.439000000000000000e+04
1.440000000000000000e+04
1.440700000000000000e+04
1.442200000000000000e+04
1.443900000000000000e+04
1.445500000000000000e+04
1.446800000000000000e+04
1.448200000000000000e+04
1.448300000000000000e+04
1.448600000000000000e+04
1.448900000000000000e+04
1.449100000000000000e+04
1.449300000000000000e+04
1.449500000000000000e+04
1.450000000000000000e+04
1.451400000000000000e+04
1.451500000000000000e+04
1.451700000000000000e+04
1.453400000000000000e+04
1.455800000000000000e+04
1.456100000000000000e+04
1.456500000000000000e+04
1.456600000000000000e+04
1.457100000000000000e+04
1.460100000000000000e+04
1.461600000000000000e+04
1.461900000000000000e+04
1.464700000000000000e+04
1.466200000000000000e+04
1.467100000000000000e+04
1.469200000000000000e+04
1.470400000000000000e+04
1.472100000000000000e+04
1.472900000000000000e+04
1.473500000000000000e+04
1.473700000000000000e+04
1.474900000000000000e+04
1.475300000000000000e+04
1.475600000000000000e+04
1.476600000000000000e+04
1.476800000000000000e+04
1.476900000000000000e+04
1.480100000000000000e+04
1.480400000000000000e+04
1.481400000000000000e+04
1.481900000000000000e+04
1.482400000000000000e+04
1.482900000000000000e+04
1.483000000000000000e+04
1.483600000000000000e+04
1.484100000000000000e+04
1.484900000000000000e+04
1.487300000000000000e+04
1.488500000000000000e+04
1.488900000000000000e+04
1.489200000000000000e+04
1.489400000000000000e+04
1.490400000000000000e+04
1.494000000000000000e+04
1.494500000000000000e+04
1.494900000000000000e+04
1.496700000000000000e+04
1.499400000000000000e+04
1.499800000000000000e+04
1.502200000000000000e+04
1.502300000000000000e+04
1.502600000000000000e+04
1.504000000000000000e+04
1.504900000000000000e+04
1.506000000000000000e+04
1.507200000000000000e+04
1.510100000000000000e+04
1.510200000000000000e+04
1.510300000000000000e+04
1.510900000000000000e+04
1.511500000000000000e+04
1.514400000000000000e+04
1.515400000000000000e+04
1.518800000000000000e+04
1.520200000000000000e+04
1.521400000000000000e+04
1.523700000000000000e+04
1.524000000000000000e+04
1.525000000000000000e+04
1.526000000000000000e+04
1.527100000000000000e+04
1.527600000000000000e+04
1.528200000000000000e+04
1.528300000000000000e+04
1.528500000000000000e+04
1.528800000000000000e+04
1.529200000000000000e+04
1.530900000000000000e+04
1.531500000000000000e+04
1.531700000000000000e+04
1.532500000000000000e+04
1.534400000000000000e+04
1.534600000000000000e+04
1.535400000000000000e+04
1.536100000000000000e+04
1.536300000000000000e+04
1.539800000000000000e+04
1.540300000000000000e+04
1.542400000000000000e+04
1.543100000000000000e+04
1.543300000000000000e+04
1.544300000000000000e+04
1.545300000000000000e+04
1.546200000000000000e+04
1.546700000000000000e+04
1.547400000000000000e+04
1.547600000000000000e+04
1.551700000000000000e+04
1.553100000000000000e+04
1.553400000000000000e+04
1.557900000000000000e+04
1.558200000000000000e+04
1.558300000000000000e+04
1.559200000000000000e+04
1.559500000000000000e+04
1.561200000000000000e+04
1.561400000000000000e+04
1.561800000000000000e+04
1.562000000000000000e+04
1.562500000000000000e+04
1.562900000000000000e+04
1.564000000000000000e+04
1.564700000000000000e+04
1.565100000000000000e+04
1.566200000000000000e+04
1.567900000000000000e+04
1.570100000000000000e+04
1.572300000000000000e+04
1.573800000000000000e+04
1.574000000000000000e+04
1.574500000000000000e+04
1.575600000000000000e+04
1.576300000000000000e+04
1.577000000000000000e+04
1.577600000000000000e+04
1.577800000000000000e+04
1.578200000000000000e+04
1.580500000000000000e+04
1.581000000000000000e+04
1.581300000000000000e+04
1.582100000000000000e+04
1.582400000000000000e+04
1.583100000000000000e+04
1.583500000000000000e+04
1.585800000000000000e+04
1.586900000000000000e+04
1.587800000000000000e+04
1.587900000000000000e+04
1.589500000000000000e+04
1.592800000000000000e+04
1.593500000000000000e+04
1.596300000000000000e+04
1.597200000000000000e+04
1.597300000000000000e+04
1.598000000000000000e+04
1.599000000000000000e+04
1.599400000000000000e+04
1.601100000000000000e+04
1.601700000000000000e+04
1.602000000000000000e+04
1.603000000000000000e+04
1.604400000000000000e+04
1.604500000000000000e+04
1.604600000000000000e+04
1.606000000000000000e+04
1.607400000000000000e+04
1.608300000000000000e+04
1.608600000000000000e+04
1.609000000000000000e+04
1.609500000000000000e+04
1.609700000000000000e+04
1.609800000000000000e+04
1.609900000000000000e+04
1.611200000000000000e+04
1.613400000000000000e+04
1.614300000000000000e+04
1.614800000000000000e+04
1.614900000000000000e+04
1.616400000000000000e+04
1.617600000000000000e+04
1.619500000000000000e+04
1.619600000000000000e+04
1.621000000000000000e+04
1.621700000000000000e+04
1.622900000000000000e+04
1.623800000000000000e+04
1.624700000000000000e+04
1.625700000000000000e+04
1.627900000000000000e+04
1.629900000000000000e+04
1.630100000000000000e+04
1.630300000000000000e+04
1.630700000000000000e+04
1.631100000000000000e+04
1.633700000000000000e+04
1.639600000000000000e+04
1.640500000000000000e+04
1.641100000000000000e+04
1.642800000000000000e+04
1.644300000000000000e+04
1.644900000000000000e+04
1.645300000000000000e+04
1.645900000000000000e+04
1.646400000000000000e+04
1.646500000000000000e+04
1.647300000000000000e+04
1.648400000000000000e+04
1.650100000000000000e+04
1.653300000000000000e+04
1.653700000000000000e+04
1.655200000000000000e+04
1.656400000000000000e+04
1.657000000000000000e+04
1.659500000000000000e+04
1.659700000000000000e+04
1.659900000000000000e+04
1.661200000000000000e+04
1.661800000000000000e+04
1.662700000000000000e+04
1.663400000000000000e+04
1.663700000000000000e+04
1.664000000000000000e+04
1.664300000000000000e+04
1.664800000000000000e+04
1.665400000000000000e+04
1.667400000000000000e+04
1.667900000000000000e+04
1.669000000000000000e+04
1.670800000000000000e+04
1.671200000000000000e+04
1.671800000000000000e+04
1.672300000000000000e+04
1.675700000000000000e+04
1.676400000000000000e+04
1.676500000000000000e+04
1.676700000000000000e+04
1.679100000000000000e+04
1.679300000000000000e+04
1.680900000000000000e+04
1.681300000000000000e+04
1.682600000000000000e+04
1.685500000000000000e+04
1.687200000000000000e+04
1.689300000000000000e+04
1.691300000000000000e+04
1.692900000000000000e+04
1.693900000000000000e+04
1.694000000000000000e+04
1.694100000000000000e+04
1.695300000000000000e+04
1.695500000000000000e+04
1.697200000000000000e+04
1.697300000000000000e+04
1.697900000000000000e+04
1.700100000000000000e+04
1.700300000000000000e+04
1.703000000000000000e+04
1.703800000000000000e+04
1.705200000000000000e+04
1.706000000000000000e+04
1.706600000000000000e+04
1.710800000000000000e+04
1.712800000000000000e+04
1.713000000000000000e+04
1.713200000000000000e+04
1.715400000000000000e+04
1.716300000000000000e+04
1.716500000000000000e+04
1.717100000000000000e+04
1.720000000000000000e+04
1.720300000000000000e+04
1.721500000000000000e+04
1.723900000000000000e+04
1.725200000000000000e+04
1.729300000000000000e+04
1.729500000000000000e+04
1.729800000000000000e+04
1.730600000000000000e+04
1.731400000000000000e+04
1.732900000000000000e+04
1.733600000000000000e+04
1.735600000000000000e+04
1.736600000000000000e+04
1.738400000000000000e+04
1.738600000000000000e+04
1.740100000000000000e+04
1.740300000000000000e+04
1.741900000000000000e+04
1.747400000000000000e+04
1.751800000000000000e+04
1.754900000000000000e+04
1.755000000000000000e+04
1.759100000000000000e+04
1.763000000000000000e+04
1.763100000000000000e+04
1.763900000000000000e+04
1.764200000000000000e+04
1.765800000000000000e+04
1.766600000000000000e+04
1.767900000000000000e+04
1.768200000000000000e+04
1.769000000000000000e+04
1.770000000000000000e+04
1.775800000000000000e+04
1.778900000000000000e+04
1.780800000000000000e+04
1.781400000000000000e+04
1.783900000000000000e+04
1.784500000000000000e+04
1.785400000000000000e+04
1.787800000000000000e+04
1.790500000000000000e+04
1.790900000000000000e+04
1.794000000000000000e+04
1.795000000000000000e+04
1.795500000000000000e+04
1.796000000000000000e+04
1.796200000000000000e+04
1.800700000000000000e+04
1.803900000000000000e+04
1.804700000000000000e+04
1.804900000000000000e+04
1.808800000000000000e+04
1.809700000000000000e+04
1.811000000000000000e+04
1.812400000000000000e+04
1.813700000000000000e+04
1.814800000000000000e+04
1.815900000000000000e+04
1.816400000000000000e+04
1.817900000000000000e+04
1.819900000000000000e+04
1.820000000000000000e+04
1.820700000000000000e+04
1.826100000000000000e+04
1.827100000000000000e+04
1.827600000000000000e+04
1.830400000000000000e+04
1.831000000000000000e+04
1.831500000000000000e+04
1.837700000000000000e+04
1.842800000000000000e+04
1.843200000000000000e+04
1.843600000000000000e+04
1.844300000000000000e+04
1.846500000000000000e+04
1.848300000000000000e+04
1.849900000000000000e+04
1.851200000000000000e+04
1.852300000000000000e+04
1.852500000000000000e+04
1.860000000000000000e+04
1.863300000000000000e+04
1.863800000000000000e+04
1.864300000000000000e+04
1.867800000000000000e+04
1.868500000000000000e+04
1.870200000000000000e+04
1.871000000000000000e+04
1.872000000000000000e+04
1.872500000000000000e+04
1.873600000000000000e+04
1.875200000000000000e+04
1.875700000000000000e+04
1.878100000000000000e+04
1.878300000000000000e+04
1.883000000000000000e+04
1.883400000000000000e+04
1.883900000000000000e+04
1.888500000000000000e+04
1.889300000000000000e+04
1.890800000000000000e+04
1.891600000000000000e+04
1.892700000000000000e+04
1.898400000000000000e+04
1.899900000000000000e+04
1.901000000000000000e+04
1.901100000000000000e+04
1.901200000000000000e+04
1.901600000000000000e+04
1.902300000000000000e+04
1.905800000000000000e+04
1.906000000000000000e+04
1.907600000000000000e+04
1.910200000000000000e+04
1.910400000000000000e+04
1.913600000000000000e+04
1.913900000000000000e+04
1.914100000000000000e+04
1.918100000000000000e+04
1.919200000000000000e+04
1.920200000000000000e+04
1.925800000000000000e+04
1.927000000000000000e+04
1.927400000000000000e+04
1.928700000000000000e+04
1.928900000000000000e+04
1.929100000000000000e+04
1.931200000000000000e+04
1.932100000000000000e+04
1.936300000000000000e+04
1.936400000000000000e+04
1.937700000000000000e+04
1.945000000000000000e+04
1.945300000000000000e+04
1.946400000000000000e+04
1.947000000000000000e+04
1.947200000000000000e+04
1.948000000000000000e+04
1.949100000000000000e+04
1.952500000000000000e+04
1.953500000000000000e+04
1.954200000000000000e+04
1.955200000000000000e+04
1.958700000000000000e+04
1.960300000000000000e+04
1.963900000000000000e+04
1.964100000000000000e+04
1.964800000000000000e+04
1.966700000000000000e+04
1.969600000000000000e+04
1.970800000000000000e+04
1.971000000000000000e+04
1.971600000000000000e+04
1.971900000000000000e+04
1.974900000000000000e+04
1.975000000000000000e+04
1.975500000000000000e+04
1.978400000000000000e+04
1.979500000000000000e+04
1.981200000000000000e+04
1.985100000000000000e+04
1.988600000000000000e+04
1.989100000000000000e+04
1.991600000000000000e+04
1.992000000000000000e+04
1.992100000000000000e+04
1.992300000000000000e+04
1.992800000000000000e+04
1.993200000000000000e+04
1.993500000000000000e+04
1.995700000000000000e+04
1.995900000000000000e+04
1.998100000000000000e+04
1.999100000000000000e+04
1.999800000000000000e+04
2.000400000000000000e+04
2.002000000000000000e+04
2.002100000000000000e+04
2.002200000000000000e+04
2.002700000000000000e+04
2.006900000000000000e+04
2.007300000000000000e+04
2.007600000000000000e+04
2.009400000000000000e+04
2.011000000000000000e+04
2.012600000000000000e+04
2.014400000000000000e+04
2.015400000000000000e+04
2.015900000000000000e+04
2.016800000000000000e+04
2.017500000000000000e+04
2.024100000000000000e+04
2.026600000000000000e+04
2.027600000000000000e+04
2.029400000000000000e+04
2.031000000000000000e+04
2.031600000000000000e+04
2.033800000000000000e+04
2.034400000000000000e+04
2.035400000000000000e+04
2.035700000000000000e+04
2.036300000000000000e+04
2.036500000000000000e+04
2.037600000000000000e+04
2.043500000000000000e+04
2.044500000000000000e+04
2.045600000000000000e+04
2.045900000000000000e+04
2.048100000000000000e+04
2.051300000000000000e+04
2.052100000000000000e+04
2.053000000000000000e+04
2.053300000000000000e+04
2.054000000000000000e+04
2.055600000000000000e+04
2.056300000000000000e+04
2.061300000000000000e+04
2.061500000000000000e+04
2.062100000000000000e+04
2.063200000000000000e+04
2.066100000000000000e+04
2.068700000000000000e+04
2.070500000000000000e+04
2.070700000000000000e+04
2.070800000000000000e+04
2.071500000000000000e+04
2.073000000000000000e+04
2.075600000000000000e+04
2.077500000000000000e+04
2.078300000000000000e+04
2.081000000000000000e+04
2.081600000000000000e+04
2.084000000000000000e+04
2.085600000000000000e+04
2.086900000000000000e+04
2.087600000000000000e+04
2.088500000000000000e+04
2.088800000000000000e+04
2.091800000000000000e+04
2.092700000000000000e+04
2.094100000000000000e+04
2.094400000000000000e+04
2.095300000000000000e+04
2.095800000000000000e+04
2.096100000000000000e+04
2.097700000000000000e+04
2.098300000000000000e+04
2.098600000000000000e+04
2.099700000000000000e+04
2.101700000000000000e+04
2.103800000000000000e+04
2.104300000000000000e+04
2.110000000000000000e+04
2.110600000000000000e+04
2.111800000000000000e+04
2.112200000000000000e+04
2.121500000000000000e+04
2.122300000000000000e+04
2.122900000000000000e+04
2.125900000000000000e+04
2.127400000000000000e+04
2.128500000000000000e+04
2.128700000000000000e+04
2.129500000000000000e+04
2.130500000000000000e+04
2.130700000000000000e+04
2.132800000000000000e+04
2.132900000000000000e+04
2.134700000000000000e+04
2.135500000000000000e+04
2.135800000000000000e+04
2.143000000000000000e+04
2.145500000000000000e+04
2.146300000000000000e+04
2.147400000000000000e+04
2.148100000000000000e+04
2.148400000000000000e+04
2.149000000000000000e+04
2.154900000000000000e+04
2.155000000000000000e+04
2.156800000000000000e+04
2.158900000000000000e+04
2.161300000000000000e+04
2.162000000000000000e+04
2.162100000000000000e+04
2.162600000000000000e+04
2.163200000000000000e+04
2.163400000000000000e+04
2.165400000000000000e+04
2.165500000000000000e+04
2.167100000000000000e+04
2.169400000000000000e+04
2.170200000000000000e+04
2.171900000000000000e+04
2.172100000000000000e+04
2.173600000000000000e+04
2.173900000000000000e+04
2.176100000000000000e+04
2.176500000000000000e+04
2.179300000000000000e+04
2.179600000000000000e+04
2.181400000000000000e+04
2.181900000000000000e+04
2.182200000000000000e+04
2.182800000000000000e+04
2.184500000000000000e+04
2.185200000000000000e+04
2.185300000000000000e+04
2.185800000000000000e+04
2.186000000000000000e+04
2.186200000000000000e+04
2.189900000000000000e+04
2.190500000000000000e+04
2.192000000000000000e+04
2.192800000000000000e+04
2.193000000000000000e+04
2.193500000000000000e+04
2.195900000000000000e+04
2.200200000000000000e+04
2.200800000000000000e+04
2.201300000000000000e+04
2.201800000000000000e+04
2.202300000000000000e+04
2.202900000000000000e+04
2.203800000000000000e+04
2.203900000000000000e+04
2.204100000000000000e+04
2.204300000000000000e+04
2.205000000000000000e+04
2.206800000000000000e+04
2.208200000000000000e+04
2.210300000000000000e+04
2.210600000000000000e+04
2.210900000000000000e+04
2.212700000000000000e+04
2.213100000000000000e+04
2.213400000000000000e+04
2.214600000000000000e+04
2.215200000000000000e+04
2.218100000000000000e+04
2.218600000000000000e+04
2.219900000000000000e+04
2.220200000000000000e+04
2.222100000000000000e+04
2.224100000000000000e+04
2.224600000000000000e+04
2.228900000000000000e+04
2.230200000000000000e+04
2.233500000000000000e+04
2.235600000000000000e+04
2.238200000000000000e+04
2.241900000000000000e+04
2.242600000000000000e+04
2.244400000000000000e+04
2.244500000000000000e+04
2.244900000000000000e+04
2.245200000000000000e+04
2.245900000000000000e+04
2.248900000000000000e+04
2.250400000000000000e+04
2.250500000000000000e+04
2.251000000000000000e+04
2.257800000000000000e+04
2.258900000000000000e+04
2.259000000000000000e+04
2.259200000000000000e+04
2.262100000000000000e+04
2.262300000000000000e+04
2.262500000000000000e+04
2.263400000000000000e+04
2.264000000000000000e+04
2.264500000000000000e+04
2.266000000000000000e+04
2.266800000000000000e+04
2.269100000000000000e+04
2.272300000000000000e+04
2.273200000000000000e+04
2.274400000000000000e+04
2.275300000000000000e+04
2.275400000000000000e+04
2.275700000000000000e+04
2.276800000000000000e+04
2.277000000000000000e+04
2.277100000000000000e+04
2.280100000000000000e+04
2.283000000000000000e+04
2.285400000000000000e+04
2.288500000000000000e+04
2.290100000000000000e+04
2.291300000000000000e+04
2.291500000000000000e+04
2.291600000000000000e+04
2.291900000000000000e+04
2.292000000000000000e+04
2.293800000000000000e+04
2.297400000000000000e+04
2.300400000000000000e+04
2.303000000000000000e+04
2.303600000000000000e+04
2.303700000000000000e+04
2.304100000000000000e+04
2.304800000000000000e+04
2.305500000000000000e+04
2.306000000000000000e+04
2.307400000000000000e+04
2.308500000000000000e+04
2.311600000000000000e+04
2.311900000000000000e+04
2.315600000000000000e+04
2.316400000000000000e+04
2.316900000000000000e+04
2.317200000000000000e+04
2.317400000000000000e+04
2.317600000000000000e+04
2.319100000000000000e+04
2.319400000000000000e+04
2.321100000000000000e+04
2.322700000000000000e+04
2.328400000000000000e+04
2.330300000000000000e+04
2.331500000000000000e+04
2.331800000000000000e+04
2.332200000000000000e+04
2.333400000000000000e+04
2.333800000000000000e+04
2.334100000000000000e+04
2.334800000000000000e+04
2.335500000000000000e+04
2.336300000000000000e+04
2.337300000000000000e+04
2.337700000000000000e+04
2.337900000000000000e+04
2.343300000000000000e+04
2.343500000000000000e+04
2.344500000000000000e+04
2.345000000000000000e+04
2.345800000000000000e+04
2.346900000000000000e+04
2.347200000000000000e+04
2.348700000000000000e+04
2.354300000000000000e+04
2.359200000000000000e+04
2.362600000000000000e+04
2.364800000000000000e+04
2.365800000000000000e+04
2.366200000000000000e+04
2.366300000000000000e+04
2.366400000000000000e+04
2.367100000000000000e+04
2.368200000000000000e+04
2.369000000000000000e+04
2.370200000000000000e+04
2.371600000000000000e+04
2.374300000000000000e+04
2.375000000000000000e+04
2.375200000000000000e+04
2.376100000000000000e+04
2.378000000000000000e+04
2.380800000000000000e+04
2.381600000000000000e+04
2.384600000000000000e+04
2.384700000000000000e+04
2.385100000000000000e+04
2.389300000000000000e+04
2.390100000000000000e+04
2.390900000000000000e+04
2.391800000000000000e+04
2.392000000000000000e+04
2.392100000000000000e+04
2.392700000000000000e+04
2.393700000000000000e+04
2.395800000000000000e+04
2.396500000000000000e+04
2.397200000000000000e+04
2.400400000000000000e+04
2.401400000000000000e+04
2.401900000000000000e+04
2.402100000000000000e+04
2.403400000000000000e+04
2.404300000000000000e+04
2.406100000000000000e+04
2.410500000000000000e+04
2.412700000000000000e+04
2.413100000000000000e+04
2.415400000000000000e+04
2.416600000000000000e+04
2.416700000000000000e+04
2.420500000000000000e+04
2.422300000000000000e+04
2.422600000000000000e+04
2.423200000000000000e+04
2.424400000000000000e+04
2.426700000000000000e+04
2.428000000000000000e+04
2.429300000000000000e+04
2.430400000000000000e+04
2.430600000000000000e+04
2.432200000000000000e+04
2.432900000000000000e+04
2.435200000000000000e+04
2.435400000000000000e+04
2.435700000000000000e+04
2.436500000000000000e+04
2.436600000000000000e+04
2.437300000000000000e+04
2.438900000000000000e+04
2.439000000000000000e+04
2.440100000000000000e+04
2.440500000000000000e+04
2.441500000000000000e+04
2.443500000000000000e+04
2.444100000000000000e+04
2.444300000000000000e+04
2.447900000000000000e+04
2.449600000000000000e+04
2.450300000000000000e+04
2.453700000000000000e+04
2.456300000000000000e+04
2.458400000000000000e+04
2.460700000000000000e+04
2.464300000000000000e+04
2.469200000000000000e+04
2.470500000000000000e+04
2.471100000000000000e+04
2.472300000000000000e+04
2.472400000000000000e+04
2.474100000000000000e+04
2.476200000000000000e+04
2.478700000000000000e+04
2.482800000000000000e+04
2.483400000000000000e+04
2.484900000000000000e+04
2.485500000000000000e+04
2.488800000000000000e+04
2.489100000000000000e+04
2.489300000000000000e+04
2.493200000000000000e+04
2.496100000000000000e+04
2.496800000000000000e+04
2.497800000000000000e+04
2.498500000000000000e+04
2.501400000000000000e+04
2.501900000000000000e+04
2.502800000000000000e+04
2.504500000000000000e+04
2.510200000000000000e+04
2.510800000000000000e+04
2.511100000000000000e+04
2.512200000000000000e+04
2.512600000000000000e+04
2.513700000000000000e+04
2.515000000000000000e+04
2.515100000000000000e+04
2.516100000000000000e+04
2.518500000000000000e+04
2.518700000000000000e+04
2.521600000000000000e+04
2.521800000000000000e+04
2.522300000000000000e+04
2.525700000000000000e+04
2.527400000000000000e+04
2.528100000000000000e+04
2.529800000000000000e+04
2.530400000000000000e+04
2.530800000000000000e+04
2.531500000000000000e+04
2.536900000000000000e+04
2.539300000000000000e+04
2.541100000000000000e+04
2.542500000000000000e+04
2.542800000000000000e+04
2.543400000000000000e+04
2.545900000000000000e+04
2.548100000000000000e+04
2.548600000000000000e+04
2.549600000000000000e+04
2.550700000000000000e+04
2.552200000000000000e+04
2.552400000000000000e+04
2.553300000000000000e+04
2.554700000000000000e+04
2.554800000000000000e+04
2.554900000000000000e+04
2.555400000000000000e+04
2.555800000000000000e+04
2.556400000000000000e+04
2.556900000000000000e+04
2.558100000000000000e+04
2.558700000000000000e+04
2.561100000000000000e+04
2.564200000000000000e+04
2.567800000000000000e+04
2.570700000000000000e+04
2.571500000000000000e+04
2.571600000000000000e+04
2.571800000000000000e+04
2.573000000000000000e+04
2.575400000000000000e+04
2.577700000000000000e+04
2.578500000000000000e+04
2.578900000000000000e+04
2.579100000000000000e+04
2.581700000000000000e+04
2.583700000000000000e+04
2.585400000000000000e+04
2.587200000000000000e+04
2.587500000000000000e+04
2.589100000000000000e+04
2.589300000000000000e+04
2.589800000000000000e+04
2.592000000000000000e+04
2.592900000000000000e+04
2.593200000000000000e+04
2.594600000000000000e+04
2.594900000000000000e+04
2.597400000000000000e+04
2.599000000000000000e+04
2.599300000000000000e+04
2.601600000000000000e+04
2.602400000000000000e+04
2.604100000000000000e+04
2.605900000000000000e+04
2.606500000000000000e+04
2.606700000000000000e+04
2.607700000000000000e+04
2.610500000000000000e+04
2.611600000000000000e+04
2.614900000000000000e+04
2.615300000000000000e+04
2.616700000000000000e+04
2.616800000000000000e+04
2.617500000000000000e+04
2.618700000000000000e+04
2.620800000000000000e+04
2.621500000000000000e+04
2.623000000000000000e+04
2.624000000000000000e+04
2.627300000000000000e+04
2.628200000000000000e+04
2.628900000000000000e+04
2.630700000000000000e+04
2.631400000000000000e+04
2.632100000000000000e+04
2.632300000000000000e+04
2.633500000000000000e+04
2.634400000000000000e+04
2.634600000000000000e+04
2.642200000000000000e+04
2.642900000000000000e+04
2.643200000000000000e+04
2.643500000000000000e+04
2.646100000000000000e+04
2.646900000000000000e+04
2.647100000000000000e+04
2.647500000000000000e+04
2.648200000000000000e+04
2.648900000000000000e+04
2.651000000000000000e+04
2.651500000000000000e+04
2.653100000000000000e+04
2.653500000000000000e+04
2.653600000000000000e+04
2.654300000000000000e+04
2.655100000000000000e+04
2.658900000000000000e+04
2.660600000000000000e+04
2.660700000000000000e+04
2.664100000000000000e+04
2.664300000000000000e+04
2.664500000000000000e+04
2.667500000000000000e+04
2.667800000000000000e+04
2.671300000000000000e+04
2.673200000000000000e+04
2.673900000000000000e+04
2.674300000000000000e+04
2.676000000000000000e+04
2.676100000000000000e+04
2.676400000000000000e+04
2.679700000000000000e+04
2.685100000000000000e+04
2.687700000000000000e+04
2.688400000000000000e+04
2.689900000000000000e+04
2.691000000000000000e+04
2.692600000000000000e+04
2.693100000000000000e+04
2.694300000000000000e+04
2.695900000000000000e+04
2.696300000000000000e+04
2.696800000000000000e+04
2.697600000000000000e+04
2.699300000000000000e+04
2.702400000000000000e+04
2.702700000000000000e+04
2.703200000000000000e+04
2.703700000000000000e+04
2.703800000000000000e+04
2.704700000000000000e+04
2.704900000000000000e+04
2.705400000000000000e+04
2.705600000000000000e+04
2.710100000000000000e+04
2.711300000000000000e+04
2.713400000000000000e+04
2.713900000000000000e+04
2.716600000000000000e+04
2.717500000000000000e+04
2.722600000000000000e+04
2.723000000000000000e+04
2.724000000000000000e+04
2.726100000000000000e+04
2.728400000000000000e+04
2.728900000000000000e+04
2.729400000000000000e+04
2.732500000000000000e+04
2.734100000000000000e+04
2.734400000000000000e+04
2.735800000000000000e+04
2.736300000000000000e+04
2.737800000000000000e+04
2.739400000000000000e+04
2.740200000000000000e+04
2.740300000000000000e+04
2.740800000000000000e+04
2.742800000000000000e+04
2.743700000000000000e+04
2.746300000000000000e+04
2.747000000000000000e+04
2.750000000000000000e+04
2.751500000000000000e+04
2.752200000000000000e+04
2.755500000000000000e+04
2.756100000000000000e+04
2.756200000000000000e+04
2.757200000000000000e+04
2.757600000000000000e+04
2.757700000000000000e+04
2.758500000000000000e+04
2.759400000000000000e+04
2.760700000000000000e+04
2.764500000000000000e+04
2.764700000000000000e+04
2.765700000000000000e+04
2.766100000000000000e+04
2.766800000000000000e+04
2.769300000000000000e+04
2.770100000000000000e+04
2.771000000000000000e+04
2.771400000000000000e+04
2.771500000000000000e+04
2.773100000000000000e+04
2.775500000000000000e+04
2.775600000000000000e+04
2.776800000000000000e+04
2.780200000000000000e+04
2.782400000000000000e+04
2.787000000000000000e+04
2.787900000000000000e+04
2.788500000000000000e+04
2.789800000000000000e+04
2.791900000000000000e+04
2.792900000000000000e+04
2.793200000000000000e+04
2.793800000000000000e+04
2.796100000000000000e+04
2.797400000000000000e+04
2.800000000000000000e+04
2.800600000000000000e+04
2.800900000000000000e+04
2.803500000000000000e+04
2.806000000000000000e+04
2.806100000000000000e+04
2.810600000000000000e+04
2.810800000000000000e+04
2.812000000000000000e+04
2.812900000000000000e+04
2.817600000000000000e+04
2.820100000000000000e+04
2.821700000000000000e+04
2.823400000000000000e+04
2.824100000000000000e+04
2.828100000000000000e+04
2.828500000000000000e+04
2.828700000000000000e+04
2.829000000000000000e+04
2.829600000000000000e+04
2.829800000000000000e+04
2.830600000000000000e+04
2.830700000000000000e+04
2.833300000000000000e+04
2.834300000000000000e+04
2.834700000000000000e+04
2.835300000000000000e+04
2.835900000000000000e+04
2.836400000000000000e+04
2.837800000000000000e+04
2.837900000000000000e+04
2.838000000000000000e+04
2.839500000000000000e+04
2.841400000000000000e+04
2.844300000000000000e+04
2.844500000000000000e+04
2.845700000000000000e+04
2.846200000000000000e+04
2.852300000000000000e+04
2.855200000000000000e+04
2.858900000000000000e+04
2.859300000000000000e+04
2.859400000000000000e+04
2.860300000000000000e+04
2.861300000000000000e+04
2.863200000000000000e+04
2.865300000000000000e+04
2.866800000000000000e+04
2.868000000000000000e+04
2.868700000000000000e+04
2.869100000000000000e+04
2.870700000000000000e+04
2.870800000000000000e+04
2.871300000000000000e+04
2.871900000000000000e+04
2.872000000000000000e+04
2.872500000000000000e+04
2.873000000000000000e+04
2.874900000000000000e+04
2.875700000000000000e+04
2.875800000000000000e+04
2.879500000000000000e+04
2.882600000000000000e+04
2.883500000000000000e+04
2.885000000000000000e+04
2.888200000000000000e+04
2.889900000000000000e+04
2.891800000000000000e+04
2.892700000000000000e+04
2.893200000000000000e+04
2.899200000000000000e+04
2.899900000000000000e+04
2.901200000000000000e+04
2.902500000000000000e+04
2.902600000000000000e+04
2.906500000000000000e+04
2.907800000000000000e+04
2.908800000000000000e+04
2.908900000000000000e+04
2.909700000000000000e+04
2.912000000000000000e+04
2.912900000000000000e+04
2.914200000000000000e+04
2.914600000000000000e+04
2.919400000000000000e+04
2.921200000000000000e+04
2.923300000000000000e+04
2.924000000000000000e+04
2.924500000000000000e+04
2.927200000000000000e+04
2.933800000000000000e+04
2.935200000000000000e+04
2.935900000000000000e+04
2.939200000000000000e+04
2.939300000000000000e+04
2.939700000000000000e+04
2.940100000000000000e+04
2.941900000000000000e+04
2.945100000000000000e+04
2.947500000000000000e+04
2.949400000000000000e+04
2.950500000000000000e+04
2.955400000000000000e+04
2.957300000000000000e+04
2.957400000000000000e+04
2.957500000000000000e+04
2.960100000000000000e+04
2.960300000000000000e+04
2.961500000000000000e+04
2.962400000000000000e+04
2.964700000000000000e+04
2.967300000000000000e+04
2.968400000000000000e+04
2.970600000000000000e+04
2.971600000000000000e+04
2.973800000000000000e+04
2.974200000000000000e+04
2.974500000000000000e+04
2.974800000000000000e+04
2.976300000000000000e+04
2.978200000000000000e+04
2.978300000000000000e+04
2.979400000000000000e+04
2.980100000000000000e+04
2.982900000000000000e+04
2.984700000000000000e+04
2.986200000000000000e+04
2.986700000000000000e+04
2.987100000000000000e+04
2.988200000000000000e+04
2.988800000000000000e+04
2.992200000000000000e+04
2.994600000000000000e+04
2.996000000000000000e+04
3.000400000000000000e+04
3.001000000000000000e+04
3.001600000000000000e+04
3.001700000000000000e+04
3.004500000000000000e+04
3.005300000000000000e+04
3.005400000000000000e+04
3.006300000000000000e+04
3.011100000000000000e+04
3.011500000000000000e+04
3.013000000000000000e+04
3.015900000000000000e+04
3.016000000000000000e+04
3.016100000000000000e+04
3.021400000000000000e+04
3.021800000000000000e+04
3.022500000000000000e+04
3.023400000000000000e+04
3.024400000000000000e+04
3.024900000000000000e+04
3.027800000000000000e+04
3.027900000000000000e+04
3.028600000000000000e+04
3.029700000000000000e+04
3.035000000000000000e+04
3.035900000000000000e+04
3.038400000000000000e+04
3.040500000000000000e+04
3.040600000000000000e+04
3.043700000000000000e+04
3.045500000000000000e+04
3.045800000000000000e+04
3.046200000000000000e+04
3.050700000000000000e+04
3.050800000000000000e+04
3.051800000000000000e+04
3.053200000000000000e+04
3.054700000000000000e+04
3.055200000000000000e+04
3.055800000000000000e+04
3.061800000000000000e+04
3.062600000000000000e+04
3.065200000000000000e+04
3.068800000000000000e+04
3.069500000000000000e+04
3.070800000000000000e+04
3.073600000000000000e+04
3.074100000000000000e+04
3.075300000000000000e+04
3.076800000000000000e+04
3.077900000000000000e+04
3.081200000000000000e+04
3.081300000000000000e+04
3.081400000000000000e+04
3.082300000000000000e+04
3.083000000000000000e+04
3.084600000000000000e+04
3.086200000000000000e+04
3.087300000000000000e+04
3.087800000000000000e+04
3.088000000000000000e+04
3.088300000000000000e+04
3.089600000000000000e+04
3.091100000000000000e+04
3.091700000000000000e+04
3.092000000000000000e+04
3.092700000000000000e+04
3.095200000000000000e+04
3.095400000000000000e+04
3.095900000000000000e+04
3.096000000000000000e+04
3.096500000000000000e+04
3.098700000000000000e+04
3.098800000000000000e+04
3.100300000000000000e+04
3.101900000000000000e+04
3.102700000000000000e+04
3.103100000000000000e+04
3.103200000000000000e+04
3.105800000000000000e+04
3.106200000000000000e+04
3.106400000000000000e+04
3.106900000000000000e+04
3.107600000000000000e+04
3.108000000000000000e+04
3.108400000000000000e+04
3.109300000000000000e+04
3.111100000000000000e+04
3.111400000000000000e+04
3.111700000000000000e+04
3.112100000000000000e+04
3.112400000000000000e+04
3.112600000000000000e+04
3.113100000000000000e+04
3.113900000000000000e+04
3.114600000000000000e+04
3.115000000000000000e+04
3.115200000000000000e+04
3.119000000000000000e+04
3.119900000000000000e+04
3.120400000000000000e+04
3.125900000000000000e+04
3.126400000000000000e+04
3.126600000000000000e+04
3.130100000000000000e+04
3.130600000000000000e+04
3.131700000000000000e+04
3.132000000000000000e+04
3.132400000000000000e+04
3.133100000000000000e+04
3.135300000000000000e+04
3.135800000000000000e+04
3.137800000000000000e+04
3.138000000000000000e+04
3.140500000000000000e+04
3.141700000000000000e+04
3.143100000000000000e+04
3.146300000000000000e+04
3.146800000000000000e+04
3.147100000000000000e+04
3.147400000000000000e+04
3.148100000000000000e+04
3.150500000000000000e+04
3.152700000000000000e+04
3.154100000000000000e+04
3.154600000000000000e+04
3.155000000000000000e+04
3.155500000000000000e+04
3.162000000000000000e+04
3.162300000000000000e+04
3.164200000000000000e+04
3.165600000000000000e+04
3.168100000000000000e+04
3.170000000000000000e+04
3.170100000000000000e+04
3.170700000000000000e+04
3.171500000000000000e+04
3.171700000000000000e+04
3.172200000000000000e+04
3.173100000000000000e+04
3.175200000000000000e+04
3.176500000000000000e+04
3.177600000000000000e+04
3.177800000000000000e+04
3.178000000000000000e+04
3.179600000000000000e+04
3.182000000000000000e+04
3.182200000000000000e+04
3.184800000000000000e+04
3.185100000000000000e+04
3.185500000000000000e+04
3.187200000000000000e+04
3.188300000000000000e+04
3.193800000000000000e+04
3.194600000000000000e+04
3.195800000000000000e+04
3.198500000000000000e+04
3.199300000000000000e+04
3.201400000000000000e+04
3.202700000000000000e+04
3.205500000000000000e+04
3.206900000000000000e+04
3.208500000000000000e+04
3.209000000000000000e+04
3.211800000000000000e+04
3.212800000000000000e+04
3.216600000000000000e+04
3.217800000000000000e+04
3.217900000000000000e+04
3.218200000000000000e+04
3.219400000000000000e+04
3.221400000000000000e+04
3.221800000000000000e+04
3.222000000000000000e+04
3.222200000000000000e+04
3.223100000000000000e+04
3.223300000000000000e+04
3.226700000000000000e+04
3.229000000000000000e+04
3.229200000000000000e+04
3.230900000000000000e+04
3.232400000000000000e+04
3.232700000000000000e+04
3.233000000000000000e+04
3.234000000000000000e+04
3.236200000000000000e+04
3.236500000000000000e+04
3.237700000000000000e+04
3.237800000000000000e+04
3.238500000000000000e+04
3.239100000000000000e+04
3.239400000000000000e+04
3.239600000000000000e+04
3.239800000000000000e+04
3.240900000000000000e+04
3.244100000000000000e+04
3.245300000000000000e+04
3.245600000000000000e+04
3.247900000000000000e+04
3.248400000000000000e+04
3.250500000000000000e+04
3.251100000000000000e+04
3.252400000000000000e+04
3.252500000000000000e+04
3.253900000000000000e+04
3.254500000000000000e+04
3.255400000000000000e+04
3.259000000000000000e+04
3.262100000000000000e+04
3.263100000000000000e+04
3.265700000000000000e+04
3.266100000000000000e+04
3.266800000000000000e+04
3.267000000000000000e+04
3.267200000000000000e+04
3.267300000000000000e+04
3.269600000000000000e+04
3.269700000000000000e+04
3.271100000000000000e+04
3.271400000000000000e+04
3.272100000000000000e+04
3.274000000000000000e+04
3.278500000000000000e+04
3.279000000000000000e+04
3.279200000000000000e+04
3.280200000000000000e+04
3.282700000000000000e+04
3.283500000000000000e+04
3.285100000000000000e+04
3.292100000000000000e+04
3.295100000000000000e+04
3.295300000000000000e+04
3.296100000000000000e+04
3.296200000000000000e+04
3.300400000000000000e+04
3.300900000000000000e+04
3.301100000000000000e+04
3.301200000000000000e+04
3.302700000000000000e+04
3.303600000000000000e+04
3.304200000000000000e+04
3.305300000000000000e+04
3.305500000000000000e+04
3.305700000000000000e+04
3.306000000000000000e+04
3.307900000000000000e+04
3.309900000000000000e+04
3.310300000000000000e+04
3.310600000000000000e+04
3.310800000000000000e+04
3.314200000000000000e+04
3.314500000000000000e+04
3.319100000000000000e+04
3.320400000000000000e+04
3.320600000000000000e+04
3.320800000000000000e+04
3.321600000000000000e+04
3.321700000000000000e+04
3.322300000000000000e+04
3.325000000000000000e+04
3.327700000000000000e+04
3.329100000000000000e+04
3.329800000000000000e+04
3.333000000000000000e+04
3.333700000000000000e+04
3.335300000000000000e+04
3.337100000000000000e+04
3.338400000000000000e+04
3.339200000000000000e+04
3.339400000000000000e+04
3.339700000000000000e+04
3.340600000000000000e+04
3.340700000000000000e+04
3.341100000000000000e+04
3.345600000000000000e+04
3.346000000000000000e+04
3.349700000000000000e+04
3.350800000000000000e+04
3.352000000000000000e+04
3.353300000000000000e+04
3.353700000000000000e+04
3.354800000000000000e+04
3.355900000000000000e+04
3.358100000000000000e+04
3.365400000000000000e+04
3.365600000000000000e+04
3.365800000000000000e+04
3.365900000000000000e+04
3.367800000000000000e+04
3.368400000000000000e+04
3.369400000000000000e+04
3.371800000000000000e+04
3.372500000000000000e+04
3.373200000000000000e+04
3.373800000000000000e+04
3.375700000000000000e+04
3.376900000000000000e+04
3.381100000000000000e+04
3.382400000000000000e+04
3.383000000000000000e+04
3.385600000000000000e+04
3.385800000000000000e+04
3.385900000000000000e+04
3.386100000000000000e+04
3.387600000000000000e+04
3.388100000000000000e+04
3.389900000000000000e+04
3.390300000000000000e+04
3.392600000000000000e+04
3.392800000000000000e+04
3.393000000000000000e+04
3.393800000000000000e+04
3.394500000000000000e+04
3.395300000000000000e+04
3.396700000000000000e+04
3.396800000000000000e+04
3.397600000000000000e+04
3.399000000000000000e+04
3.399100000000000000e+04
3.399400000000000000e+04
3.400500000000000000e+04
3.400700000000000000e+04
3.402300000000000000e+04
3.404300000000000000e+04
3.404600000000000000e+04
3.408700000000000000e+04
3.408900000000000000e+04
3.409700000000000000e+04
3.410400000000000000e+04
3.411200000000000000e+04
3.412200000000000000e+04
3.412400000000000000e+04
3.415200000000000000e+04
3.415500000000000000e+04
3.415600000000000000e+04
3.416200000000000000e+04
3.417000000000000000e+04
3.417100000000000000e+04
3.418300000000000000e+04
3.418600000000000000e+04
3.420500000000000000e+04
3.422100000000000000e+04
3.422600000000000000e+04
3.423200000000000000e+04
3.425200000000000000e+04
3.426200000000000000e+04
3.427500000000000000e+04
3.427800000000000000e+04
3.431000000000000000e+04
3.431500000000000000e+04
3.438100000000000000e+04
3.439600000000000000e+04
3.440500000000000000e+04
3.442700000000000000e+04
3.442800000000000000e+04
3.444000000000000000e+04
3.444300000000000000e+04
3.445100000000000000e+04
3.445500000000000000e+04
3.447000000000000000e+04
3.447200000000000000e+04
3.447500000000000000e+04
3.447600000000000000e+04
