1.900000000000000000e+01
2.200000000000000000e+01
3.900000000000000000e+01
5.800000000000000000e+01
6.700000000000000000e+01
7.500000000000000000e+01
7.600000000000000000e+01
7.900000000000000000e+01
8.500000000000000000e+01
9.600000000000000000e+01
1.020000000000000000e+02
1.070000000000000000e+02
1.360000000000000000e+02
1.390000000000000000e+02
1.500000000000000000e+02
1.530000000000000000e+02
1.640000000000000000e+02
1.930000000000000000e+02
2.570000000000000000e+02
2.690000000000000000e+02
2.880000000000000000e+02
2.900000000000000000e+02
2.980000000000000000e+02
3.020000000000000000e+02
3.420000000000000000e+02
3.470000000000000000e+02
3.600000000000000000e+02
3.620000000000000000e+02
3.720000000000000000e+02
3.900000000000000000e+02
4.100000000000000000e+02
4.220000000000000000e+02
4.230000000000000000e+02
4.260000000000000000e+02
4.300000000000000000e+02
4.310000000000000000e+02
4.400000000000000000e+02
4.620000000000000000e+02
4.660000000000000000e+02
4.940000000000000000e+02
4.950000000000000000e+02
5.000000000000000000e+02
5.300000000000000000e+02
5.310000000000000000e+02
5.340000000000000000e+02
5.350000000000000000e+02
5.640000000000000000e+02
5.850000000000000000e+02
6.330000000000000000e+02
6.900000000000000000e+02
7.130000000000000000e+02
7.220000000000000000e+02
7.250000000000000000e+02
7.260000000000000000e+02
7.300000000000000000e+02
7.580000000000000000e+02
7.770000000000000000e+02
7.850000000000000000e+02
7.920000000000000000e+02
8.080000000000000000e+02
8.090000000000000000e+02
8.340000000000000000e+02
8.380000000000000000e+02
8.430000000000000000e+02
8.510000000000000000e+02
8.800000000000000000e+02
9.240000000000000000e+02
9.360000000000000000e+02
9.450000000000000000e+02
9.570000000000000000e+02
9.800000000000000000e+02
1.019000000000000000e+03
1.022000000000000000e+03
1.033000000000000000e+03
1.034000000000000000e+03
1.075000000000000000e+03
1.082000000000000000e+03
1.083000000000000000e+03
1.090000000000000000e+03
1.094000000000000000e+03
1.104000000000000000e+03
1.110000000000000000e+03
1.132000000000000000e+03
1.136000000000000000e+03
1.142000000000000000e+03
1.148000000000000000e+03
1.153000000000000000e+03
1.166000000000000000e+03
1.168000000000000000e+03
1.169000000000000000e+03
1.174000000000000000e+03
1.191000000000000000e+03
1.208000000000000000e+03
1.209000000000000000e+03
1.216000000000000000e+03
1.218000000000000000e+03
1.220000000000000000e+03
1.233000000000000000e+03
1.244000000000000000e+03
1.263000000000000000e+03
1.293000000000000000e+03
1.297000000000000000e+03
1.302000000000000000e+03
1.309000000000000000e+03
1.311000000000000000e+03
1.313000000000000000e+03
1.315000000000000000e+03
1.316000000000000000e+03
1.331000000000000000e+03
1.333000000000000000e+03
1.375000000000000000e+03
1.382000000000000000e+03
1.396000000000000000e+03
1.399000000000000000e+03
1.436000000000000000e+03
1.487000000000000000e+03
1.488000000000000000e+03
1.492000000000000000e+03
1.493000000000000000e+03
1.495000000000000000e+03
1.500000000000000000e+03
1.506000000000000000e+03
1.509000000000000000e+03
1.521000000000000000e+03
1.540000000000000000e+03
1.598000000000000000e+03
1.607000000000000000e+03
1.632000000000000000e+03
1.640000000000000000e+03
1.655000000000000000e+03
1.687000000000000000e+03
1.691000000000000000e+03
1.695000000000000000e+03
1.696000000000000000e+03
1.712000000000000000e+03
1.720000000000000000e+03
1.736000000000000000e+03
1.764000000000000000e+03
1.775000000000000000e+03
1.782000000000000000e+03
1.794000000000000000e+03
1.803000000000000000e+03
1.814000000000000000e+03
1.818000000000000000e+03
1.833000000000000000e+03
1.835000000000000000e+03
1.854000000000000000e+03
1.873000000000000000e+03
1.878000000000000000e+03
1.880000000000000000e+03
1.896000000000000000e+03
1.897000000000000000e+03
1.916000000000000000e+03
1.929000000000000000e+03
1.945000000000000000e+03
1.954000000000000000e+03
1.962000000000000000e+03
1.968000000000000000e+03
1.979000000000000000e+03
1.993000000000000000e+03
2.012000000000000000e+03
2.035000000000000000e+03
2.068000000000000000e+03
2.083000000000000000e+03
2.090000000000000000e+03
2.095000000000000000e+03
2.101000000000000000e+03
2.125000000000000000e+03
2.128000000000000000e+03
2.138000000000000000e+03
2.156000000000000000e+03
2.160000000000000000e+03
2.177000000000000000e+03
2.192000000000000000e+03
2.199000000000000000e+03
2.206000000000000000e+03
2.222000000000000000e+03
2.246000000000000000e+03
2.261000000000000000e+03
2.287000000000000000e+03
2.289000000000000000e+03
2.323000000000000000e+03
2.328000000000000000e+03
2.339000000000000000e+03
2.359000000000000000e+03
2.375000000000000000e+03
2.380000000000000000e+03
2.403000000000000000e+03
2.405000000000000000e+03
2.424000000000000000e+03
2.431000000000000000e+03
2.438000000000000000e+03
2.445000000000000000e+03
2.494000000000000000e+03
2.510000000000000000e+03
2.514000000000000000e+03
2.520000000000000000e+03
2.525000000000000000e+03
2.542000000000000000e+03
2.544000000000000000e+03
2.579000000000000000e+03
2.584000000000000000e+03
2.598000000000000000e+03
2.611000000000000000e+03
2.617000000000000000e+03
2.635000000000000000e+03
2.650000000000000000e+03
2.654000000000000000e+03
2.687000000000000000e+03
2.700000000000000000e+03
2.718000000000000000e+03
2.723000000000000000e+03
2.741000000000000000e+03
2.749000000000000000e+03
2.758000000000000000e+03
2.759000000000000000e+03
2.760000000000000000e+03
2.776000000000000000e+03
2.777000000000000000e+03
2.792000000000000000e+03
2.812000000000000000e+03
2.825000000000000000e+03
2.830000000000000000e+03
2.833000000000000000e+03
2.858000000000000000e+03
2.871000000000000000e+03
2.872000000000000000e+03
2.877000000000000000e+03
2.883000000000000000e+03
2.908000000000000000e+03
2.929000000000000000e+03
2.936000000000000000e+03
2.940000000000000000e+03
2.992000000000000000e+03
2.993000000000000000e+03
2.996000000000000000e+03
3.002000000000000000e+03
3.007000000000000000e+03
3.011000000000000000e+03
3.024000000000000000e+03
3.034000000000000000e+03
3.035000000000000000e+03
3.036000000000000000e+03
3.046000000000000000e+03
3.080000000000000000e+03
3.086000000000000000e+03
3.089000000000000000e+03
3.092000000000000000e+03
3.099000000000000000e+03
3.105000000000000000e+03
3.108000000000000000e+03
3.111000000000000000e+03
3.154000000000000000e+03
3.173000000000000000e+03
3.177000000000000000e+03
3.179000000000000000e+03
3.191000000000000000e+03
3.197000000000000000e+03
3.209000000000000000e+03
3.210000000000000000e+03
3.222000000000000000e+03
3.246000000000000000e+03
3.248000000000000000e+03
3.249000000000000000e+03
3.252000000000000000e+03
3.259000000000000000e+03
3.308000000000000000e+03
3.313000000000000000e+03
3.322000000000000000e+03
3.332000000000000000e+03
3.338000000000000000e+03
3.342000000000000000e+03
3.346000000000000000e+03
3.348000000000000000e+03
3.357000000000000000e+03
3.384000000000000000e+03
3.391000000000000000e+03
3.411000000000000000e+03
3.421000000000000000e+03
3.443000000000000000e+03
3.452000000000000000e+03
3.455000000000000000e+03
3.456000000000000000e+03
3.458000000000000000e+03
3.462000000000000000e+03
3.469000000000000000e+03
3.470000000000000000e+03
3.499000000000000000e+03
3.501000000000000000e+03
3.508000000000000000e+03
3.509000000000000000e+03
3.537000000000000000e+03
3.554000000000000000e+03
3.563000000000000000e+03
3.566000000000000000e+03
3.567000000000000000e+03
3.582000000000000000e+03
3.587000000000000000e+03
3.589000000000000000e+03
3.592000000000000000e+03
3.593000000000000000e+03
3.594000000000000000e+03
3.606000000000000000e+03
3.608000000000000000e+03
3.612000000000000000e+03
3.614000000000000000e+03
3.619000000000000000e+03
3.621000000000000000e+03
3.636000000000000000e+03
3.645000000000000000e+03
3.666000000000000000e+03
3.668000000000000000e+03
3.710000000000000000e+03
3.738000000000000000e+03
3.742000000000000000e+03
3.745000000000000000e+03
3.762000000000000000e+03
3.764000000000000000e+03
3.765000000000000000e+03
3.769000000000000000e+03
3.795000000000000000e+03
3.799000000000000000e+03
3.812000000000000000e+03
3.813000000000000000e+03
3.816000000000000000e+03
3.820000000000000000e+03
3.823000000000000000e+03
3.839000000000000000e+03
3.847000000000000000e+03
3.867000000000000000e+03
3.872000000000000000e+03
3.892000000000000000e+03
3.927000000000000000e+03
3.931000000000000000e+03
3.951000000000000000e+03
3.960000000000000000e+03
3.964000000000000000e+03
3.974000000000000000e+03
3.986000000000000000e+03
4.016000000000000000e+03
4.035000000000000000e+03
4.062000000000000000e+03
4.072000000000000000e+03
4.082000000000000000e+03
4.085000000000000000e+03
4.091000000000000000e+03
4.100000000000000000e+03
4.105000000000000000e+03
4.117000000000000000e+03
4.118000000000000000e+03
4.127000000000000000e+03
4.139000000000000000e+03
4.142000000000000000e+03
4.152000000000000000e+03
4.155000000000000000e+03
4.159000000000000000e+03
4.176000000000000000e+03
4.179000000000000000e+03
4.204000000000000000e+03
4.208000000000000000e+03
4.215000000000000000e+03
4.219000000000000000e+03
4.234000000000000000e+03
4.242000000000000000e+03
4.244000000000000000e+03
4.246000000000000000e+03
4.264000000000000000e+03
4.265000000000000000e+03
4.278000000000000000e+03
4.279000000000000000e+03
4.290000000000000000e+03
4.302000000000000000e+03
4.310000000000000000e+03
4.315000000000000000e+03
4.317000000000000000e+03
4.321000000000000000e+03
4.322000000000000000e+03
4.333000000000000000e+03
4.369000000000000000e+03
4.383000000000000000e+03
4.387000000000000000e+03
4.400000000000000000e+03
4.412000000000000000e+03
4.414000000000000000e+03
4.421000000000000000e+03
4.429000000000000000e+03
4.438000000000000000e+03
4.445000000000000000e+03
4.449000000000000000e+03
4.456000000000000000e+03
4.460000000000000000e+03
4.466000000000000000e+03
4.469000000000000000e+03
4.475000000000000000e+03
4.481000000000000000e+03
4.487000000000000000e+03
4.498000000000000000e+03
4.502000000000000000e+03
4.505000000000000000e+03
4.517000000000000000e+03
4.520000000000000000e+03
4.527000000000000000e+03
4.530000000000000000e+03
4.533000000000000000e+03
4.546000000000000000e+03
4.555000000000000000e+03
4.560000000000000000e+03
4.562000000000000000e+03
4.570000000000000000e+03
4.578000000000000000e+03
4.579000000000000000e+03
4.580000000000000000e+03
4.586000000000000000e+03
4.619000000000000000e+03
4.625000000000000000e+03
4.626000000000000000e+03
4.643000000000000000e+03
4.652000000000000000e+03
4.660000000000000000e+03
4.664000000000000000e+03
4.681000000000000000e+03
4.682000000000000000e+03
4.689000000000000000e+03
4.702000000000000000e+03
4.720000000000000000e+03
4.721000000000000000e+03
4.729000000000000000e+03
4.732000000000000000e+03
4.737000000000000000e+03
4.748000000000000000e+03
4.750000000000000000e+03
4.752000000000000000e+03
4.758000000000000000e+03
4.764000000000000000e+03
4.772000000000000000e+03
4.784000000000000000e+03
4.798000000000000000e+03
4.804000000000000000e+03
4.807000000000000000e+03
4.817000000000000000e+03
4.819000000000000000e+03
4.823000000000000000e+03
4.825000000000000000e+03
4.849000000000000000e+03
4.850000000000000000e+03
4.866000000000000000e+03
4.873000000000000000e+03
4.874000000000000000e+03
4.893000000000000000e+03
4.899000000000000000e+03
4.902000000000000000e+03
4.923000000000000000e+03
4.925000000000000000e+03
4.940000000000000000e+03
4.942000000000000000e+03
4.963000000000000000e+03
4.987000000000000000e+03
4.999000000000000000e+03
5.030000000000000000e+03
5.034000000000000000e+03
5.040000000000000000e+03
5.051000000000000000e+03
5.056000000000000000e+03
5.060000000000000000e+03
5.062000000000000000e+03
5.065000000000000000e+03
5.109000000000000000e+03
5.112000000000000000e+03
5.115000000000000000e+03
5.116000000000000000e+03
5.117000000000000000e+03
5.123000000000000000e+03
5.124000000000000000e+03
5.132000000000000000e+03
5.135000000000000000e+03
5.146000000000000000e+03
5.151000000000000000e+03
5.154000000000000000e+03
5.167000000000000000e+03
5.170000000000000000e+03
5.210000000000000000e+03
5.217000000000000000e+03
5.218000000000000000e+03
5.222000000000000000e+03
5.226000000000000000e+03
5.236000000000000000e+03
5.286000000000000000e+03
5.296000000000000000e+03
5.309000000000000000e+03
5.319000000000000000e+03
5.326000000000000000e+03
5.330000000000000000e+03
5.345000000000000000e+03
5.367000000000000000e+03
5.368000000000000000e+03
5.369000000000000000e+03
5.383000000000000000e+03
5.386000000000000000e+03
5.389000000000000000e+03
5.408000000000000000e+03
5.429000000000000000e+03
5.434000000000000000e+03
5.436000000000000000e+03
5.439000000000000000e+03
5.440000000000000000e+03
5.448000000000000000e+03
5.450000000000000000e+03
5.460000000000000000e+03
5.478000000000000000e+03
5.484000000000000000e+03
5.488000000000000000e+03
5.500000000000000000e+03
5.509000000000000000e+03
5.511000000000000000e+03
5.516000000000000000e+03
5.525000000000000000e+03
5.531000000000000000e+03
5.541000000000000000e+03
5.549000000000000000e+03
5.554000000000000000e+03
5.560000000000000000e+03
5.578000000000000000e+03
5.581000000000000000e+03
5.585000000000000000e+03
5.588000000000000000e+03
5.591000000000000000e+03
5.597000000000000000e+03
5.607000000000000000e+03
5.623000000000000000e+03
5.626000000000000000e+03
5.629000000000000000e+03
5.636000000000000000e+03
5.650000000000000000e+03
5.690000000000000000e+03
5.697000000000000000e+03
5.716000000000000000e+03
5.725000000000000000e+03
5.751000000000000000e+03
5.767000000000000000e+03
5.771000000000000000e+03
5.781000000000000000e+03
5.784000000000000000e+03
5.814000000000000000e+03
5.817000000000000000e+03
5.827000000000000000e+03
5.833000000000000000e+03
5.838000000000000000e+03
5.841000000000000000e+03
5.848000000000000000e+03
5.854000000000000000e+03
5.870000000000000000e+03
5.877000000000000000e+03
5.882000000000000000e+03
5.888000000000000000e+03
5.911000000000000000e+03
5.920000000000000000e+03
5.929000000000000000e+03
5.946000000000000000e+03
5.969000000000000000e+03
5.977000000000000000e+03
5.983000000000000000e+03
5.991000000000000000e+03
5.998000000000000000e+03
6.002000000000000000e+03
6.009000000000000000e+03
6.012000000000000000e+03
6.019000000000000000e+03
6.020000000000000000e+03
6.021000000000000000e+03
6.035000000000000000e+03
6.077000000000000000e+03
6.078000000000000000e+03
6.095000000000000000e+03
6.099000000000000000e+03
6.115000000000000000e+03
6.119000000000000000e+03
6.126000000000000000e+03
6.135000000000000000e+03
6.161000000000000000e+03
6.168000000000000000e+03
6.175000000000000000e+03
6.186000000000000000e+03
6.226000000000000000e+03
6.231000000000000000e+03
6.236000000000000000e+03
6.245000000000000000e+03
6.246000000000000000e+03
6.263000000000000000e+03
6.268000000000000000e+03
6.278000000000000000e+03
6.288000000000000000e+03
6.303000000000000000e+03
6.304000000000000000e+03
6.306000000000000000e+03
6.314000000000000000e+03
6.319000000000000000e+03
6.321000000000000000e+03
6.323000000000000000e+03
6.353000000000000000e+03
6.355000000000000000e+03
6.396000000000000000e+03
6.399000000000000000e+03
6.432000000000000000e+03
6.433000000000000000e+03
6.446000000000000000e+03
6.461000000000000000e+03
6.481000000000000000e+03
6.485000000000000000e+03
6.497000000000000000e+03
6.498000000000000000e+03
6.513000000000000000e+03
6.516000000000000000e+03
6.536000000000000000e+03
6.545000000000000000e+03
6.546000000000000000e+03
6.547000000000000000e+03
6.549000000000000000e+03
6.551000000000000000e+03
6.556000000000000000e+03
6.558000000000000000e+03
6.559000000000000000e+03
6.561000000000000000e+03
6.569000000000000000e+03
6.581000000000000000e+03
6.593000000000000000e+03
6.614000000000000000e+03
6.621000000000000000e+03
6.624000000000000000e+03
6.627000000000000000e+03
6.638000000000000000e+03
6.644000000000000000e+03
6.650000000000000000e+03
6.654000000000000000e+03
6.657000000000000000e+03
6.658000000000000000e+03
6.662000000000000000e+03
6.669000000000000000e+03
6.675000000000000000e+03
6.684000000000000000e+03
6.687000000000000000e+03
6.702000000000000000e+03
6.706000000000000000e+03
6.712000000000000000e+03
6.713000000000000000e+03
6.716000000000000000e+03
6.719000000000000000e+03
6.727000000000000000e+03
6.752000000000000000e+03
6.769000000000000000e+03
6.785000000000000000e+03
6.791000000000000000e+03
6.800000000000000000e+03
6.801000000000000000e+03
6.833000000000000000e+03
6.836000000000000000e+03
6.844000000000000000e+03
6.846000000000000000e+03
6.850000000000000000e+03
6.855000000000000000e+03
6.861000000000000000e+03
6.869000000000000000e+03
6.873000000000000000e+03
6.886000000000000000e+03
6.928000000000000000e+03
6.941000000000000000e+03
6.962000000000000000e+03
6.966000000000000000e+03
6.992000000000000000e+03
6.998000000000000000e+03
7.004000000000000000e+03
7.021000000000000000e+03
7.036000000000000000e+03
7.039000000000000000e+03
7.055000000000000000e+03
7.061000000000000000e+03
7.075000000000000000e+03
7.080000000000000000e+03
7.106000000000000000e+03
7.109000000000000000e+03
7.113000000000000000e+03
7.114000000000000000e+03
7.119000000000000000e+03
7.139000000000000000e+03
7.154000000000000000e+03
7.166000000000000000e+03
7.174000000000000000e+03
7.179000000000000000e+03
7.181000000000000000e+03
7.192000000000000000e+03
7.216000000000000000e+03
7.225000000000000000e+03
7.238000000000000000e+03
7.240000000000000000e+03
7.242000000000000000e+03
7.246000000000000000e+03
7.251000000000000000e+03
7.281000000000000000e+03
7.289000000000000000e+03
7.293000000000000000e+03
7.302000000000000000e+03
7.305000000000000000e+03
7.308000000000000000e+03
7.314000000000000000e+03
7.319000000000000000e+03
7.321000000000000000e+03
7.323000000000000000e+03
7.324000000000000000e+03
7.335000000000000000e+03
7.339000000000000000e+03
7.346000000000000000e+03
7.371000000000000000e+03
7.377000000000000000e+03
7.379000000000000000e+03
7.387000000000000000e+03
7.389000000000000000e+03
7.390000000000000000e+03
7.393000000000000000e+03
7.397000000000000000e+03
7.403000000000000000e+03
7.414000000000000000e+03
7.417000000000000000e+03
7.435000000000000000e+03
7.456000000000000000e+03
7.465000000000000000e+03
7.468000000000000000e+03
7.474000000000000000e+03
7.475000000000000000e+03
7.477000000000000000e+03
7.489000000000000000e+03
7.490000000000000000e+03
7.494000000000000000e+03
7.497000000000000000e+03
7.513000000000000000e+03
7.536000000000000000e+03
7.541000000000000000e+03
7.546000000000000000e+03
7.547000000000000000e+03
7.548000000000000000e+03
7.557000000000000000e+03
7.563000000000000000e+03
7.572000000000000000e+03
7.574000000000000000e+03
7.581000000000000000e+03
7.586000000000000000e+03
7.588000000000000000e+03
7.591000000000000000e+03
7.597000000000000000e+03
7.600000000000000000e+03
7.602000000000000000e+03
7.604000000000000000e+03
7.608000000000000000e+03
7.613000000000000000e+03
7.616000000000000000e+03
7.618000000000000000e+03
7.631000000000000000e+03
7.640000000000000000e+03
7.659000000000000000e+03
7.666000000000000000e+03
7.669000000000000000e+03
7.674000000000000000e+03
7.684000000000000000e+03
7.687000000000000000e+03
7.707000000000000000e+03
7.709000000000000000e+03
7.712000000000000000e+03
7.714000000000000000e+03
7.721000000000000000e+03
7.739000000000000000e+03
7.741000000000000000e+03
7.748000000000000000e+03
7.765000000000000000e+03
7.786000000000000000e+03
7.795000000000000000e+03
7.805000000000000000e+03
7.806000000000000000e+03
7.814000000000000000e+03
7.822000000000000000e+03
7.828000000000000000e+03
7.831000000000000000e+03
7.833000000000000000e+03
7.839000000000000000e+03
7.855000000000000000e+03
7.875000000000000000e+03
7.879000000000000000e+03
7.885000000000000000e+03
7.894000000000000000e+03
7.903000000000000000e+03
7.922000000000000000e+03
7.924000000000000000e+03
7.926000000000000000e+03
7.936000000000000000e+03
7.960000000000000000e+03
7.968000000000000000e+03
7.980000000000000000e+03
7.983000000000000000e+03
7.987000000000000000e+03
7.988000000000000000e+03
8.000000000000000000e+03
8.013000000000000000e+03
8.029000000000000000e+03
8.039000000000000000e+03
8.047000000000000000e+03
8.058000000000000000e+03
8.059000000000000000e+03
8.063000000000000000e+03
8.064000000000000000e+03
8.076000000000000000e+03
8.078000000000000000e+03
8.088000000000000000e+03
8.105000000000000000e+03
8.109000000000000000e+03
8.122000000000000000e+03
8.123000000000000000e+03
8.124000000000000000e+03
8.132000000000000000e+03
8.172000000000000000e+03
8.177000000000000000e+03
8.191000000000000000e+03
8.212000000000000000e+03
8.214000000000000000e+03
8.219000000000000000e+03
8.226000000000000000e+03
8.227000000000000000e+03
8.228000000000000000e+03
8.254000000000000000e+03
8.263000000000000000e+03
8.268000000000000000e+03
8.280000000000000000e+03
8.303000000000000000e+03
8.306000000000000000e+03
8.316000000000000000e+03
8.317000000000000000e+03
8.319000000000000000e+03
8.322000000000000000e+03
8.332000000000000000e+03
8.334000000000000000e+03
8.340000000000000000e+03
8.352000000000000000e+03
8.361000000000000000e+03
8.376000000000000000e+03
8.377000000000000000e+03
8.379000000000000000e+03
8.386000000000000000e+03
8.392000000000000000e+03
8.394000000000000000e+03
8.401000000000000000e+03
8.412000000000000000e+03
8.413000000000000000e+03
8.421000000000000000e+03
8.427000000000000000e+03
8.453000000000000000e+03
8.478000000000000000e+03
8.494000000000000000e+03
8.497000000000000000e+03
8.501000000000000000e+03
8.513000000000000000e+03
8.520000000000000000e+03
8.523000000000000000e+03
8.526000000000000000e+03
8.531000000000000000e+03
8.541000000000000000e+03
8.542000000000000000e+03
8.558000000000000000e+03
8.562000000000000000e+03
8.564000000000000000e+03
8.577000000000000000e+03
8.587000000000000000e+03
8.589000000000000000e+03
8.594000000000000000e+03
8.595000000000000000e+03
8.596000000000000000e+03
8.608000000000000000e+03
8.633000000000000000e+03
8.656000000000000000e+03
8.659000000000000000e+03
8.668000000000000000e+03
8.678000000000000000e+03
8.682000000000000000e+03
8.690000000000000000e+03
8.693000000000000000e+03
8.699000000000000000e+03
8.710000000000000000e+03
8.723000000000000000e+03
8.739000000000000000e+03
8.741000000000000000e+03
8.755000000000000000e+03
8.774000000000000000e+03
8.780000000000000000e+03
8.793000000000000000e+03
8.799000000000000000e+03
8.806000000000000000e+03
8.825000000000000000e+03
8.836000000000000000e+03
8.846000000000000000e+03
8.879000000000000000e+03
8.898000000000000000e+03
8.908000000000000000e+03
8.912000000000000000e+03
8.913000000000000000e+03
8.931000000000000000e+03
8.939000000000000000e+03
8.945000000000000000e+03
8.947000000000000000e+03
8.957000000000000000e+03
8.973000000000000000e+03
8.974000000000000000e+03
8.977000000000000000e+03
8.979000000000000000e+03
8.980000000000000000e+03
8.998000000000000000e+03
9.012000000000000000e+03
9.015000000000000000e+03
9.022000000000000000e+03
9.038000000000000000e+03
9.044000000000000000e+03
9.045000000000000000e+03
9.054000000000000000e+03
9.058000000000000000e+03
9.062000000000000000e+03
9.090000000000000000e+03
9.107000000000000000e+03
9.135000000000000000e+03
9.137000000000000000e+03
9.139000000000000000e+03
9.145000000000000000e+03
9.150000000000000000e+03
9.157000000000000000e+03
9.161000000000000000e+03
9.169000000000000000e+03
9.172000000000000000e+03
9.174000000000000000e+03
9.210000000000000000e+03
9.218000000000000000e+03
9.233000000000000000e+03
9.250000000000000000e+03
9.254000000000000000e+03
9.256000000000000000e+03
9.265000000000000000e+03
9.275000000000000000e+03
9.280000000000000000e+03
9.281000000000000000e+03
9.309000000000000000e+03
9.338000000000000000e+03
9.348000000000000000e+03
9.351000000000000000e+03
9.368000000000000000e+03
9.373000000000000000e+03
9.376000000000000000e+03
9.387000000000000000e+03
9.396000000000000000e+03
9.397000000000000000e+03
9.402000000000000000e+03
9.407000000000000000e+03
9.415000000000000000e+03
9.421000000000000000e+03
9.451000000000000000e+03
9.458000000000000000e+03
9.470000000000000000e+03
9.478000000000000000e+03
9.480000000000000000e+03
9.483000000000000000e+03
9.487000000000000000e+03
9.493000000000000000e+03
9.498000000000000000e+03
9.510000000000000000e+03
9.513000000000000000e+03
9.518000000000000000e+03
9.519000000000000000e+03
9.522000000000000000e+03
9.531000000000000000e+03
9.536000000000000000e+03
9.537000000000000000e+03
9.543000000000000000e+03
9.564000000000000000e+03
9.570000000000000000e+03
9.578000000000000000e+03
9.583000000000000000e+03
9.593000000000000000e+03
9.622000000000000000e+03
9.623000000000000000e+03
9.627000000000000000e+03
9.685000000000000000e+03
9.692000000000000000e+03
9.704000000000000000e+03
9.711000000000000000e+03
9.713000000000000000e+03
9.735000000000000000e+03
9.736000000000000000e+03
9.752000000000000000e+03
9.756000000000000000e+03
9.758000000000000000e+03
9.766000000000000000e+03
9.782000000000000000e+03
9.789000000000000000e+03
9.800000000000000000e+03
9.801000000000000000e+03
9.804000000000000000e+03
9.809000000000000000e+03
9.812000000000000000e+03
9.832000000000000000e+03
9.839000000000000000e+03
9.852000000000000000e+03
9.853000000000000000e+03
9.860000000000000000e+03
9.869000000000000000e+03
9.871000000000000000e+03
9.892000000000000000e+03
9.893000000000000000e+03
9.899000000000000000e+03
9.916000000000000000e+03
9.924000000000000000e+03
9.926000000000000000e+03
9.932000000000000000e+03
9.933000000000000000e+03
9.951000000000000000e+03
9.959000000000000000e+03
9.963000000000000000e+03
9.982000000000000000e+03
9.989000000000000000e+03
9.996000000000000000e+03
9.997000000000000000e+03
9.999000000000000000e+03
1.000400000000000000e+04
1.000700000000000000e+04
1.001400000000000000e+04
1.002500000000000000e+04
1.003700000000000000e+04
1.004000000000000000e+04
1.005000000000000000e+04
1.007200000000000000e+04
1.007600000000000000e+04
1.008300000000000000e+04
1.008700000000000000e+04
1.010300000000000000e+04
1.011000000000000000e+04
1.011800000000000000e+04
1.012100000000000000e+04
1.012900000000000000e+04
1.013300000000000000e+04
1.014800000000000000e+04
1.014900000000000000e+04
1.015700000000000000e+04
1.017900000000000000e+04
1.018400000000000000e+04
1.019400000000000000e+04
1.019600000000000000e+04
1.020300000000000000e+04
1.021900000000000000e+04
1.022100000000000000e+04
1.024100000000000000e+04
1.024300000000000000e+04
1.024400000000000000e+04
1.025800000000000000e+04
1.026400000000000000e+04
1.028400000000000000e+04
1.028900000000000000e+04
1.029100000000000000e+04
1.030500000000000000e+04
1.030800000000000000e+04
1.032100000000000000e+04
1.033800000000000000e+04
1.034400000000000000e+04
1.034600000000000000e+04
1.035000000000000000e+04
1.035700000000000000e+04
1.036500000000000000e+04
1.038000000000000000e+04
1.038400000000000000e+04
1.039800000000000000e+04
1.040300000000000000e+04
1.041400000000000000e+04
1.041800000000000000e+04
1.042200000000000000e+04
1.042500000000000000e+04
1.042600000000000000e+04
1.044800000000000000e+04
1.044900000000000000e+04
1.045100000000000000e+04
1.045500000000000000e+04
1.046300000000000000e+04
1.046800000000000000e+04
1.047700000000000000e+04
1.048900000000000000e+04
1.049500000000000000e+04
1.049900000000000000e+04
1.053400000000000000e+04
1.053600000000000000e+04
1.053900000000000000e+04
1.054000000000000000e+04
1.054900000000000000e+04
1.055100000000000000e+04
1.056000000000000000e+04
1.056500000000000000e+04
1.056700000000000000e+04
1.057400000000000000e+04
1.058300000000000000e+04
1.060400000000000000e+04
1.061600000000000000e+04
1.062100000000000000e+04
1.062800000000000000e+04
1.066400000000000000e+04
1.066600000000000000e+04
1.067200000000000000e+04
1.070200000000000000e+04
1.070600000000000000e+04
1.071200000000000000e+04
1.073100000000000000e+04
1.073300000000000000e+04
1.073600000000000000e+04
1.074100000000000000e+04
1.075400000000000000e+04
1.075900000000000000e+04
1.076100000000000000e+04
1.076600000000000000e+04
1.076700000000000000e+04
1.077700000000000000e+04
1.078400000000000000e+04
1.078700000000000000e+04
1.078800000000000000e+04
1.079300000000000000e+04
1.081100000000000000e+04
1.083600000000000000e+04
1.085400000000000000e+04
1.085700000000000000e+04
1.086800000000000000e+04
1.087400000000000000e+04
1.087900000000000000e+04
1.090100000000000000e+04
1.090800000000000000e+04
1.091200000000000000e+04
1.092100000000000000e+04
1.092600000000000000e+04
1.093200000000000000e+04
1.094100000000000000e+04
1.094500000000000000e+04
1.094700000000000000e+04
1.096700000000000000e+04
1.097200000000000000e+04
1.097800000000000000e+04
1.099400000000000000e+04
1.100000000000000000e+04
1.100900000000000000e+04
1.101700000000000000e+04
1.102000000000000000e+04
1.102700000000000000e+04
1.104300000000000000e+04
1.104400000000000000e+04
1.105000000000000000e+04
1.105500000000000000e+04
1.105600000000000000e+04
1.105700000000000000e+04
1.106100000000000000e+04
1.107200000000000000e+04
1.107400000000000000e+04
1.108100000000000000e+04
1.108200000000000000e+04
1.109900000000000000e+04
1.110000000000000000e+04
1.110200000000000000e+04
1.110400000000000000e+04
1.111700000000000000e+04
1.113000000000000000e+04
1.113900000000000000e+04
1.114200000000000000e+04
1.114300000000000000e+04
1.114800000000000000e+04
1.115300000000000000e+04
1.115500000000000000e+04
1.116000000000000000e+04
1.117000000000000000e+04
1.117300000000000000e+04
1.118400000000000000e+04
1.118600000000000000e+04
1.119100000000000000e+04
1.120400000000000000e+04
1.120500000000000000e+04
1.120800000000000000e+04
1.122200000000000000e+04
1.122800000000000000e+04
1.124300000000000000e+04
1.125000000000000000e+04
1.125300000000000000e+04
1.125500000000000000e+04
1.126100000000000000e+04
1.126800000000000000e+04
1.127500000000000000e+04
1.127900000000000000e+04
1.129200000000000000e+04
1.130900000000000000e+04
1.132300000000000000e+04
1.133300000000000000e+04
1.133400000000000000e+04
1.133600000000000000e+04
1.133900000000000000e+04
1.134400000000000000e+04
1.134800000000000000e+04
1.136100000000000000e+04
1.138400000000000000e+04
1.139600000000000000e+04
1.140900000000000000e+04
1.141100000000000000e+04
1.141400000000000000e+04
1.141800000000000000e+04
1.144000000000000000e+04
1.144100000000000000e+04
1.145200000000000000e+04
1.145300000000000000e+04
1.147400000000000000e+04
1.147700000000000000e+04
1.148300000000000000e+04
1.149200000000000000e+04
1.149600000000000000e+04
1.149700000000000000e+04
1.150500000000000000e+04
1.150800000000000000e+04
1.151700000000000000e+04
1.152500000000000000e+04
1.152800000000000000e+04
1.154800000000000000e+04
1.155500000000000000e+04
1.157500000000000000e+04
1.159600000000000000e+04
1.161000000000000000e+04
1.161200000000000000e+04
1.163400000000000000e+04
1.165100000000000000e+04
1.165400000000000000e+04
1.165800000000000000e+04
1.166600000000000000e+04
1.166700000000000000e+04
1.167000000000000000e+04
1.168300000000000000e+04
1.170400000000000000e+04
1.171800000000000000e+04
1.172200000000000000e+04
1.173200000000000000e+04
1.175000000000000000e+04
1.176000000000000000e+04
1.176600000000000000e+04
1.176700000000000000e+04
1.176800000000000000e+04
1.177100000000000000e+04
1.177400000000000000e+04
1.177600000000000000e+04
1.180200000000000000e+04
1.180800000000000000e+04
1.181100000000000000e+04
1.182700000000000000e+04
1.182800000000000000e+04
1.183100000000000000e+04
1.184700000000000000e+04
1.186900000000000000e+04
1.188000000000000000e+04
1.188400000000000000e+04
1.191400000000000000e+04
1.192800000000000000e+04
1.195800000000000000e+04
1.196100000000000000e+04
1.196400000000000000e+04
1.197100000000000000e+04
1.199600000000000000e+04
1.200700000000000000e+04
1.201600000000000000e+04
1.202500000000000000e+04
1.202600000000000000e+04
1.206900000000000000e+04
1.207100000000000000e+04
1.209700000000000000e+04
1.211600000000000000e+04
1.213300000000000000e+04
1.214000000000000000e+04
1.214300000000000000e+04
1.216000000000000000e+04
1.217100000000000000e+04
1.217400000000000000e+04
1.218000000000000000e+04
1.218200000000000000e+04
1.218300000000000000e+04
1.218400000000000000e+04
1.220200000000000000e+04
1.220800000000000000e+04
1.221300000000000000e+04
1.222200000000000000e+04
1.222700000000000000e+04
1.223500000000000000e+04
1.223800000000000000e+04
1.224000000000000000e+04
1.224400000000000000e+04
1.226300000000000000e+04
1.226500000000000000e+04
1.226700000000000000e+04
1.227200000000000000e+04
1.229500000000000000e+04
1.230000000000000000e+04
1.230600000000000000e+04
1.231500000000000000e+04
1.232000000000000000e+04
1.233300000000000000e+04
1.234600000000000000e+04
1.236000000000000000e+04
1.236800000000000000e+04
1.237000000000000000e+04
1.237800000000000000e+04
1.238000000000000000e+04
1.238400000000000000e+04
1.238500000000000000e+04
1.238900000000000000e+04
1.239500000000000000e+04
1.240200000000000000e+04
1.241900000000000000e+04
1.242200000000000000e+04
1.242300000000000000e+04
1.242400000000000000e+04
1.243900000000000000e+04
1.244100000000000000e+04
1.245200000000000000e+04
1.246000000000000000e+04
1.249500000000000000e+04
1.249600000000000000e+04
1.251600000000000000e+04
1.252300000000000000e+04
1.252500000000000000e+04
1.254600000000000000e+04
1.254800000000000000e+04
1.255700000000000000e+04
1.256100000000000000e+04
1.256500000000000000e+04
1.256600000000000000e+04
1.256700000000000000e+04
1.257100000000000000e+04
1.257600000000000000e+04
1.258200000000000000e+04
1.261700000000000000e+04
1.263400000000000000e+04
1.264300000000000000e+04
1.265400000000000000e+04
1.266100000000000000e+04
1.266800000000000000e+04
1.267700000000000000e+04
1.267900000000000000e+04
1.268200000000000000e+04
1.268900000000000000e+04
1.269100000000000000e+04
1.270400000000000000e+04
1.270900000000000000e+04
1.271200000000000000e+04
1.275600000000000000e+04
1.278200000000000000e+04
1.278600000000000000e+04
1.279300000000000000e+04
1.279800000000000000e+04
1.280200000000000000e+04
1.280900000000000000e+04
1.281000000000000000e+04
1.281600000000000000e+04
1.282800000000000000e+04
1.284100000000000000e+04
1.284400000000000000e+04
1.284900000000000000e+04
1.286000000000000000e+04
1.286500000000000000e+04
1.287200000000000000e+04
1.287500000000000000e+04
1.288900000000000000e+04
1.289600000000000000e+04
1.290700000000000000e+04
1.290800000000000000e+04
1.291600000000000000e+04
1.292700000000000000e+04
1.292800000000000000e+04
1.292900000000000000e+04
1.293400000000000000e+04
1.294200000000000000e+04
1.295200000000000000e+04
1.295400000000000000e+04
1.296900000000000000e+04
1.297800000000000000e+04
1.298800000000000000e+04
1.299900000000000000e+04
1.300000000000000000e+04
1.303500000000000000e+04
1.305300000000000000e+04
1.305700000000000000e+04
1.305900000000000000e+04
1.306000000000000000e+04
1.306100000000000000e+04
1.307000000000000000e+04
1.307800000000000000e+04
1.308400000000000000e+04
1.311200000000000000e+04
1.312700000000000000e+04
1.313500000000000000e+04
1.313600000000000000e+04
1.314100000000000000e+04
1.314300000000000000e+04
1.314700000000000000e+04
1.315900000000000000e+04
1.316200000000000000e+04
1.319700000000000000e+04
1.322100000000000000e+04
1.322500000000000000e+04
1.322600000000000000e+04
1.323600000000000000e+04
1.325000000000000000e+04
1.325100000000000000e+04
1.325200000000000000e+04
1.327000000000000000e+04
1.327100000000000000e+04
1.327200000000000000e+04
1.328200000000000000e+04
1.328800000000000000e+04
1.332300000000000000e+04
1.333400000000000000e+04
1.333600000000000000e+04
1.333900000000000000e+04
1.337000000000000000e+04
1.338400000000000000e+04
1.339500000000000000e+04
1.339700000000000000e+04
1.340000000000000000e+04
1.340700000000000000e+04
1.342100000000000000e+04
1.342300000000000000e+04
1.343000000000000000e+04
1.343700000000000000e+04
1.344100000000000000e+04
1.345200000000000000e+04
1.347400000000000000e+04
1.347700000000000000e+04
1.350100000000000000e+04
1.350300000000000000e+04
1.350800000000000000e+04
1.352100000000000000e+04
1.353100000000000000e+04
1.353500000000000000e+04
1.353800000000000000e+04
1.354200000000000000e+04
1.354700000000000000e+04
1.355900000000000000e+04
1.356100000000000000e+04
1.357200000000000000e+04
1.358500000000000000e+04
1.359100000000000000e+04
1.360100000000000000e+04
1.362300000000000000e+04
1.365100000000000000e+04
1.366400000000000000e+04
1.366500000000000000e+04
1.367300000000000000e+04
1.368100000000000000e+04
1.369700000000000000e+04
1.370300000000000000e+04
1.370500000000000000e+04
1.370700000000000000e+04
1.370800000000000000e+04
1.371300000000000000e+04
1.374400000000000000e+04
1.374600000000000000e+04
1.374900000000000000e+04
1.375400000000000000e+04
1.376300000000000000e+04
1.377600000000000000e+04
1.378200000000000000e+04
1.378800000000000000e+04
1.383400000000000000e+04
1.383600000000000000e+04
1.383800000000000000e+04
1.386100000000000000e+04
1.387800000000000000e+04
1.388500000000000000e+04
1.390000000000000000e+04
1.390300000000000000e+04
1.390800000000000000e+04
1.391000000000000000e+04
1.393200000000000000e+04
1.393400000000000000e+04
1.394200000000000000e+04
1.396600000000000000e+04
1.397200000000000000e+04
1.397700000000000000e+04
1.398200000000000000e+04
1.399400000000000000e+04
1.401100000000000000e+04
1.401200000000000000e+04
1.401700000000000000e+04
1.401900000000000000e+04
1.402200000000000000e+04
1.402500000000000000e+04
1.402600000000000000e+04
1.402900000000000000e+04
1.403700000000000000e+04
1.404100000000000000e+04
1.404600000000000000e+04
1.404700000000000000e+04
1.406800000000000000e+04
1.406900000000000000e+04
1.407000000000000000e+04
1.410600000000000000e+04
1.412400000000000000e+04
1.414000000000000000e+04
1.414100000000000000e+04
1.415100000000000000e+04
1.416400000000000000e+04
1.417500000000000000e+04
1.418200000000000000e+04
1.419200000000000000e+04
1.420600000000000000e+04
1.422500000000000000e+04
1.423200000000000000e+04
1.423300000000000000e+04
1.425300000000000000e+04
1.425600000000000000e+04
1.426500000000000000e+04
1.427800000000000000e+04
1.429200000000000000e+04
1.429800000000000000e+04
1.430000000000000000e+04
1.430200000000000000e+04
1.431000000000000000e+04
1.432300000000000000e+04
1.433400000000000000e+04
1.433600000000000000e+04
1.434300000000000000e+04
1.435000000000000000e+04
1.436700000000000000e+04
1.437700000000000000e+04
1.438900000000000000e+04
1.439800000000000000e+04
1.440600000000000000e+04
1.442100000000000000e+04
1.443500000000000000e+04
1.444000000000000000e+04
1.444300000000000000e+04
1.445400000000000000e+04
1.446600000000000000e+04
1.446700000000000000e+04
1.447300000000000000e+04
1.447400000000000000e+04
1.447900000000000000e+04
1.448100000000000000e+04
1.448700000000000000e+04
1.450500000000000000e+04
1.450800000000000000e+04
1.451200000000000000e+04
1.451800000000000000e+04
1.452700000000000000e+04
1.455100000000000000e+04
1.455600000000000000e+04
1.456400000000000000e+04
1.457600000000000000e+04
1.460700000000000000e+04
1.461500000000000000e+04
1.462100000000000000e+04
1.462900000000000000e+04
1.463000000000000000e+04
1.464200000000000000e+04
1.464800000000000000e+04
1.465100000000000000e+04
1.466400000000000000e+04
1.467300000000000000e+04
1.469400000000000000e+04
1.469900000000000000e+04
1.473000000000000000e+04
1.474700000000000000e+04
1.475900000000000000e+04
1.476200000000000000e+04
1.477200000000000000e+04
1.477800000000000000e+04
1.478100000000000000e+04
1.478200000000000000e+04
1.478300000000000000e+04
1.479000000000000000e+04
1.479100000000000000e+04
1.480000000000000000e+04
1.481000000000000000e+04
1.481100000000000000e+04
1.483500000000000000e+04
1.485800000000000000e+04
1.486400000000000000e+04
1.486700000000000000e+04
1.486800000000000000e+04
1.488200000000000000e+04
1.488700000000000000e+04
1.489800000000000000e+04
1.489900000000000000e+04
1.491100000000000000e+04
1.491300000000000000e+04
1.492000000000000000e+04
1.492500000000000000e+04
1.492800000000000000e+04
1.493000000000000000e+04
1.493400000000000000e+04
1.493500000000000000e+04
1.494100000000000000e+04
1.494400000000000000e+04
1.495800000000000000e+04
1.496200000000000000e+04
1.500000000000000000e+04
1.502100000000000000e+04
1.502400000000000000e+04
1.502500000000000000e+04
1.502900000000000000e+04
1.503100000000000000e+04
1.504700000000000000e+04
1.505100000000000000e+04
1.505200000000000000e+04
1.505400000000000000e+04
1.507300000000000000e+04
1.508200000000000000e+04
1.509200000000000000e+04
1.509800000000000000e+04
1.510500000000000000e+04
1.512200000000000000e+04
1.513300000000000000e+04
1.514300000000000000e+04
1.515800000000000000e+04
1.517000000000000000e+04
1.517100000000000000e+04
1.518300000000000000e+04
1.519100000000000000e+04
1.519200000000000000e+04
1.523600000000000000e+04
1.526400000000000000e+04
1.527500000000000000e+04
1.528600000000000000e+04
1.528900000000000000e+04
1.529100000000000000e+04
1.529700000000000000e+04
1.530300000000000000e+04
1.530800000000000000e+04
1.533400000000000000e+04
1.533600000000000000e+04
1.534700000000000000e+04
1.535100000000000000e+04
1.538800000000000000e+04
1.538900000000000000e+04
1.540700000000000000e+04
1.542700000000000000e+04
1.543700000000000000e+04
1.544100000000000000e+04
1.545000000000000000e+04
1.545100000000000000e+04
1.545900000000000000e+04
1.546400000000000000e+04
1.547500000000000000e+04
1.547700000000000000e+04
1.548300000000000000e+04
1.548800000000000000e+04
1.549300000000000000e+04
1.551200000000000000e+04
1.551300000000000000e+04
1.551400000000000000e+04
1.551500000000000000e+04
1.552200000000000000e+04
1.552400000000000000e+04
1.553300000000000000e+04
1.553600000000000000e+04
1.554300000000000000e+04
1.554900000000000000e+04
1.555100000000000000e+04
1.556200000000000000e+04
1.556800000000000000e+04
1.557100000000000000e+04
1.559600000000000000e+04
1.559800000000000000e+04
1.559900000000000000e+04
1.560300000000000000e+04
1.560900000000000000e+04
1.562400000000000000e+04
1.562600000000000000e+04
1.563400000000000000e+04
1.564100000000000000e+04
1.564200000000000000e+04
1.565000000000000000e+04
1.566500000000000000e+04
1.567200000000000000e+04
1.567300000000000000e+04
1.568400000000000000e+04
1.571400000000000000e+04
1.572900000000000000e+04
1.574200000000000000e+04
1.575400000000000000e+04
1.577500000000000000e+04
1.582000000000000000e+04
1.582900000000000000e+04
1.583000000000000000e+04
1.583800000000000000e+04
1.584500000000000000e+04
1.585300000000000000e+04
1.589200000000000000e+04
1.589400000000000000e+04
1.589800000000000000e+04
1.592000000000000000e+04
1.592100000000000000e+04
1.592200000000000000e+04
1.592300000000000000e+04
1.593100000000000000e+04
1.593200000000000000e+04
1.593300000000000000e+04
1.593600000000000000e+04
1.594300000000000000e+04
1.594700000000000000e+04
1.595400000000000000e+04
1.596200000000000000e+04
1.599600000000000000e+04
1.599900000000000000e+04
1.600400000000000000e+04
1.602600000000000000e+04
1.604800000000000000e+04
1.605000000000000000e+04
1.605800000000000000e+04
1.609300000000000000e+04
1.610800000000000000e+04
1.611400000000000000e+04
1.612700000000000000e+04
1.613500000000000000e+04
1.613700000000000000e+04
1.614600000000000000e+04
1.615100000000000000e+04
1.615300000000000000e+04
1.616100000000000000e+04
1.617400000000000000e+04
1.618900000000000000e+04
1.619800000000000000e+04
1.619900000000000000e+04
1.620100000000000000e+04
1.620900000000000000e+04
1.621200000000000000e+04
1.621500000000000000e+04
1.621800000000000000e+04
1.623000000000000000e+04
1.623200000000000000e+04
1.624000000000000000e+04
1.624200000000000000e+04
1.624400000000000000e+04
1.624900000000000000e+04
1.625500000000000000e+04
1.626100000000000000e+04
1.628000000000000000e+04
1.628800000000000000e+04
1.628900000000000000e+04
1.629200000000000000e+04
1.629500000000000000e+04
1.629800000000000000e+04
1.630000000000000000e+04
1.631800000000000000e+04
1.633400000000000000e+04
1.634800000000000000e+04
1.635400000000000000e+04
1.636200000000000000e+04
1.636600000000000000e+04
1.636700000000000000e+04
1.637000000000000000e+04
1.638100000000000000e+04
1.638800000000000000e+04
1.641600000000000000e+04
1.642500000000000000e+04
1.642600000000000000e+04
1.643100000000000000e+04
1.643400000000000000e+04
1.643800000000000000e+04
1.645400000000000000e+04
1.646200000000000000e+04
1.646300000000000000e+04
1.648500000000000000e+04
1.648700000000000000e+04
1.648900000000000000e+04
1.649200000000000000e+04
1.650300000000000000e+04
1.650800000000000000e+04
1.651000000000000000e+04
1.651600000000000000e+04
1.652000000000000000e+04
1.652500000000000000e+04
1.652700000000000000e+04
1.653000000000000000e+04
1.654600000000000000e+04
1.656300000000000000e+04
1.656900000000000000e+04
1.657700000000000000e+04
1.658000000000000000e+04
1.661100000000000000e+04
1.662600000000000000e+04
1.663000000000000000e+04
1.664700000000000000e+04
1.665600000000000000e+04
1.666300000000000000e+04
1.666500000000000000e+04
1.666600000000000000e+04
1.667000000000000000e+04
1.669900000000000000e+04
1.670200000000000000e+04
1.671300000000000000e+04
1.673300000000000000e+04
1.673400000000000000e+04
1.674900000000000000e+04
1.675100000000000000e+04
1.675800000000000000e+04
1.676900000000000000e+04
1.677100000000000000e+04
1.677200000000000000e+04
1.679400000000000000e+04
1.683000000000000000e+04
1.683700000000000000e+04
1.683800000000000000e+04
1.684100000000000000e+04
1.685200000000000000e+04
1.686300000000000000e+04
1.687600000000000000e+04
1.688100000000000000e+04
1.688500000000000000e+04
1.688700000000000000e+04
1.690100000000000000e+04
1.690300000000000000e+04
1.692200000000000000e+04
1.692400000000000000e+04
1.694200000000000000e+04
1.695600000000000000e+04
1.695700000000000000e+04
1.697600000000000000e+04
1.699200000000000000e+04
1.699300000000000000e+04
1.700000000000000000e+04
1.703100000000000000e+04
1.705400000000000000e+04
1.709900000000000000e+04
1.711100000000000000e+04
1.715000000000000000e+04
1.715100000000000000e+04
1.716100000000000000e+04
1.720500000000000000e+04
1.721300000000000000e+04
1.722000000000000000e+04
1.723000000000000000e+04
1.723200000000000000e+04
1.723300000000000000e+04
1.723800000000000000e+04
1.724100000000000000e+04
1.726500000000000000e+04
1.727400000000000000e+04
1.727600000000000000e+04
1.728200000000000000e+04
1.728900000000000000e+04
1.730100000000000000e+04
1.730900000000000000e+04
1.731100000000000000e+04
1.732500000000000000e+04
1.733200000000000000e+04
1.733300000000000000e+04
1.733400000000000000e+04
1.734100000000000000e+04
1.734600000000000000e+04
1.734900000000000000e+04
1.735000000000000000e+04
1.735400000000000000e+04
1.737300000000000000e+04
1.737600000000000000e+04
1.738800000000000000e+04
1.741100000000000000e+04
1.741200000000000000e+04
1.743500000000000000e+04
1.744200000000000000e+04
1.744300000000000000e+04
1.745100000000000000e+04
1.746400000000000000e+04
1.746800000000000000e+04
1.748600000000000000e+04
1.749200000000000000e+04
1.752300000000000000e+04
1.753900000000000000e+04
1.755700000000000000e+04
1.756200000000000000e+04
1.758200000000000000e+04
1.758700000000000000e+04
1.762100000000000000e+04
1.762500000000000000e+04
1.762600000000000000e+04
1.762800000000000000e+04
1.765100000000000000e+04
1.765300000000000000e+04
1.770100000000000000e+04
1.771500000000000000e+04
1.772200000000000000e+04
1.774400000000000000e+04
1.774500000000000000e+04
1.775400000000000000e+04
1.776800000000000000e+04
1.778400000000000000e+04
1.781800000000000000e+04
1.782400000000000000e+04
1.782500000000000000e+04
1.782800000000000000e+04
1.783600000000000000e+04
1.785100000000000000e+04
1.788700000000000000e+04
1.788900000000000000e+04
1.789800000000000000e+04
1.790000000000000000e+04
1.791000000000000000e+04
1.791900000000000000e+04
1.792700000000000000e+04
1.794300000000000000e+04
1.795300000000000000e+04
1.795400000000000000e+04
1.797500000000000000e+04
1.798100000000000000e+04
1.798400000000000000e+04
1.799100000000000000e+04
1.799500000000000000e+04
1.800800000000000000e+04
1.801000000000000000e+04
1.801700000000000000e+04
1.802000000000000000e+04
1.803100000000000000e+04
1.805200000000000000e+04
1.808600000000000000e+04
1.809300000000000000e+04
1.810400000000000000e+04
1.810900000000000000e+04
1.812900000000000000e+04
1.814600000000000000e+04
1.814700000000000000e+04
1.815300000000000000e+04
1.815600000000000000e+04
1.820300000000000000e+04
1.820500000000000000e+04
1.822700000000000000e+04
1.824600000000000000e+04
1.824800000000000000e+04
1.826400000000000000e+04
1.827500000000000000e+04
1.827800000000000000e+04
1.829400000000000000e+04
1.830300000000000000e+04
1.831800000000000000e+04
1.831900000000000000e+04
1.835200000000000000e+04
1.835900000000000000e+04
1.838100000000000000e+04
1.838800000000000000e+04
1.840000000000000000e+04
1.840200000000000000e+04
1.840800000000000000e+04
1.840900000000000000e+04
1.841700000000000000e+04
1.842100000000000000e+04
1.844200000000000000e+04
1.845400000000000000e+04
1.846000000000000000e+04
1.847500000000000000e+04
1.847800000000000000e+04
1.849800000000000000e+04
1.851300000000000000e+04
1.852400000000000000e+04
1.854900000000000000e+04
1.855400000000000000e+04
1.857900000000000000e+04
1.858400000000000000e+04
1.858800000000000000e+04
1.860800000000000000e+04
1.862100000000000000e+04
1.866400000000000000e+04
1.869300000000000000e+04
1.870800000000000000e+04
1.871500000000000000e+04
1.873200000000000000e+04
1.877000000000000000e+04
1.877300000000000000e+04
1.882800000000000000e+04
1.885900000000000000e+04
1.887300000000000000e+04
1.889500000000000000e+04
1.891000000000000000e+04
1.891200000000000000e+04
1.894200000000000000e+04
1.897700000000000000e+04
1.902100000000000000e+04
1.902700000000000000e+04
1.902800000000000000e+04
1.902900000000000000e+04
1.903400000000000000e+04
1.905200000000000000e+04
1.907100000000000000e+04
1.908200000000000000e+04
1.908400000000000000e+04
1.908900000000000000e+04
1.909800000000000000e+04
1.910600000000000000e+04
1.910900000000000000e+04
1.911800000000000000e+04
1.912600000000000000e+04
1.915100000000000000e+04
1.915600000000000000e+04
1.916200000000000000e+04
1.917700000000000000e+04
1.918500000000000000e+04
1.918600000000000000e+04
1.919500000000000000e+04
1.921200000000000000e+04
1.921400000000000000e+04
1.922100000000000000e+04
1.924700000000000000e+04
1.924900000000000000e+04
1.925600000000000000e+04
1.926300000000000000e+04
1.927100000000000000e+04
1.927300000000000000e+04
1.929400000000000000e+04
1.931700000000000000e+04
1.932900000000000000e+04
1.933600000000000000e+04
1.933800000000000000e+04
1.934900000000000000e+04
1.937200000000000000e+04
1.938600000000000000e+04
1.939500000000000000e+04
1.939700000000000000e+04
1.940600000000000000e+04
1.940700000000000000e+04
1.941900000000000000e+04
1.942400000000000000e+04
1.943300000000000000e+04
1.943800000000000000e+04
1.944000000000000000e+04
1.946700000000000000e+04
1.950500000000000000e+04
1.952400000000000000e+04
1.954300000000000000e+04
1.955300000000000000e+04
1.956400000000000000e+04
1.958000000000000000e+04
1.959200000000000000e+04
1.959500000000000000e+04
1.959600000000000000e+04
1.961700000000000000e+04
1.961900000000000000e+04
1.962800000000000000e+04
1.964300000000000000e+04
1.965900000000000000e+04
1.967700000000000000e+04
1.968200000000000000e+04
1.968500000000000000e+04
1.969200000000000000e+04
1.969400000000000000e+04
1.969500000000000000e+04
1.970200000000000000e+04
1.970400000000000000e+04
1.970500000000000000e+04
1.973100000000000000e+04
1.974000000000000000e+04
1.976000000000000000e+04
1.976600000000000000e+04
1.977400000000000000e+04
1.978700000000000000e+04
1.980200000000000000e+04
1.980900000000000000e+04
1.981900000000000000e+04
1.983700000000000000e+04
1.984700000000000000e+04
1.986100000000000000e+04
1.986900000000000000e+04
1.987000000000000000e+04
1.987700000000000000e+04
1.988000000000000000e+04
1.988700000000000000e+04
1.989000000000000000e+04
1.989500000000000000e+04
1.989600000000000000e+04
1.991400000000000000e+04
1.992200000000000000e+04
1.996200000000000000e+04
1.997300000000000000e+04
1.997900000000000000e+04
1.998200000000000000e+04
2.002900000000000000e+04
2.003400000000000000e+04
2.003700000000000000e+04
2.004600000000000000e+04
2.005600000000000000e+04
2.005700000000000000e+04
2.007900000000000000e+04
2.008300000000000000e+04
2.009300000000000000e+04
2.009700000000000000e+04
2.010300000000000000e+04
2.011300000000000000e+04
2.011500000000000000e+04
2.011900000000000000e+04
2.012300000000000000e+04
2.012400000000000000e+04
2.013100000000000000e+04
2.013400000000000000e+04
2.013500000000000000e+04
2.013600000000000000e+04
2.014000000000000000e+04
2.014300000000000000e+04
2.015600000000000000e+04
2.020400000000000000e+04
2.020500000000000000e+04
2.020900000000000000e+04
2.021500000000000000e+04
2.022000000000000000e+04
2.022600000000000000e+04
2.023900000000000000e+04
2.024900000000000000e+04
2.025000000000000000e+04
2.025800000000000000e+04
2.027400000000000000e+04
2.029800000000000000e+04
2.033900000000000000e+04
2.036400000000000000e+04
2.038800000000000000e+04
2.039500000000000000e+04
2.044800000000000000e+04
2.044900000000000000e+04
2.046500000000000000e+04
2.047400000000000000e+04
2.049100000000000000e+04
2.049600000000000000e+04
2.050000000000000000e+04
2.051400000000000000e+04
2.052300000000000000e+04
2.055000000000000000e+04
2.056700000000000000e+04
2.057800000000000000e+04
2.058300000000000000e+04
2.058900000000000000e+04
2.060900000000000000e+04
2.062200000000000000e+04
2.062400000000000000e+04
2.063100000000000000e+04
2.065900000000000000e+04
2.067200000000000000e+04
2.069200000000000000e+04
2.070200000000000000e+04
2.072000000000000000e+04
2.073800000000000000e+04
2.074200000000000000e+04
2.074300000000000000e+04
2.075300000000000000e+04
2.075400000000000000e+04
2.076400000000000000e+04
2.076500000000000000e+04
2.076800000000000000e+04
2.077700000000000000e+04
2.078700000000000000e+04
2.079200000000000000e+04
2.079400000000000000e+04
2.080000000000000000e+04
2.081700000000000000e+04
2.082900000000000000e+04
2.086700000000000000e+04
2.087100000000000000e+04
2.089400000000000000e+04
2.089800000000000000e+04
2.089900000000000000e+04
2.091300000000000000e+04
2.093100000000000000e+04
2.095000000000000000e+04
2.096500000000000000e+04
2.100300000000000000e+04
2.102700000000000000e+04
2.105000000000000000e+04
2.108300000000000000e+04
2.108900000000000000e+04
2.110900000000000000e+04
2.112300000000000000e+04
2.112400000000000000e+04
2.113100000000000000e+04
2.115100000000000000e+04
2.117700000000000000e+04
2.118800000000000000e+04
2.119000000000000000e+04
2.119300000000000000e+04
2.120200000000000000e+04
2.121600000000000000e+04
2.124100000000000000e+04
2.125000000000000000e+04
2.125600000000000000e+04
2.127700000000000000e+04
2.129400000000000000e+04
2.129800000000000000e+04
2.130400000000000000e+04
2.130900000000000000e+04
2.131300000000000000e+04
2.132000000000000000e+04
2.132200000000000000e+04
2.132700000000000000e+04
2.133800000000000000e+04
2.135400000000000000e+04
2.136300000000000000e+04
2.136400000000000000e+04
2.137900000000000000e+04
2.139000000000000000e+04
2.140800000000000000e+04
2.143200000000000000e+04
2.146400000000000000e+04
2.147300000000000000e+04
2.150900000000000000e+04
2.152800000000000000e+04
2.154500000000000000e+04
2.155900000000000000e+04
2.156200000000000000e+04
2.156600000000000000e+04
2.156900000000000000e+04
2.158600000000000000e+04
2.158800000000000000e+04
2.161200000000000000e+04
2.163000000000000000e+04
2.163800000000000000e+04
2.166000000000000000e+04
2.166200000000000000e+04
2.166400000000000000e+04
2.166500000000000000e+04
2.166800000000000000e+04
2.168000000000000000e+04
2.169700000000000000e+04
2.170100000000000000e+04
2.170800000000000000e+04
2.171400000000000000e+04
2.171600000000000000e+04
2.171700000000000000e+04
2.172200000000000000e+04
2.173700000000000000e+04
2.173800000000000000e+04
2.174400000000000000e+04
2.175500000000000000e+04
2.175800000000000000e+04
2.177200000000000000e+04
2.177400000000000000e+04
2.178800000000000000e+04
2.181300000000000000e+04
2.182300000000000000e+04
2.183400000000000000e+04
2.184000000000000000e+04
2.184200000000000000e+04
2.184400000000000000e+04
2.185000000000000000e+04
2.187500000000000000e+04
2.187700000000000000e+04
2.188400000000000000e+04
2.190200000000000000e+04
2.197500000000000000e+04
2.199600000000000000e+04
2.200700000000000000e+04
2.203000000000000000e+04
2.204700000000000000e+04
2.205700000000000000e+04
2.206100000000000000e+04
2.207900000000000000e+04
2.208000000000000000e+04
2.208500000000000000e+04
2.209600000000000000e+04
2.209800000000000000e+04
2.213000000000000000e+04
2.214000000000000000e+04
2.214400000000000000e+04
2.215500000000000000e+04
2.216900000000000000e+04
2.218400000000000000e+04
2.220500000000000000e+04
2.221300000000000000e+04
2.221400000000000000e+04
2.222200000000000000e+04
2.222800000000000000e+04
2.226800000000000000e+04
2.228600000000000000e+04
2.229200000000000000e+04
2.230600000000000000e+04
2.231100000000000000e+04
2.232200000000000000e+04
2.232400000000000000e+04
2.233400000000000000e+04
2.233800000000000000e+04
2.233900000000000000e+04
2.234600000000000000e+04
2.236100000000000000e+04
2.240300000000000000e+04
2.240700000000000000e+04
2.240800000000000000e+04
2.240900000000000000e+04
2.241600000000000000e+04
2.242500000000000000e+04
2.242700000000000000e+04
2.243100000000000000e+04
2.244200000000000000e+04
2.246200000000000000e+04
2.246600000000000000e+04
2.247700000000000000e+04
2.248200000000000000e+04
2.248600000000000000e+04
2.250900000000000000e+04
2.251900000000000000e+04
2.252700000000000000e+04
2.254400000000000000e+04
2.255600000000000000e+04
2.257700000000000000e+04
2.259700000000000000e+04
2.260200000000000000e+04
2.263800000000000000e+04
2.265000000000000000e+04
2.265500000000000000e+04
2.275000000000000000e+04
2.275800000000000000e+04
2.277400000000000000e+04
2.278900000000000000e+04
2.279300000000000000e+04
2.279800000000000000e+04
2.280700000000000000e+04
2.281000000000000000e+04
2.281300000000000000e+04
2.281700000000000000e+04
2.281900000000000000e+04
2.283400000000000000e+04
2.284100000000000000e+04
2.284400000000000000e+04
2.284800000000000000e+04
2.285000000000000000e+04
2.287800000000000000e+04
2.288700000000000000e+04
2.289200000000000000e+04
2.289400000000000000e+04
2.289900000000000000e+04
2.290200000000000000e+04
2.291700000000000000e+04
2.292700000000000000e+04
2.292900000000000000e+04
2.293000000000000000e+04
2.295200000000000000e+04
2.299700000000000000e+04
2.299900000000000000e+04
2.300700000000000000e+04
2.300800000000000000e+04
2.302800000000000000e+04
2.304300000000000000e+04
2.307000000000000000e+04
2.309400000000000000e+04
2.309900000000000000e+04
2.313100000000000000e+04
2.313300000000000000e+04
2.313900000000000000e+04
2.314100000000000000e+04
2.314800000000000000e+04
2.314900000000000000e+04
2.315900000000000000e+04
2.316200000000000000e+04
2.317900000000000000e+04
2.320300000000000000e+04
2.320500000000000000e+04
2.321700000000000000e+04
2.323400000000000000e+04
2.327200000000000000e+04
2.328700000000000000e+04
2.329800000000000000e+04
2.331200000000000000e+04
2.332100000000000000e+04
2.334600000000000000e+04
2.336400000000000000e+04
2.336600000000000000e+04
2.337600000000000000e+04
2.338800000000000000e+04
2.339200000000000000e+04
2.344900000000000000e+04
2.347400000000000000e+04
2.347700000000000000e+04
2.349900000000000000e+04
2.351600000000000000e+04
2.353200000000000000e+04
2.354200000000000000e+04
2.355400000000000000e+04
2.355700000000000000e+04
2.357700000000000000e+04
2.361300000000000000e+04
2.362100000000000000e+04
2.362400000000000000e+04
2.364000000000000000e+04
2.364300000000000000e+04
2.364600000000000000e+04
2.366100000000000000e+04
2.367500000000000000e+04
2.369700000000000000e+04
2.371400000000000000e+04
2.371500000000000000e+04
2.373300000000000000e+04
2.382400000000000000e+04
2.382800000000000000e+04
2.383400000000000000e+04
2.387300000000000000e+04
2.388100000000000000e+04
2.388400000000000000e+04
2.388500000000000000e+04
2.395900000000000000e+04
2.396400000000000000e+04
2.398000000000000000e+04
2.400500000000000000e+04
2.402000000000000000e+04
2.406000000000000000e+04
2.406200000000000000e+04
2.407100000000000000e+04
2.407200000000000000e+04
2.407400000000000000e+04
2.408800000000000000e+04
2.409200000000000000e+04
2.409800000000000000e+04
2.409900000000000000e+04
2.411400000000000000e+04
2.413800000000000000e+04
2.414200000000000000e+04
2.415900000000000000e+04
2.417100000000000000e+04
2.417400000000000000e+04
2.418700000000000000e+04
2.426300000000000000e+04
2.426500000000000000e+04
2.427600000000000000e+04
2.431900000000000000e+04
2.434200000000000000e+04
2.434300000000000000e+04
2.439200000000000000e+04
2.439800000000000000e+04
2.441700000000000000e+04
2.443000000000000000e+04
2.443800000000000000e+04
2.446200000000000000e+04
2.447000000000000000e+04
2.447100000000000000e+04
2.447500000000000000e+04
2.449200000000000000e+04
2.449700000000000000e+04
2.449800000000000000e+04
2.455600000000000000e+04
2.455700000000000000e+04
2.456200000000000000e+04
2.457000000000000000e+04
2.457300000000000000e+04
2.457700000000000000e+04
2.457900000000000000e+04
2.458200000000000000e+04
2.458500000000000000e+04
2.461000000000000000e+04
2.461700000000000000e+04
2.464500000000000000e+04
2.464800000000000000e+04
2.465300000000000000e+04
2.468400000000000000e+04
2.468700000000000000e+04
2.469100000000000000e+04
2.470100000000000000e+04
2.473900000000000000e+04
2.474900000000000000e+04
2.475700000000000000e+04
2.476600000000000000e+04
2.476800000000000000e+04
2.478000000000000000e+04
2.479600000000000000e+04
2.481700000000000000e+04
2.482100000000000000e+04
2.482400000000000000e+04
2.482900000000000000e+04
2.487100000000000000e+04
2.487500000000000000e+04
2.490100000000000000e+04
2.490200000000000000e+04
2.491100000000000000e+04
2.491200000000000000e+04
2.491600000000000000e+04
2.492200000000000000e+04
2.495100000000000000e+04
2.495200000000000000e+04
2.497500000000000000e+04
2.500100000000000000e+04
2.501500000000000000e+04
2.503300000000000000e+04
2.504800000000000000e+04
2.506100000000000000e+04
2.506500000000000000e+04
2.507500000000000000e+04
2.509400000000000000e+04
2.510300000000000000e+04
2.512400000000000000e+04
2.517600000000000000e+04
2.518100000000000000e+04
2.521700000000000000e+04
2.522000000000000000e+04
2.522200000000000000e+04
2.522400000000000000e+04
2.523200000000000000e+04
2.523500000000000000e+04
2.523600000000000000e+04
2.524200000000000000e+04
2.524400000000000000e+04
2.526000000000000000e+04
2.526300000000000000e+04
2.527200000000000000e+04
2.529700000000000000e+04
2.532000000000000000e+04
2.532900000000000000e+04
2.533600000000000000e+04
2.533800000000000000e+04
2.533900000000000000e+04
2.534600000000000000e+04
2.535800000000000000e+04
2.536400000000000000e+04
2.537700000000000000e+04
2.538300000000000000e+04
2.540800000000000000e+04
2.543100000000000000e+04
2.545400000000000000e+04
2.545600000000000000e+04
2.546000000000000000e+04
2.548300000000000000e+04
2.549700000000000000e+04
2.551000000000000000e+04
2.551200000000000000e+04
2.551500000000000000e+04
2.551700000000000000e+04
2.552500000000000000e+04
2.553000000000000000e+04
2.553100000000000000e+04
2.557000000000000000e+04
2.557400000000000000e+04
2.559100000000000000e+04
2.560500000000000000e+04
2.561200000000000000e+04
2.562500000000000000e+04
2.563000000000000000e+04
2.563700000000000000e+04
2.563900000000000000e+04
2.567700000000000000e+04
2.569100000000000000e+04
2.569300000000000000e+04
2.575100000000000000e+04
2.577800000000000000e+04
2.579400000000000000e+04
2.580700000000000000e+04
2.581000000000000000e+04
2.582100000000000000e+04
2.582300000000000000e+04
2.582900000000000000e+04
2.585000000000000000e+04
2.585800000000000000e+04
2.586300000000000000e+04
2.589400000000000000e+04
2.591400000000000000e+04
2.593700000000000000e+04
2.594500000000000000e+04
2.594800000000000000e+04
2.602700000000000000e+04
2.604300000000000000e+04
2.604900000000000000e+04
2.605400000000000000e+04
2.606800000000000000e+04
2.607200000000000000e+04
2.607600000000000000e+04
2.608700000000000000e+04
2.609300000000000000e+04
2.609500000000000000e+04
2.612400000000000000e+04
2.613300000000000000e+04
2.613500000000000000e+04
2.614700000000000000e+04
2.615000000000000000e+04
2.615900000000000000e+04
2.616600000000000000e+04
2.617400000000000000e+04
2.619700000000000000e+04
2.623300000000000000e+04
2.624300000000000000e+04
2.627700000000000000e+04
2.629000000000000000e+04
2.629300000000000000e+04
2.631100000000000000e+04
2.632000000000000000e+04
2.633100000000000000e+04
2.636000000000000000e+04
2.636800000000000000e+04
2.639300000000000000e+04
2.640600000000000000e+04
2.642100000000000000e+04
2.643600000000000000e+04
2.644500000000000000e+04
2.644900000000000000e+04
2.645400000000000000e+04
2.645600000000000000e+04
2.646800000000000000e+04
2.647600000000000000e+04
2.648300000000000000e+04
2.649200000000000000e+04
2.649900000000000000e+04
2.652400000000000000e+04
2.654000000000000000e+04
2.655000000000000000e+04
2.655900000000000000e+04
2.656700000000000000e+04
2.658200000000000000e+04
2.659800000000000000e+04
2.663900000000000000e+04
2.665000000000000000e+04
2.665500000000000000e+04
2.670200000000000000e+04
2.671000000000000000e+04
2.671700000000000000e+04
2.673400000000000000e+04
2.674700000000000000e+04
2.675400000000000000e+04
2.680100000000000000e+04
2.680400000000000000e+04
2.681200000000000000e+04
2.682000000000000000e+04
2.682500000000000000e+04
2.686400000000000000e+04
2.687600000000000000e+04
2.687900000000000000e+04
2.688800000000000000e+04
2.689800000000000000e+04
2.690100000000000000e+04
2.690400000000000000e+04
2.690600000000000000e+04
2.692300000000000000e+04
2.692800000000000000e+04
2.693800000000000000e+04
2.695600000000000000e+04
2.695800000000000000e+04
2.697000000000000000e+04
2.697800000000000000e+04
2.699500000000000000e+04
2.699800000000000000e+04
2.700400000000000000e+04
2.701900000000000000e+04
2.702000000000000000e+04
2.705900000000000000e+04
2.706100000000000000e+04
2.708400000000000000e+04
2.709600000000000000e+04
2.716700000000000000e+04
2.717300000000000000e+04
2.720500000000000000e+04
2.721200000000000000e+04
2.721800000000000000e+04
2.727700000000000000e+04
2.732000000000000000e+04
2.732600000000000000e+04
2.733600000000000000e+04
2.734500000000000000e+04
2.735200000000000000e+04
2.739800000000000000e+04
2.741200000000000000e+04
2.744200000000000000e+04
2.744300000000000000e+04
2.746000000000000000e+04
2.746600000000000000e+04
2.749400000000000000e+04
2.750100000000000000e+04
2.750500000000000000e+04
2.751000000000000000e+04
2.751600000000000000e+04
2.754500000000000000e+04
2.755700000000000000e+04
2.755900000000000000e+04
2.757000000000000000e+04
2.759700000000000000e+04
2.760800000000000000e+04
2.764600000000000000e+04
2.768900000000000000e+04
2.769400000000000000e+04
2.770300000000000000e+04
2.771600000000000000e+04
2.773200000000000000e+04
2.773900000000000000e+04
2.779400000000000000e+04
2.779800000000000000e+04
2.779900000000000000e+04
2.780500000000000000e+04
2.781800000000000000e+04
2.782500000000000000e+04
2.783300000000000000e+04
2.783600000000000000e+04
2.785000000000000000e+04
2.785400000000000000e+04
2.786600000000000000e+04
2.786700000000000000e+04
2.787600000000000000e+04
2.789200000000000000e+04
2.790400000000000000e+04
2.790600000000000000e+04
2.792200000000000000e+04
2.792300000000000000e+04
2.793700000000000000e+04
2.794300000000000000e+04
2.795000000000000000e+04
2.795400000000000000e+04
2.796200000000000000e+04
2.798700000000000000e+04
2.799500000000000000e+04
2.801200000000000000e+04
2.801800000000000000e+04
2.802000000000000000e+04
2.802200000000000000e+04
2.802600000000000000e+04
2.803000000000000000e+04
2.804100000000000000e+04
2.804200000000000000e+04
2.804300000000000000e+04
2.804700000000000000e+04
2.806700000000000000e+04
2.806900000000000000e+04
2.808600000000000000e+04
2.810200000000000000e+04
2.811400000000000000e+04
2.811600000000000000e+04
2.812800000000000000e+04
2.817700000000000000e+04
2.818200000000000000e+04
2.818800000000000000e+04
2.819100000000000000e+04
2.820000000000000000e+04
2.821000000000000000e+04
2.821800000000000000e+04
2.822300000000000000e+04
2.823000000000000000e+04
2.824200000000000000e+04
2.827600000000000000e+04
2.827700000000000000e+04
2.828200000000000000e+04
2.831500000000000000e+04
2.832900000000000000e+04
2.834400000000000000e+04
2.840300000000000000e+04
2.841300000000000000e+04
2.842100000000000000e+04
2.843900000000000000e+04
2.844800000000000000e+04
2.845600000000000000e+04
2.846600000000000000e+04
2.846700000000000000e+04
2.851000000000000000e+04
2.852000000000000000e+04
2.853500000000000000e+04
2.855400000000000000e+04
2.856600000000000000e+04
2.860400000000000000e+04
2.860900000000000000e+04
2.862200000000000000e+04
2.862400000000000000e+04
2.865500000000000000e+04
2.868800000000000000e+04
2.874000000000000000e+04
2.874300000000000000e+04
2.874500000000000000e+04
2.875300000000000000e+04
2.878900000000000000e+04
2.879100000000000000e+04
2.879600000000000000e+04
2.880400000000000000e+04
2.881100000000000000e+04
2.882200000000000000e+04
2.883600000000000000e+04
2.886300000000000000e+04
2.888600000000000000e+04
2.888900000000000000e+04
2.889600000000000000e+04
2.890300000000000000e+04
2.893900000000000000e+04
2.899800000000000000e+04
2.900200000000000000e+04
2.902400000000000000e+04
2.903200000000000000e+04
2.903400000000000000e+04
2.904800000000000000e+04
2.905400000000000000e+04
2.906200000000000000e+04
2.906400000000000000e+04
2.908600000000000000e+04
2.909300000000000000e+04
2.909500000000000000e+04
2.911900000000000000e+04
2.912400000000000000e+04
2.912500000000000000e+04
2.912600000000000000e+04
2.912800000000000000e+04
2.913300000000000000e+04
2.914700000000000000e+04
2.917400000000000000e+04
2.917900000000000000e+04
2.918200000000000000e+04
2.921500000000000000e+04
2.922800000000000000e+04
2.923500000000000000e+04
2.925400000000000000e+04
2.925800000000000000e+04
2.926400000000000000e+04
2.926500000000000000e+04
2.927700000000000000e+04
2.928300000000000000e+04
2.930200000000000000e+04
2.930400000000000000e+04
2.930900000000000000e+04
2.934500000000000000e+04
2.934700000000000000e+04
2.934900000000000000e+04
2.935800000000000000e+04
2.936700000000000000e+04
2.937100000000000000e+04
2.938200000000000000e+04
2.938300000000000000e+04
2.939600000000000000e+04
2.940400000000000000e+04
2.940800000000000000e+04
2.942800000000000000e+04
2.943800000000000000e+04
2.944800000000000000e+04
2.952100000000000000e+04
2.952500000000000000e+04
2.953300000000000000e+04
2.953900000000000000e+04
2.954200000000000000e+04
2.955000000000000000e+04
2.956500000000000000e+04
2.956700000000000000e+04
2.956800000000000000e+04
2.958700000000000000e+04
2.959400000000000000e+04
2.960200000000000000e+04
2.961200000000000000e+04
2.961600000000000000e+04
2.964400000000000000e+04
2.966100000000000000e+04
2.970300000000000000e+04
2.971200000000000000e+04
2.971300000000000000e+04
2.972100000000000000e+04
2.972300000000000000e+04
2.972800000000000000e+04
2.973400000000000000e+04
2.976500000000000000e+04
2.977300000000000000e+04
2.977700000000000000e+04
2.979500000000000000e+04
2.980200000000000000e+04
2.982300000000000000e+04
2.983800000000000000e+04
2.985400000000000000e+04
2.986300000000000000e+04
2.987000000000000000e+04
2.987200000000000000e+04
2.988300000000000000e+04
2.988700000000000000e+04
2.991400000000000000e+04
2.992600000000000000e+04
2.993200000000000000e+04
2.994500000000000000e+04
2.995800000000000000e+04
2.996300000000000000e+04
2.997100000000000000e+04
3.002000000000000000e+04
3.002100000000000000e+04
3.002300000000000000e+04
3.002700000000000000e+04
3.004600000000000000e+04
3.005500000000000000e+04
3.005700000000000000e+04
3.010000000000000000e+04
3.014200000000000000e+04
3.014700000000000000e+04
3.014900000000000000e+04
3.015700000000000000e+04
3.018500000000000000e+04
3.019100000000000000e+04
3.019900000000000000e+04
3.020900000000000000e+04
3.021000000000000000e+04
3.021500000000000000e+04
3.023300000000000000e+04
3.024000000000000000e+04
3.025600000000000000e+04
3.026700000000000000e+04
3.030900000000000000e+04
3.031600000000000000e+04
3.032600000000000000e+04
3.034400000000000000e+04
3.035400000000000000e+04
3.035700000000000000e+04
3.037600000000000000e+04
3.037900000000000000e+04
3.038200000000000000e+04
3.039400000000000000e+04
3.039800000000000000e+04
3.042000000000000000e+04
3.044000000000000000e+04
3.044200000000000000e+04
3.045100000000000000e+04
3.045600000000000000e+04
3.046500000000000000e+04
3.047500000000000000e+04
3.052000000000000000e+04
3.052600000000000000e+04
3.053600000000000000e+04
3.054500000000000000e+04
3.054800000000000000e+04
3.056800000000000000e+04
3.058000000000000000e+04
3.058200000000000000e+04
3.058300000000000000e+04
3.058800000000000000e+04
3.059100000000000000e+04
3.059900000000000000e+04
3.060000000000000000e+04
3.061200000000000000e+04
3.063100000000000000e+04
3.065400000000000000e+04
3.065500000000000000e+04
3.065600000000000000e+04
3.066000000000000000e+04
3.066200000000000000e+04
3.066300000000000000e+04
3.067300000000000000e+04
3.067400000000000000e+04
3.069000000000000000e+04
3.070500000000000000e+04
3.073200000000000000e+04
3.074300000000000000e+04
3.075800000000000000e+04
3.077200000000000000e+04
3.078500000000000000e+04
3.083300000000000000e+04
3.088100000000000000e+04
3.089300000000000000e+04
3.089500000000000000e+04
3.090400000000000000e+04
3.091200000000000000e+04
3.092300000000000000e+04
3.094800000000000000e+04
3.096700000000000000e+04
3.097300000000000000e+04
3.101500000000000000e+04
3.102800000000000000e+04
3.103600000000000000e+04
3.108800000000000000e+04
3.111300000000000000e+04
3.111800000000000000e+04
3.115900000000000000e+04
3.119200000000000000e+04
3.119600000000000000e+04
3.120100000000000000e+04
3.121200000000000000e+04
3.121700000000000000e+04
3.121900000000000000e+04
3.122300000000000000e+04
3.123700000000000000e+04
3.124400000000000000e+04
3.124900000000000000e+04
3.125200000000000000e+04
3.126100000000000000e+04
3.126500000000000000e+04
3.126700000000000000e+04
3.126900000000000000e+04
3.127100000000000000e+04
3.127400000000000000e+04
3.129200000000000000e+04
3.129300000000000000e+04
3.129500000000000000e+04
3.129800000000000000e+04
3.131100000000000000e+04
3.132500000000000000e+04
3.136500000000000000e+04
3.137700000000000000e+04
3.137900000000000000e+04
3.138300000000000000e+04
3.138800000000000000e+04
3.139900000000000000e+04
3.144300000000000000e+04
3.145100000000000000e+04
3.145200000000000000e+04
3.147200000000000000e+04
3.149500000000000000e+04
3.150100000000000000e+04
3.155300000000000000e+04
3.155600000000000000e+04
3.156100000000000000e+04
3.158300000000000000e+04
3.159600000000000000e+04
3.160000000000000000e+04
3.160300000000000000e+04
3.160700000000000000e+04
3.161500000000000000e+04
3.165100000000000000e+04
3.165300000000000000e+04
3.167200000000000000e+04
3.167400000000000000e+04
3.168200000000000000e+04
3.168700000000000000e+04
3.169100000000000000e+04
3.169200000000000000e+04
3.170200000000000000e+04
3.170500000000000000e+04
3.170600000000000000e+04
3.171000000000000000e+04
3.171200000000000000e+04
3.172300000000000000e+04
3.173400000000000000e+04
3.175100000000000000e+04
3.176100000000000000e+04
3.176800000000000000e+04
3.178900000000000000e+04
3.179200000000000000e+04
3.180300000000000000e+04
3.181100000000000000e+04
3.182600000000000000e+04
3.182800000000000000e+04
3.183300000000000000e+04
3.183500000000000000e+04
3.185400000000000000e+04
3.185600000000000000e+04
3.188000000000000000e+04
3.189200000000000000e+04
3.189600000000000000e+04
3.193000000000000000e+04
3.196800000000000000e+04
3.197000000000000000e+04
3.197200000000000000e+04
3.197900000000000000e+04
3.200500000000000000e+04
3.201300000000000000e+04
3.201500000000000000e+04
3.201700000000000000e+04
3.202000000000000000e+04
3.202400000000000000e+04
3.203000000000000000e+04
3.205400000000000000e+04
3.209200000000000000e+04
3.209600000000000000e+04
3.211600000000000000e+04
3.216000000000000000e+04
3.216200000000000000e+04
3.219700000000000000e+04
3.223200000000000000e+04
3.223700000000000000e+04
3.224700000000000000e+04
3.226300000000000000e+04
3.227100000000000000e+04
3.227300000000000000e+04
3.228000000000000000e+04
3.228200000000000000e+04
3.229400000000000000e+04
3.229900000000000000e+04
3.230400000000000000e+04
3.230600000000000000e+04
3.231000000000000000e+04
3.232800000000000000e+04
3.235500000000000000e+04
3.236600000000000000e+04
3.237600000000000000e+04
3.238300000000000000e+04
3.240000000000000000e+04
3.241400000000000000e+04
3.242000000000000000e+04
3.242300000000000000e+04
3.243400000000000000e+04
3.243500000000000000e+04
3.243900000000000000e+04
3.248200000000000000e+04
3.248900000000000000e+04
3.249900000000000000e+04
3.250300000000000000e+04
3.250900000000000000e+04
3.251000000000000000e+04
3.251400000000000000e+04
3.252100000000000000e+04
3.253500000000000000e+04
3.255700000000000000e+04
3.256700000000000000e+04
3.257500000000000000e+04
3.258400000000000000e+04
3.260600000000000000e+04
3.262800000000000000e+04
3.263800000000000000e+04
3.264400000000000000e+04
3.264500000000000000e+04
3.265600000000000000e+04
3.268100000000000000e+04
3.268200000000000000e+04
3.269000000000000000e+04
3.269500000000000000e+04
3.272000000000000000e+04
3.272800000000000000e+04
3.273100000000000000e+04
3.273200000000000000e+04
3.273500000000000000e+04
3.273900000000000000e+04
3.274500000000000000e+04
3.276900000000000000e+04
3.277000000000000000e+04
3.278400000000000000e+04
3.280600000000000000e+04
3.282900000000000000e+04
3.283100000000000000e+04
3.284600000000000000e+04
3.285000000000000000e+04
3.288800000000000000e+04
3.290400000000000000e+04
3.291600000000000000e+04
3.292700000000000000e+04
3.293300000000000000e+04
3.295800000000000000e+04
3.296900000000000000e+04
3.298000000000000000e+04
3.298100000000000000e+04
3.299900000000000000e+04
3.301600000000000000e+04
3.302900000000000000e+04
3.308900000000000000e+04
3.309700000000000000e+04
3.314400000000000000e+04
3.315700000000000000e+04
3.317900000000000000e+04
3.318200000000000000e+04
3.319000000000000000e+04
3.319400000000000000e+04
3.319500000000000000e+04
3.323100000000000000e+04
3.324700000000000000e+04
3.326500000000000000e+04
3.326800000000000000e+04
3.327400000000000000e+04
3.328100000000000000e+04
3.328200000000000000e+04
3.328900000000000000e+04
3.329600000000000000e+04
3.332800000000000000e+04
3.333600000000000000e+04
3.335600000000000000e+04
3.336700000000000000e+04
3.337600000000000000e+04
3.338700000000000000e+04
3.339100000000000000e+04
3.341700000000000000e+04
3.342000000000000000e+04
3.344700000000000000e+04
3.345700000000000000e+04
3.346900000000000000e+04
3.347600000000000000e+04
3.347700000000000000e+04
3.348900000000000000e+04
3.349800000000000000e+04
3.351000000000000000e+04
3.351300000000000000e+04
3.353900000000000000e+04
3.354900000000000000e+04
3.355300000000000000e+04
3.356200000000000000e+04
3.356700000000000000e+04
3.357700000000000000e+04
3.360000000000000000e+04
3.360100000000000000e+04
3.361400000000000000e+04
3.361800000000000000e+04
3.362800000000000000e+04
3.369100000000000000e+04
3.369600000000000000e+04
3.370200000000000000e+04
3.371300000000000000e+04
3.372900000000000000e+04
3.376600000000000000e+04
3.378000000000000000e+04
3.379300000000000000e+04
3.379400000000000000e+04
3.381700000000000000e+04
3.383200000000000000e+04
3.384200000000000000e+04
3.386300000000000000e+04
3.387200000000000000e+04
3.387500000000000000e+04
3.389200000000000000e+04
3.391700000000000000e+04
3.392000000000000000e+04
3.393400000000000000e+04
3.393600000000000000e+04
3.393700000000000000e+04
3.394300000000000000e+04
3.394700000000000000e+04
3.395400000000000000e+04
3.396300000000000000e+04
3.398300000000000000e+04
3.398400000000000000e+04
3.401500000000000000e+04
3.402400000000000000e+04
3.402700000000000000e+04
3.402900000000000000e+04
3.404100000000000000e+04
3.405200000000000000e+04
3.405800000000000000e+04
3.406000000000000000e+04
3.406900000000000000e+04
3.408000000000000000e+04
3.409300000000000000e+04
3.409600000000000000e+04
3.410700000000000000e+04
3.410800000000000000e+04
3.412500000000000000e+04
3.412600000000000000e+04
3.413900000000000000e+04
3.417800000000000000e+04
3.417900000000000000e+04
3.418100000000000000e+04
3.419100000000000000e+04
3.421000000000000000e+04
3.422000000000000000e+04
3.423400000000000000e+04
3.423900000000000000e+04
3.424100000000000000e+04
3.424400000000000000e+04
3.424800000000000000e+04
3.427600000000000000e+04
3.429500000000000000e+04
3.430200000000000000e+04
3.431100000000000000e+04
3.433200000000000000e+04
3.434700000000000000e+04
3.435700000000000000e+04
3.436000000000000000e+04
3.438600000000000000e+04
3.439500000000000000e+04
3.439700000000000000e+04
3.440000000000000000e+04
3.440100000000000000e+04
3.441300000000000000e+04
3.441800000000000000e+04
3.441900000000000000e+04
3.444800000000000000e+04
3.445300000000000000e+04
3.446700000000000000e+04
3.448800000000000000e+04
3.448900000000000000e+04
