3.000000000000000000e+00
4.800000000000000000e+01
6.300000000000000000e+01
6.900000000000000000e+01
1.090000000000000000e+02
1.410000000000000000e+02
1.460000000000000000e+02
1.610000000000000000e+02
1.740000000000000000e+02
2.320000000000000000e+02
2.400000000000000000e+02
2.590000000000000000e+02
2.610000000000000000e+02
2.910000000000000000e+02
3.390000000000000000e+02
3.890000000000000000e+02
4.070000000000000000e+02
4.580000000000000000e+02
5.100000000000000000e+02
5.240000000000000000e+02
5.430000000000000000e+02
6.650000000000000000e+02
6.920000000000000000e+02
7.150000000000000000e+02
7.560000000000000000e+02
8.000000000000000000e+02
8.110000000000000000e+02
8.200000000000000000e+02
9.180000000000000000e+02
9.210000000000000000e+02
9.870000000000000000e+02
1.007000000000000000e+03
1.040000000000000000e+03
1.087000000000000000e+03
1.129000000000000000e+03
1.139000000000000000e+03
1.144000000000000000e+03
1.181000000000000000e+03
1.190000000000000000e+03
1.196000000000000000e+03
1.210000000000000000e+03
1.219000000000000000e+03
1.238000000000000000e+03
1.271000000000000000e+03
1.391000000000000000e+03
1.430000000000000000e+03
1.485000000000000000e+03
1.499000000000000000e+03
1.572000000000000000e+03
1.592000000000000000e+03
1.599000000000000000e+03
1.620000000000000000e+03
1.628000000000000000e+03
1.680000000000000000e+03
1.683000000000000000e+03
1.690000000000000000e+03
1.737000000000000000e+03
1.751000000000000000e+03
1.774000000000000000e+03
1.790000000000000000e+03
1.791000000000000000e+03
1.799000000000000000e+03
1.805000000000000000e+03
1.811000000000000000e+03
1.812000000000000000e+03
1.813000000000000000e+03
1.820000000000000000e+03
1.827000000000000000e+03
1.837000000000000000e+03
1.847000000000000000e+03
1.856000000000000000e+03
1.858000000000000000e+03
1.862000000000000000e+03
1.864000000000000000e+03
1.877000000000000000e+03
1.884000000000000000e+03
1.890000000000000000e+03
1.892000000000000000e+03
1.894000000000000000e+03
1.898000000000000000e+03
1.901000000000000000e+03
1.902000000000000000e+03
1.903000000000000000e+03
1.905000000000000000e+03
1.913000000000000000e+03
1.918000000000000000e+03
1.923000000000000000e+03
1.928000000000000000e+03
1.935000000000000000e+03
1.936000000000000000e+03
1.941000000000000000e+03
1.946000000000000000e+03
1.949000000000000000e+03
1.950000000000000000e+03
1.951000000000000000e+03
1.957000000000000000e+03
1.958000000000000000e+03
1.959000000000000000e+03
1.980000000000000000e+03
1.992000000000000000e+03
1.994000000000000000e+03
1.997000000000000000e+03
1.998000000000000000e+03
1.999000000000000000e+03
2.002000000000000000e+03
2.006000000000000000e+03
2.024000000000000000e+03
2.027000000000000000e+03
2.039000000000000000e+03
2.047000000000000000e+03
2.056000000000000000e+03
2.058000000000000000e+03
2.063000000000000000e+03
2.067000000000000000e+03
2.082000000000000000e+03
2.088000000000000000e+03
2.089000000000000000e+03
2.100000000000000000e+03
2.114000000000000000e+03
2.116000000000000000e+03
2.122000000000000000e+03
2.126000000000000000e+03
2.131000000000000000e+03
2.139000000000000000e+03
2.141000000000000000e+03
2.143000000000000000e+03
2.145000000000000000e+03
2.150000000000000000e+03
2.157000000000000000e+03
2.168000000000000000e+03
2.171000000000000000e+03
2.173000000000000000e+03
2.175000000000000000e+03
2.180000000000000000e+03
2.188000000000000000e+03
2.201000000000000000e+03
2.214000000000000000e+03
2.216000000000000000e+03
2.240000000000000000e+03
2.252000000000000000e+03
2.253000000000000000e+03
2.254000000000000000e+03
2.263000000000000000e+03
2.268000000000000000e+03
2.293000000000000000e+03
2.295000000000000000e+03
2.296000000000000000e+03
2.308000000000000000e+03
2.309000000000000000e+03
2.325000000000000000e+03
2.340000000000000000e+03
2.345000000000000000e+03
2.347000000000000000e+03
2.352000000000000000e+03
2.353000000000000000e+03
2.357000000000000000e+03
2.360000000000000000e+03
2.362000000000000000e+03
2.364000000000000000e+03
2.365000000000000000e+03
2.379000000000000000e+03
2.399000000000000000e+03
2.401000000000000000e+03
2.404000000000000000e+03
2.409000000000000000e+03
2.412000000000000000e+03
2.415000000000000000e+03
2.416000000000000000e+03
2.421000000000000000e+03
2.422000000000000000e+03
2.425000000000000000e+03
2.432000000000000000e+03
2.433000000000000000e+03
2.440000000000000000e+03
2.441000000000000000e+03
2.443000000000000000e+03
2.454000000000000000e+03
2.462000000000000000e+03
2.488000000000000000e+03
2.492000000000000000e+03
2.503000000000000000e+03
2.504000000000000000e+03
2.506000000000000000e+03
2.519000000000000000e+03
2.531000000000000000e+03
2.550000000000000000e+03
2.551000000000000000e+03
2.553000000000000000e+03
2.555000000000000000e+03
2.571000000000000000e+03
2.572000000000000000e+03
2.578000000000000000e+03
2.581000000000000000e+03
2.585000000000000000e+03
2.593000000000000000e+03
2.616000000000000000e+03
2.626000000000000000e+03
2.634000000000000000e+03
2.647000000000000000e+03
2.657000000000000000e+03
2.674000000000000000e+03
2.682000000000000000e+03
2.704000000000000000e+03
2.714000000000000000e+03
2.720000000000000000e+03
2.727000000000000000e+03
2.745000000000000000e+03
2.747000000000000000e+03
2.767000000000000000e+03
2.775000000000000000e+03
2.789000000000000000e+03
2.791000000000000000e+03
2.796000000000000000e+03
2.808000000000000000e+03
2.814000000000000000e+03
2.827000000000000000e+03
2.837000000000000000e+03
2.840000000000000000e+03
2.846000000000000000e+03
2.891000000000000000e+03
2.897000000000000000e+03
2.907000000000000000e+03
2.909000000000000000e+03
2.928000000000000000e+03
2.952000000000000000e+03
2.960000000000000000e+03
2.965000000000000000e+03
2.972000000000000000e+03
2.978000000000000000e+03
2.989000000000000000e+03
2.990000000000000000e+03
3.000000000000000000e+03
3.005000000000000000e+03
3.012000000000000000e+03
3.021000000000000000e+03
3.030000000000000000e+03
3.051000000000000000e+03
3.069000000000000000e+03
3.071000000000000000e+03
3.081000000000000000e+03
3.101000000000000000e+03
3.102000000000000000e+03
3.104000000000000000e+03
3.109000000000000000e+03
3.114000000000000000e+03
3.120000000000000000e+03
3.145000000000000000e+03
3.160000000000000000e+03
3.175000000000000000e+03
3.176000000000000000e+03
3.183000000000000000e+03
3.199000000000000000e+03
3.205000000000000000e+03
3.225000000000000000e+03
3.229000000000000000e+03
3.242000000000000000e+03
3.276000000000000000e+03
3.305000000000000000e+03
3.316000000000000000e+03
3.344000000000000000e+03
3.356000000000000000e+03
3.390000000000000000e+03
3.417000000000000000e+03
3.427000000000000000e+03
3.447000000000000000e+03
3.459000000000000000e+03
3.534000000000000000e+03
3.552000000000000000e+03
3.553000000000000000e+03
3.650000000000000000e+03
3.656000000000000000e+03
3.708000000000000000e+03
3.713000000000000000e+03
3.728000000000000000e+03
3.731000000000000000e+03
3.737000000000000000e+03
3.755000000000000000e+03
3.782000000000000000e+03
3.821000000000000000e+03
3.830000000000000000e+03
3.837000000000000000e+03
3.859000000000000000e+03
3.875000000000000000e+03
3.886000000000000000e+03
3.889000000000000000e+03
3.894000000000000000e+03
3.915000000000000000e+03
3.967000000000000000e+03
3.971000000000000000e+03
3.980000000000000000e+03
4.000000000000000000e+03
4.018000000000000000e+03
4.024000000000000000e+03
4.028000000000000000e+03
4.030000000000000000e+03
4.037000000000000000e+03
4.039000000000000000e+03
4.047000000000000000e+03
4.048000000000000000e+03
4.061000000000000000e+03
4.074000000000000000e+03
4.079000000000000000e+03
4.090000000000000000e+03
4.111000000000000000e+03
4.113000000000000000e+03
4.123000000000000000e+03
4.125000000000000000e+03
4.131000000000000000e+03
4.135000000000000000e+03
4.147000000000000000e+03
4.149000000000000000e+03
4.153000000000000000e+03
4.170000000000000000e+03
4.175000000000000000e+03
4.202000000000000000e+03
4.203000000000000000e+03
4.229000000000000000e+03
4.241000000000000000e+03
4.291000000000000000e+03
4.299000000000000000e+03
4.304000000000000000e+03
4.334000000000000000e+03
4.360000000000000000e+03
4.368000000000000000e+03
4.382000000000000000e+03
4.495000000000000000e+03
4.497000000000000000e+03
4.553000000000000000e+03
4.572000000000000000e+03
4.582000000000000000e+03
4.598000000000000000e+03
4.599000000000000000e+03
4.607000000000000000e+03
4.609000000000000000e+03
4.613000000000000000e+03
4.621000000000000000e+03
4.638000000000000000e+03
4.697000000000000000e+03
4.719000000000000000e+03
4.738000000000000000e+03
4.756000000000000000e+03
4.767000000000000000e+03
4.773000000000000000e+03
4.785000000000000000e+03
4.797000000000000000e+03
4.806000000000000000e+03
4.814000000000000000e+03
4.833000000000000000e+03
4.845000000000000000e+03
4.848000000000000000e+03
4.860000000000000000e+03
4.892000000000000000e+03
4.934000000000000000e+03
4.946000000000000000e+03
4.949000000000000000e+03
4.951000000000000000e+03
4.956000000000000000e+03
4.966000000000000000e+03
4.998000000000000000e+03
5.005000000000000000e+03
5.007000000000000000e+03
5.017000000000000000e+03
5.025000000000000000e+03
5.033000000000000000e+03
5.054000000000000000e+03
5.055000000000000000e+03
5.061000000000000000e+03
5.083000000000000000e+03
5.101000000000000000e+03
5.122000000000000000e+03
5.129000000000000000e+03
5.141000000000000000e+03
5.166000000000000000e+03
5.176000000000000000e+03
5.181000000000000000e+03
5.187000000000000000e+03
5.194000000000000000e+03
5.219000000000000000e+03
5.242000000000000000e+03
5.253000000000000000e+03
5.254000000000000000e+03
5.269000000000000000e+03
5.273000000000000000e+03
5.285000000000000000e+03
5.290000000000000000e+03
5.298000000000000000e+03
5.310000000000000000e+03
5.331000000000000000e+03
5.347000000000000000e+03
5.352000000000000000e+03
5.353000000000000000e+03
5.402000000000000000e+03
5.409000000000000000e+03
5.414000000000000000e+03
5.422000000000000000e+03
5.456000000000000000e+03
5.469000000000000000e+03
5.489000000000000000e+03
5.502000000000000000e+03
5.514000000000000000e+03
5.521000000000000000e+03
5.532000000000000000e+03
5.533000000000000000e+03
5.545000000000000000e+03
5.546000000000000000e+03
5.547000000000000000e+03
5.548000000000000000e+03
5.558000000000000000e+03
5.561000000000000000e+03
5.584000000000000000e+03
5.592000000000000000e+03
5.601000000000000000e+03
5.613000000000000000e+03
5.644000000000000000e+03
5.665000000000000000e+03
5.670000000000000000e+03
5.676000000000000000e+03
5.682000000000000000e+03
5.683000000000000000e+03
5.699000000000000000e+03
5.712000000000000000e+03
5.717000000000000000e+03
5.720000000000000000e+03
5.726000000000000000e+03
5.738000000000000000e+03
5.774000000000000000e+03
5.778000000000000000e+03
5.782000000000000000e+03
5.783000000000000000e+03
5.787000000000000000e+03
5.796000000000000000e+03
5.797000000000000000e+03
5.807000000000000000e+03
5.810000000000000000e+03
5.821000000000000000e+03
5.844000000000000000e+03
5.863000000000000000e+03
5.867000000000000000e+03
5.874000000000000000e+03
5.885000000000000000e+03
5.904000000000000000e+03
5.907000000000000000e+03
5.917000000000000000e+03
5.925000000000000000e+03
5.936000000000000000e+03
5.947000000000000000e+03
5.966000000000000000e+03
5.979000000000000000e+03
5.985000000000000000e+03
6.000000000000000000e+03
6.024000000000000000e+03
6.052000000000000000e+03
6.067000000000000000e+03
6.076000000000000000e+03
6.104000000000000000e+03
6.105000000000000000e+03
6.111000000000000000e+03
6.112000000000000000e+03
6.162000000000000000e+03
6.191000000000000000e+03
6.195000000000000000e+03
6.203000000000000000e+03
6.204000000000000000e+03
6.208000000000000000e+03
6.234000000000000000e+03
6.240000000000000000e+03
6.276000000000000000e+03
6.290000000000000000e+03
6.302000000000000000e+03
6.324000000000000000e+03
6.350000000000000000e+03
6.351000000000000000e+03
6.354000000000000000e+03
6.358000000000000000e+03
6.365000000000000000e+03
6.378000000000000000e+03
6.382000000000000000e+03
6.383000000000000000e+03
6.386000000000000000e+03
6.404000000000000000e+03
6.406000000000000000e+03
6.408000000000000000e+03
6.412000000000000000e+03
6.417000000000000000e+03
6.426000000000000000e+03
6.427000000000000000e+03
6.442000000000000000e+03
6.448000000000000000e+03
6.454000000000000000e+03
6.464000000000000000e+03
6.479000000000000000e+03
6.494000000000000000e+03
6.500000000000000000e+03
6.507000000000000000e+03
6.519000000000000000e+03
6.541000000000000000e+03
6.590000000000000000e+03
6.599000000000000000e+03
6.601000000000000000e+03
6.608000000000000000e+03
6.633000000000000000e+03
6.634000000000000000e+03
6.649000000000000000e+03
6.661000000000000000e+03
6.666000000000000000e+03
6.679000000000000000e+03
6.691000000000000000e+03
6.708000000000000000e+03
6.711000000000000000e+03
6.714000000000000000e+03
6.733000000000000000e+03
6.749000000000000000e+03
6.761000000000000000e+03
6.763000000000000000e+03
6.775000000000000000e+03
6.783000000000000000e+03
6.794000000000000000e+03
6.813000000000000000e+03
6.826000000000000000e+03
6.843000000000000000e+03
6.851000000000000000e+03
6.853000000000000000e+03
6.881000000000000000e+03
6.884000000000000000e+03
6.908000000000000000e+03
6.926000000000000000e+03
6.929000000000000000e+03
6.936000000000000000e+03
6.946000000000000000e+03
6.948000000000000000e+03
6.956000000000000000e+03
6.968000000000000000e+03
6.971000000000000000e+03
6.980000000000000000e+03
6.982000000000000000e+03
6.986000000000000000e+03
6.989000000000000000e+03
7.028000000000000000e+03
7.058000000000000000e+03
7.083000000000000000e+03
7.093000000000000000e+03
7.107000000000000000e+03
7.126000000000000000e+03
7.141000000000000000e+03
7.146000000000000000e+03
7.149000000000000000e+03
7.150000000000000000e+03
7.175000000000000000e+03
7.177000000000000000e+03
7.187000000000000000e+03
7.194000000000000000e+03
7.200000000000000000e+03
7.215000000000000000e+03
7.257000000000000000e+03
7.273000000000000000e+03
7.280000000000000000e+03
7.303000000000000000e+03
7.325000000000000000e+03
7.331000000000000000e+03
7.344000000000000000e+03
7.345000000000000000e+03
7.349000000000000000e+03
7.366000000000000000e+03
7.392000000000000000e+03
7.394000000000000000e+03
7.398000000000000000e+03
7.401000000000000000e+03
7.419000000000000000e+03
7.442000000000000000e+03
7.451000000000000000e+03
7.517000000000000000e+03
7.524000000000000000e+03
7.526000000000000000e+03
7.533000000000000000e+03
7.538000000000000000e+03
7.561000000000000000e+03
7.593000000000000000e+03
7.594000000000000000e+03
7.610000000000000000e+03
7.634000000000000000e+03
7.647000000000000000e+03
7.648000000000000000e+03
7.677000000000000000e+03
7.678000000000000000e+03
7.688000000000000000e+03
7.700000000000000000e+03
7.701000000000000000e+03
7.704000000000000000e+03
7.730000000000000000e+03
7.734000000000000000e+03
7.761000000000000000e+03
7.778000000000000000e+03
7.782000000000000000e+03
7.785000000000000000e+03
7.787000000000000000e+03
7.809000000000000000e+03
7.830000000000000000e+03
7.838000000000000000e+03
7.847000000000000000e+03
7.851000000000000000e+03
7.852000000000000000e+03
7.904000000000000000e+03
7.905000000000000000e+03
7.908000000000000000e+03
7.909000000000000000e+03
7.918000000000000000e+03
7.927000000000000000e+03
7.947000000000000000e+03
7.984000000000000000e+03
7.989000000000000000e+03
7.992000000000000000e+03
7.998000000000000000e+03
8.001000000000000000e+03
8.005000000000000000e+03
8.014000000000000000e+03
8.034000000000000000e+03
8.045000000000000000e+03
8.057000000000000000e+03
8.061000000000000000e+03
8.083000000000000000e+03
8.087000000000000000e+03
8.116000000000000000e+03
8.126000000000000000e+03
8.128000000000000000e+03
8.139000000000000000e+03
8.141000000000000000e+03
8.154000000000000000e+03
8.174000000000000000e+03
8.201000000000000000e+03
8.208000000000000000e+03
8.215000000000000000e+03
8.252000000000000000e+03
8.264000000000000000e+03
8.301000000000000000e+03
8.302000000000000000e+03
8.315000000000000000e+03
8.355000000000000000e+03
8.360000000000000000e+03
8.370000000000000000e+03
8.383000000000000000e+03
8.390000000000000000e+03
8.424000000000000000e+03
8.443000000000000000e+03
8.452000000000000000e+03
8.455000000000000000e+03
8.472000000000000000e+03
8.493000000000000000e+03
8.495000000000000000e+03
8.499000000000000000e+03
8.535000000000000000e+03
8.555000000000000000e+03
8.556000000000000000e+03
8.571000000000000000e+03
8.578000000000000000e+03
8.584000000000000000e+03
8.592000000000000000e+03
8.648000000000000000e+03
8.655000000000000000e+03
8.661000000000000000e+03
8.679000000000000000e+03
8.712000000000000000e+03
8.717000000000000000e+03
8.724000000000000000e+03
8.732000000000000000e+03
8.740000000000000000e+03
8.743000000000000000e+03
8.747000000000000000e+03
8.801000000000000000e+03
8.819000000000000000e+03
8.841000000000000000e+03
8.850000000000000000e+03
8.854000000000000000e+03
8.857000000000000000e+03
8.860000000000000000e+03
8.880000000000000000e+03
8.883000000000000000e+03
8.884000000000000000e+03
8.891000000000000000e+03
8.892000000000000000e+03
8.917000000000000000e+03
8.956000000000000000e+03
8.978000000000000000e+03
8.986000000000000000e+03
8.999000000000000000e+03
9.001000000000000000e+03
9.059000000000000000e+03
9.065000000000000000e+03
9.077000000000000000e+03
9.094000000000000000e+03
9.143000000000000000e+03
9.160000000000000000e+03
9.171000000000000000e+03
9.178000000000000000e+03
9.190000000000000000e+03
9.194000000000000000e+03
9.228000000000000000e+03
9.240000000000000000e+03
9.251000000000000000e+03
9.261000000000000000e+03
9.273000000000000000e+03
9.321000000000000000e+03
9.326000000000000000e+03
9.344000000000000000e+03
9.354000000000000000e+03
9.367000000000000000e+03
9.390000000000000000e+03
9.408000000000000000e+03
9.409000000000000000e+03
9.419000000000000000e+03
9.442000000000000000e+03
9.464000000000000000e+03
9.488000000000000000e+03
9.489000000000000000e+03
9.515000000000000000e+03
9.541000000000000000e+03
9.544000000000000000e+03
9.549000000000000000e+03
9.565000000000000000e+03
9.580000000000000000e+03
9.592000000000000000e+03
9.617000000000000000e+03
9.626000000000000000e+03
9.635000000000000000e+03
9.641000000000000000e+03
9.642000000000000000e+03
9.645000000000000000e+03
9.720000000000000000e+03
9.731000000000000000e+03
9.774000000000000000e+03
9.795000000000000000e+03
9.799000000000000000e+03
9.825000000000000000e+03
9.827000000000000000e+03
9.849000000000000000e+03
9.855000000000000000e+03
9.868000000000000000e+03
9.880000000000000000e+03
9.882000000000000000e+03
9.903000000000000000e+03
9.907000000000000000e+03
9.908000000000000000e+03
9.915000000000000000e+03
9.934000000000000000e+03
9.935000000000000000e+03
9.939000000000000000e+03
9.942000000000000000e+03
9.958000000000000000e+03
9.987000000000000000e+03
1.002300000000000000e+04
1.002900000000000000e+04
1.003300000000000000e+04
1.003500000000000000e+04
1.008400000000000000e+04
1.015100000000000000e+04
1.016300000000000000e+04
1.017700000000000000e+04
1.018300000000000000e+04
1.019200000000000000e+04
1.019800000000000000e+04
1.020000000000000000e+04
1.023800000000000000e+04
1.024700000000000000e+04
1.030100000000000000e+04
1.032000000000000000e+04
1.033900000000000000e+04
1.036000000000000000e+04
1.040100000000000000e+04
1.040200000000000000e+04
1.040500000000000000e+04
1.043900000000000000e+04
1.045700000000000000e+04
1.047100000000000000e+04
1.047300000000000000e+04
1.049000000000000000e+04
1.054400000000000000e+04
1.059100000000000000e+04
1.060600000000000000e+04
1.060800000000000000e+04
1.061400000000000000e+04
1.062200000000000000e+04
1.062600000000000000e+04
1.064400000000000000e+04
1.065500000000000000e+04
1.066100000000000000e+04
1.066500000000000000e+04
1.066900000000000000e+04
1.067400000000000000e+04
1.067900000000000000e+04
1.068900000000000000e+04
1.071300000000000000e+04
1.071800000000000000e+04
1.072400000000000000e+04
1.074600000000000000e+04
1.075200000000000000e+04
1.076000000000000000e+04
1.076300000000000000e+04
1.079000000000000000e+04
1.079900000000000000e+04
1.080000000000000000e+04
1.080800000000000000e+04
1.081400000000000000e+04
1.082900000000000000e+04
1.084800000000000000e+04
1.086000000000000000e+04
1.092300000000000000e+04
1.092400000000000000e+04
1.092500000000000000e+04
1.093100000000000000e+04
1.094200000000000000e+04
1.097900000000000000e+04
1.098000000000000000e+04
1.104500000000000000e+04
1.106700000000000000e+04
1.108900000000000000e+04
1.109700000000000000e+04
1.110900000000000000e+04
1.111600000000000000e+04
1.111900000000000000e+04
1.115000000000000000e+04
1.115800000000000000e+04
1.116200000000000000e+04
1.116600000000000000e+04
1.120600000000000000e+04
1.121500000000000000e+04
1.121800000000000000e+04
1.124700000000000000e+04
1.124800000000000000e+04
1.124900000000000000e+04
1.125200000000000000e+04
1.125700000000000000e+04
1.128200000000000000e+04
1.130400000000000000e+04
1.133500000000000000e+04
1.133700000000000000e+04
1.135400000000000000e+04
1.135800000000000000e+04
1.136500000000000000e+04
1.136600000000000000e+04
1.138200000000000000e+04
1.139000000000000000e+04
1.139400000000000000e+04
1.140300000000000000e+04
1.142200000000000000e+04
1.143200000000000000e+04
1.144500000000000000e+04
1.146200000000000000e+04
1.148200000000000000e+04
1.149300000000000000e+04
1.149400000000000000e+04
1.149500000000000000e+04
1.151300000000000000e+04
1.152000000000000000e+04
1.152900000000000000e+04
1.153300000000000000e+04
1.155100000000000000e+04
1.155900000000000000e+04
1.156400000000000000e+04
1.157000000000000000e+04
1.158500000000000000e+04
1.160600000000000000e+04
1.163900000000000000e+04
1.164800000000000000e+04
1.164900000000000000e+04
1.168700000000000000e+04
1.170000000000000000e+04
1.170600000000000000e+04
1.172700000000000000e+04
1.174200000000000000e+04
1.175200000000000000e+04
1.175500000000000000e+04
1.175700000000000000e+04
1.177300000000000000e+04
1.181600000000000000e+04
1.182200000000000000e+04
1.182300000000000000e+04
1.184500000000000000e+04
1.185400000000000000e+04
1.186400000000000000e+04
1.187200000000000000e+04
1.187700000000000000e+04
1.193600000000000000e+04
1.195600000000000000e+04
1.195900000000000000e+04
1.197700000000000000e+04
1.199300000000000000e+04
1.202000000000000000e+04
1.202300000000000000e+04
1.204200000000000000e+04
1.205500000000000000e+04
1.207200000000000000e+04
1.207400000000000000e+04
1.208100000000000000e+04
1.208600000000000000e+04
1.212500000000000000e+04
1.217600000000000000e+04
1.217700000000000000e+04
1.222100000000000000e+04
1.222800000000000000e+04
1.223400000000000000e+04
1.225400000000000000e+04
1.225500000000000000e+04
1.227700000000000000e+04
1.231200000000000000e+04
1.234900000000000000e+04
1.236300000000000000e+04
1.240300000000000000e+04
1.245100000000000000e+04
1.251500000000000000e+04
1.253000000000000000e+04
1.255100000000000000e+04
1.255900000000000000e+04
1.256900000000000000e+04
1.257200000000000000e+04
1.258100000000000000e+04
1.260500000000000000e+04
1.264400000000000000e+04
1.264600000000000000e+04
1.264800000000000000e+04
1.266700000000000000e+04
1.266900000000000000e+04
1.267300000000000000e+04
1.267400000000000000e+04
1.269200000000000000e+04
1.269400000000000000e+04
1.269900000000000000e+04
1.271000000000000000e+04
1.272000000000000000e+04
1.272500000000000000e+04
1.273500000000000000e+04
1.273700000000000000e+04
1.274500000000000000e+04
1.274700000000000000e+04
1.275300000000000000e+04
1.275400000000000000e+04
1.278100000000000000e+04
1.279100000000000000e+04
1.279700000000000000e+04
1.281100000000000000e+04
1.281300000000000000e+04
1.284600000000000000e+04
1.285400000000000000e+04
1.292200000000000000e+04
1.292500000000000000e+04
1.293900000000000000e+04
1.295900000000000000e+04
1.296500000000000000e+04
1.299100000000000000e+04
1.300800000000000000e+04
1.302700000000000000e+04
1.309900000000000000e+04
1.311500000000000000e+04
1.312000000000000000e+04
1.312800000000000000e+04
1.314500000000000000e+04
1.315100000000000000e+04
1.316700000000000000e+04
1.318300000000000000e+04
1.325300000000000000e+04
1.325700000000000000e+04
1.326600000000000000e+04
1.331400000000000000e+04
1.331800000000000000e+04
1.333200000000000000e+04
1.333500000000000000e+04
1.334500000000000000e+04
1.335000000000000000e+04
1.335100000000000000e+04
1.336700000000000000e+04
1.338700000000000000e+04
1.339300000000000000e+04
1.339900000000000000e+04
1.340600000000000000e+04
1.340800000000000000e+04
1.341200000000000000e+04
1.343400000000000000e+04
1.344600000000000000e+04
1.346800000000000000e+04
1.347100000000000000e+04
1.347300000000000000e+04
1.347600000000000000e+04
1.349800000000000000e+04
1.352300000000000000e+04
1.352400000000000000e+04
1.354300000000000000e+04
1.355400000000000000e+04
1.355500000000000000e+04
1.360500000000000000e+04
1.362100000000000000e+04
1.362600000000000000e+04
1.364200000000000000e+04
1.367500000000000000e+04
1.368700000000000000e+04
1.369200000000000000e+04
1.370900000000000000e+04
1.372700000000000000e+04
1.373300000000000000e+04
1.376500000000000000e+04
1.376700000000000000e+04
1.376800000000000000e+04
1.379500000000000000e+04
1.380500000000000000e+04
1.381100000000000000e+04
1.382700000000000000e+04
1.382900000000000000e+04
1.388100000000000000e+04
1.388900000000000000e+04
1.392400000000000000e+04
1.394500000000000000e+04
1.395400000000000000e+04
1.395900000000000000e+04
1.397500000000000000e+04
1.399000000000000000e+04
1.399600000000000000e+04
1.402700000000000000e+04
1.403500000000000000e+04
1.405600000000000000e+04
1.405700000000000000e+04
1.406600000000000000e+04
1.413100000000000000e+04
1.413800000000000000e+04
1.416600000000000000e+04
1.417600000000000000e+04
1.418300000000000000e+04
1.421100000000000000e+04
1.423700000000000000e+04
1.424200000000000000e+04
1.424800000000000000e+04
1.426100000000000000e+04
1.426300000000000000e+04
1.427000000000000000e+04
1.427900000000000000e+04
1.429300000000000000e+04
1.431900000000000000e+04
1.432400000000000000e+04
1.436500000000000000e+04
1.437300000000000000e+04
1.438400000000000000e+04
1.438500000000000000e+04
1.443100000000000000e+04
1.445200000000000000e+04
1.446900000000000000e+04
1.447000000000000000e+04
1.448000000000000000e+04
1.450100000000000000e+04
1.450400000000000000e+04
1.452000000000000000e+04
1.452500000000000000e+04
1.453700000000000000e+04
1.454000000000000000e+04
1.454100000000000000e+04
1.455700000000000000e+04
1.455900000000000000e+04
1.458600000000000000e+04
1.464600000000000000e+04
1.465300000000000000e+04
1.466700000000000000e+04
1.467000000000000000e+04
1.470700000000000000e+04
1.472400000000000000e+04
1.472500000000000000e+04
1.473400000000000000e+04
1.474400000000000000e+04
1.476500000000000000e+04
1.477700000000000000e+04
1.479500000000000000e+04
1.481600000000000000e+04
1.483100000000000000e+04
1.484600000000000000e+04
1.486000000000000000e+04
1.486500000000000000e+04
1.487400000000000000e+04
1.487800000000000000e+04
1.488600000000000000e+04
1.488800000000000000e+04
1.489600000000000000e+04
1.491400000000000000e+04
1.493800000000000000e+04
1.494800000000000000e+04
1.495100000000000000e+04
1.497100000000000000e+04
1.497300000000000000e+04
1.497900000000000000e+04
1.498300000000000000e+04
1.503000000000000000e+04
1.503600000000000000e+04
1.503900000000000000e+04
1.505600000000000000e+04
1.508000000000000000e+04
1.509000000000000000e+04
1.511400000000000000e+04
1.511600000000000000e+04
1.511700000000000000e+04
1.512300000000000000e+04
1.514600000000000000e+04
1.514800000000000000e+04
1.515100000000000000e+04
1.516100000000000000e+04
1.517900000000000000e+04
1.519500000000000000e+04
1.520700000000000000e+04
1.522000000000000000e+04
1.522200000000000000e+04
1.522400000000000000e+04
1.522700000000000000e+04
1.523300000000000000e+04
1.523800000000000000e+04
1.527200000000000000e+04
1.527700000000000000e+04
1.529300000000000000e+04
1.532400000000000000e+04
1.533200000000000000e+04
1.534900000000000000e+04
1.535200000000000000e+04
1.540200000000000000e+04
1.540900000000000000e+04
1.541000000000000000e+04
1.546500000000000000e+04
1.546900000000000000e+04
1.547000000000000000e+04
1.549000000000000000e+04
1.550100000000000000e+04
1.554100000000000000e+04
1.554600000000000000e+04
1.555200000000000000e+04
1.555700000000000000e+04
1.559300000000000000e+04
1.560700000000000000e+04
1.564500000000000000e+04
1.564600000000000000e+04
1.565500000000000000e+04
1.566900000000000000e+04
1.567500000000000000e+04
1.572800000000000000e+04
1.575900000000000000e+04
1.577100000000000000e+04
1.577400000000000000e+04
1.578100000000000000e+04
1.581400000000000000e+04
1.583900000000000000e+04
1.585500000000000000e+04
1.586400000000000000e+04
1.588000000000000000e+04
1.589600000000000000e+04
1.590400000000000000e+04
1.591600000000000000e+04
1.591800000000000000e+04
1.593800000000000000e+04
1.594200000000000000e+04
1.595100000000000000e+04
1.595800000000000000e+04
1.597900000000000000e+04
1.598200000000000000e+04
1.600100000000000000e+04
1.602900000000000000e+04
1.603500000000000000e+04
1.604200000000000000e+04
1.604700000000000000e+04
1.606700000000000000e+04
1.607500000000000000e+04
1.609200000000000000e+04
1.611500000000000000e+04
1.612500000000000000e+04
1.612800000000000000e+04
1.614700000000000000e+04
1.615500000000000000e+04
1.615600000000000000e+04
1.617100000000000000e+04
1.618100000000000000e+04
1.622200000000000000e+04
1.622400000000000000e+04
1.623700000000000000e+04
1.623900000000000000e+04
1.624300000000000000e+04
1.625200000000000000e+04
1.628300000000000000e+04
1.628600000000000000e+04
1.633300000000000000e+04
1.635200000000000000e+04
1.635300000000000000e+04
1.635800000000000000e+04
1.637900000000000000e+04
1.641700000000000000e+04
1.644700000000000000e+04
1.644800000000000000e+04
1.645600000000000000e+04
1.647200000000000000e+04
1.649600000000000000e+04
1.652100000000000000e+04
1.653500000000000000e+04
1.654000000000000000e+04
1.655300000000000000e+04
1.655800000000000000e+04
1.656500000000000000e+04
1.657900000000000000e+04
1.658200000000000000e+04
1.658400000000000000e+04
1.660200000000000000e+04
1.660600000000000000e+04
1.661300000000000000e+04
1.662400000000000000e+04
1.662500000000000000e+04
1.665800000000000000e+04
1.665900000000000000e+04
1.666100000000000000e+04
1.666900000000000000e+04
1.667800000000000000e+04
1.668300000000000000e+04
1.668400000000000000e+04
1.668900000000000000e+04
1.670100000000000000e+04
1.670400000000000000e+04
1.670500000000000000e+04
1.674500000000000000e+04
1.675900000000000000e+04
1.676000000000000000e+04
1.677400000000000000e+04
1.678100000000000000e+04
1.678200000000000000e+04
1.678400000000000000e+04
1.678900000000000000e+04
1.679800000000000000e+04
1.680400000000000000e+04
1.684500000000000000e+04
1.685700000000000000e+04
1.686500000000000000e+04
1.690600000000000000e+04
1.692300000000000000e+04
1.692800000000000000e+04
1.693500000000000000e+04
1.697400000000000000e+04
1.702500000000000000e+04
1.709100000000000000e+04
1.710000000000000000e+04
1.713400000000000000e+04
1.713800000000000000e+04
1.713900000000000000e+04
1.714400000000000000e+04
1.715300000000000000e+04
1.717600000000000000e+04
1.719300000000000000e+04
1.723500000000000000e+04
1.728800000000000000e+04
1.729600000000000000e+04
1.730500000000000000e+04
1.731000000000000000e+04
1.732400000000000000e+04
1.736700000000000000e+04
1.739700000000000000e+04
1.740000000000000000e+04
1.744500000000000000e+04
1.745900000000000000e+04
1.747500000000000000e+04
1.748000000000000000e+04
1.748200000000000000e+04
1.759800000000000000e+04
1.763800000000000000e+04
1.765200000000000000e+04
1.768400000000000000e+04
1.771400000000000000e+04
1.772100000000000000e+04
1.774600000000000000e+04
1.775900000000000000e+04
1.776000000000000000e+04
1.777400000000000000e+04
1.779500000000000000e+04
1.784300000000000000e+04
1.784800000000000000e+04
1.786600000000000000e+04
1.786900000000000000e+04
1.789200000000000000e+04
1.789900000000000000e+04
1.791700000000000000e+04
1.792100000000000000e+04
1.794600000000000000e+04
1.794700000000000000e+04
1.796600000000000000e+04
1.797200000000000000e+04
1.797900000000000000e+04
1.798300000000000000e+04
1.798600000000000000e+04
1.799600000000000000e+04
1.801300000000000000e+04
1.802400000000000000e+04
1.802500000000000000e+04
1.805800000000000000e+04
1.806900000000000000e+04
1.810100000000000000e+04
1.810700000000000000e+04
1.810800000000000000e+04
1.811300000000000000e+04
1.815100000000000000e+04
1.817200000000000000e+04
1.820600000000000000e+04
1.821900000000000000e+04
1.822400000000000000e+04
1.825700000000000000e+04
1.825800000000000000e+04
1.828000000000000000e+04
1.828600000000000000e+04
1.830500000000000000e+04
1.832000000000000000e+04
1.832800000000000000e+04
1.832900000000000000e+04
1.833100000000000000e+04
1.833900000000000000e+04
1.834600000000000000e+04
1.835500000000000000e+04
1.835600000000000000e+04
1.835700000000000000e+04
1.837800000000000000e+04
1.839400000000000000e+04
1.839800000000000000e+04
1.841600000000000000e+04
1.843000000000000000e+04
1.843100000000000000e+04
1.844800000000000000e+04
1.845300000000000000e+04
1.847300000000000000e+04
1.849400000000000000e+04
1.851100000000000000e+04
1.853400000000000000e+04
1.854600000000000000e+04
1.859600000000000000e+04
1.859900000000000000e+04
1.861200000000000000e+04
1.864900000000000000e+04
1.865500000000000000e+04
1.867500000000000000e+04
1.868800000000000000e+04
1.869900000000000000e+04
1.874600000000000000e+04
1.875000000000000000e+04
1.876700000000000000e+04
1.877100000000000000e+04
1.879600000000000000e+04
1.880000000000000000e+04
1.880900000000000000e+04
1.882500000000000000e+04
1.884900000000000000e+04
1.885100000000000000e+04
1.885700000000000000e+04
1.886100000000000000e+04
1.886500000000000000e+04
1.887400000000000000e+04
1.887900000000000000e+04
1.888100000000000000e+04
1.888900000000000000e+04
1.890200000000000000e+04
1.890400000000000000e+04
1.891100000000000000e+04
1.891900000000000000e+04
1.892800000000000000e+04
1.893500000000000000e+04
1.894600000000000000e+04
1.895400000000000000e+04
1.895800000000000000e+04
1.896700000000000000e+04
1.897300000000000000e+04
1.905500000000000000e+04
1.905900000000000000e+04
1.906900000000000000e+04
1.907000000000000000e+04
1.907900000000000000e+04
1.909200000000000000e+04
1.911200000000000000e+04
1.913100000000000000e+04
1.914000000000000000e+04
1.914500000000000000e+04
1.914600000000000000e+04
1.916700000000000000e+04
1.919600000000000000e+04
1.920800000000000000e+04
1.923900000000000000e+04
1.926200000000000000e+04
1.926800000000000000e+04
1.931900000000000000e+04
1.933400000000000000e+04
1.934000000000000000e+04
1.934200000000000000e+04
1.936700000000000000e+04
1.937900000000000000e+04
1.938200000000000000e+04
1.938300000000000000e+04
1.942500000000000000e+04
1.943400000000000000e+04
1.943500000000000000e+04
1.944400000000000000e+04
1.944800000000000000e+04
1.945500000000000000e+04
1.947500000000000000e+04
1.949900000000000000e+04
1.952900000000000000e+04
1.954800000000000000e+04
1.955100000000000000e+04
1.955500000000000000e+04
1.956900000000000000e+04
1.957400000000000000e+04
1.961500000000000000e+04
1.962100000000000000e+04
1.964700000000000000e+04
1.967000000000000000e+04
1.968300000000000000e+04
1.973300000000000000e+04
1.975900000000000000e+04
1.977500000000000000e+04
1.979000000000000000e+04
1.984500000000000000e+04
1.985600000000000000e+04
1.985900000000000000e+04
1.986400000000000000e+04
1.986600000000000000e+04
1.987500000000000000e+04
1.988400000000000000e+04
1.993400000000000000e+04
1.993800000000000000e+04
1.995600000000000000e+04
1.996000000000000000e+04
1.999600000000000000e+04
2.001100000000000000e+04
2.001200000000000000e+04
2.001400000000000000e+04
2.001600000000000000e+04
2.002300000000000000e+04
2.003000000000000000e+04
2.003100000000000000e+04
2.005400000000000000e+04
2.006700000000000000e+04
2.007700000000000000e+04
2.009500000000000000e+04
2.010700000000000000e+04
2.011400000000000000e+04
2.011700000000000000e+04
2.012000000000000000e+04
2.012700000000000000e+04
2.012800000000000000e+04
2.014200000000000000e+04
2.016600000000000000e+04
2.017100000000000000e+04
2.017300000000000000e+04
2.017700000000000000e+04
2.018500000000000000e+04
2.020200000000000000e+04
2.021600000000000000e+04
2.022100000000000000e+04
2.022200000000000000e+04
2.022500000000000000e+04
2.023000000000000000e+04
2.023500000000000000e+04
2.023700000000000000e+04
2.026500000000000000e+04
2.027900000000000000e+04
2.030600000000000000e+04
2.032200000000000000e+04
2.032400000000000000e+04
2.034900000000000000e+04
2.039100000000000000e+04
2.039400000000000000e+04
2.040600000000000000e+04
2.041100000000000000e+04
2.042000000000000000e+04
2.042400000000000000e+04
2.042700000000000000e+04
2.043200000000000000e+04
2.044600000000000000e+04
2.045000000000000000e+04
2.046200000000000000e+04
2.046600000000000000e+04
2.048400000000000000e+04
2.052500000000000000e+04
2.053800000000000000e+04
2.054200000000000000e+04
2.055700000000000000e+04
2.056000000000000000e+04
2.059900000000000000e+04
2.061600000000000000e+04
2.062000000000000000e+04
2.062700000000000000e+04
2.063400000000000000e+04
2.064600000000000000e+04
2.064800000000000000e+04
2.066800000000000000e+04
2.071300000000000000e+04
2.073100000000000000e+04
2.074700000000000000e+04
2.076200000000000000e+04
2.077900000000000000e+04
2.081300000000000000e+04
2.083200000000000000e+04
2.084500000000000000e+04
2.087200000000000000e+04
2.088700000000000000e+04
2.090800000000000000e+04
2.092800000000000000e+04
2.093000000000000000e+04
2.093700000000000000e+04
2.097100000000000000e+04
2.098000000000000000e+04
2.098500000000000000e+04
2.100200000000000000e+04
2.105800000000000000e+04
2.106800000000000000e+04
2.106900000000000000e+04
2.109000000000000000e+04
2.110800000000000000e+04
2.111900000000000000e+04
2.112100000000000000e+04
2.112600000000000000e+04
2.112700000000000000e+04
2.112900000000000000e+04
2.115800000000000000e+04
2.115900000000000000e+04
2.119600000000000000e+04
2.121000000000000000e+04
2.123100000000000000e+04
2.123800000000000000e+04
2.124000000000000000e+04
2.124600000000000000e+04
2.125500000000000000e+04
2.126000000000000000e+04
2.128100000000000000e+04
2.128600000000000000e+04
2.130600000000000000e+04
2.130800000000000000e+04
2.133500000000000000e+04
2.134100000000000000e+04
2.134400000000000000e+04
2.137000000000000000e+04
2.137200000000000000e+04
2.137500000000000000e+04
2.139900000000000000e+04
2.141500000000000000e+04
2.142200000000000000e+04
2.143100000000000000e+04
2.147900000000000000e+04
2.150200000000000000e+04
2.151700000000000000e+04
2.152400000000000000e+04
2.153300000000000000e+04
2.153700000000000000e+04
2.153900000000000000e+04
2.154100000000000000e+04
2.158400000000000000e+04
2.159600000000000000e+04
2.160900000000000000e+04
2.161400000000000000e+04
2.162300000000000000e+04
2.164500000000000000e+04
2.164700000000000000e+04
2.165000000000000000e+04
2.167700000000000000e+04
2.170700000000000000e+04
2.173400000000000000e+04
2.177500000000000000e+04
2.178900000000000000e+04
2.179900000000000000e+04
2.183600000000000000e+04
2.183700000000000000e+04
2.186700000000000000e+04
2.186800000000000000e+04
2.188100000000000000e+04
2.189600000000000000e+04
2.191500000000000000e+04
2.191700000000000000e+04
2.192500000000000000e+04
2.195600000000000000e+04
2.196100000000000000e+04
2.197300000000000000e+04
2.202100000000000000e+04
2.204200000000000000e+04
2.205400000000000000e+04
2.207500000000000000e+04
2.207800000000000000e+04
2.209000000000000000e+04
2.212100000000000000e+04
2.212200000000000000e+04
2.213500000000000000e+04
2.213700000000000000e+04
2.214100000000000000e+04
2.214800000000000000e+04
2.217700000000000000e+04
2.218700000000000000e+04
2.222600000000000000e+04
2.224500000000000000e+04
2.226200000000000000e+04
2.230100000000000000e+04
2.230300000000000000e+04
2.231000000000000000e+04
2.236700000000000000e+04
2.239300000000000000e+04
2.240500000000000000e+04
2.241400000000000000e+04
2.245300000000000000e+04
2.245500000000000000e+04
2.246300000000000000e+04
2.250600000000000000e+04
2.251600000000000000e+04
2.252400000000000000e+04
2.254700000000000000e+04
2.255900000000000000e+04
2.256200000000000000e+04
2.256300000000000000e+04
2.256600000000000000e+04
2.257500000000000000e+04
2.258300000000000000e+04
2.258800000000000000e+04
2.260800000000000000e+04
2.261400000000000000e+04
2.264800000000000000e+04
2.266900000000000000e+04
2.269600000000000000e+04
2.270500000000000000e+04
2.271000000000000000e+04
2.271600000000000000e+04
2.275200000000000000e+04
2.277500000000000000e+04
2.278400000000000000e+04
2.279700000000000000e+04
2.282300000000000000e+04
2.284600000000000000e+04
2.285300000000000000e+04
2.286400000000000000e+04
2.286600000000000000e+04
2.287900000000000000e+04
2.289500000000000000e+04
2.289700000000000000e+04
2.291400000000000000e+04
2.292500000000000000e+04
2.295000000000000000e+04
2.296500000000000000e+04
2.298100000000000000e+04
2.299000000000000000e+04
2.299600000000000000e+04
2.300500000000000000e+04
2.302000000000000000e+04
2.305600000000000000e+04
2.305700000000000000e+04
2.308100000000000000e+04
2.310100000000000000e+04
2.310400000000000000e+04
2.314300000000000000e+04
2.316600000000000000e+04
2.319300000000000000e+04
2.319800000000000000e+04
2.321300000000000000e+04
2.323600000000000000e+04
2.325000000000000000e+04
2.327600000000000000e+04
2.328600000000000000e+04
2.330400000000000000e+04
2.331600000000000000e+04
2.337800000000000000e+04
2.341700000000000000e+04
2.343000000000000000e+04
2.344100000000000000e+04
2.344300000000000000e+04
2.345300000000000000e+04
2.345400000000000000e+04
2.346200000000000000e+04
2.346300000000000000e+04
2.347300000000000000e+04
2.347500000000000000e+04
2.347600000000000000e+04
2.347800000000000000e+04
2.347900000000000000e+04
2.349100000000000000e+04
2.349400000000000000e+04
2.349600000000000000e+04
2.350500000000000000e+04
2.351000000000000000e+04
2.353900000000000000e+04
2.358100000000000000e+04
2.358200000000000000e+04
2.359400000000000000e+04
2.359900000000000000e+04
2.361100000000000000e+04
2.361400000000000000e+04
2.362300000000000000e+04
2.363700000000000000e+04
2.364200000000000000e+04
2.368400000000000000e+04
2.369600000000000000e+04
2.371100000000000000e+04
2.374600000000000000e+04
2.374800000000000000e+04
2.379100000000000000e+04
2.381400000000000000e+04
2.384100000000000000e+04
2.386700000000000000e+04
2.389000000000000000e+04
2.389800000000000000e+04
2.391300000000000000e+04
2.392200000000000000e+04
2.392300000000000000e+04
2.393800000000000000e+04
2.394500000000000000e+04
2.394900000000000000e+04
2.395600000000000000e+04
2.396900000000000000e+04
2.397100000000000000e+04
2.397500000000000000e+04
2.398200000000000000e+04
2.400900000000000000e+04
2.405900000000000000e+04
2.408500000000000000e+04
2.408600000000000000e+04
2.409000000000000000e+04
2.409100000000000000e+04
2.414800000000000000e+04
2.415800000000000000e+04
2.417200000000000000e+04
2.418300000000000000e+04
2.418400000000000000e+04
2.418800000000000000e+04
2.418900000000000000e+04
2.419100000000000000e+04
2.419400000000000000e+04
2.421300000000000000e+04
2.421500000000000000e+04
2.424800000000000000e+04
2.425300000000000000e+04
2.427500000000000000e+04
2.428600000000000000e+04
2.429200000000000000e+04
2.429600000000000000e+04
2.433400000000000000e+04
2.433600000000000000e+04
2.433700000000000000e+04
2.433900000000000000e+04
2.435500000000000000e+04
2.435900000000000000e+04
2.436400000000000000e+04
2.437600000000000000e+04
2.438100000000000000e+04
2.438600000000000000e+04
2.439500000000000000e+04
2.442300000000000000e+04
2.443600000000000000e+04
2.443700000000000000e+04
2.444200000000000000e+04
2.445200000000000000e+04
2.446300000000000000e+04
2.446500000000000000e+04
2.446700000000000000e+04
2.447400000000000000e+04
2.447600000000000000e+04
2.448900000000000000e+04
2.451400000000000000e+04
2.451700000000000000e+04
2.452100000000000000e+04
2.452900000000000000e+04
2.453300000000000000e+04
2.453500000000000000e+04
2.455400000000000000e+04
2.457200000000000000e+04
2.458300000000000000e+04
2.458900000000000000e+04
2.460500000000000000e+04
2.461300000000000000e+04
2.462500000000000000e+04
2.465000000000000000e+04
2.465400000000000000e+04
2.466000000000000000e+04
2.468200000000000000e+04
2.469400000000000000e+04
2.470700000000000000e+04
2.470800000000000000e+04
2.471000000000000000e+04
2.471200000000000000e+04
2.471400000000000000e+04
2.472600000000000000e+04
2.474200000000000000e+04
2.478300000000000000e+04
2.479900000000000000e+04
2.481000000000000000e+04
2.482500000000000000e+04
2.483800000000000000e+04
2.484200000000000000e+04
2.484600000000000000e+04
2.485800000000000000e+04
2.486200000000000000e+04
2.487900000000000000e+04
2.488300000000000000e+04
2.491000000000000000e+04
2.492000000000000000e+04
2.492900000000000000e+04
2.493600000000000000e+04
2.494000000000000000e+04
2.495600000000000000e+04
2.495900000000000000e+04
2.496000000000000000e+04
2.496900000000000000e+04
2.497400000000000000e+04
2.497700000000000000e+04
2.500500000000000000e+04
2.503000000000000000e+04
2.503100000000000000e+04
2.504300000000000000e+04
2.507200000000000000e+04
2.508700000000000000e+04
2.513300000000000000e+04
2.514500000000000000e+04
2.516000000000000000e+04
2.516900000000000000e+04
2.517700000000000000e+04
2.518900000000000000e+04
2.519600000000000000e+04
2.520300000000000000e+04
2.520700000000000000e+04
2.521300000000000000e+04
2.521400000000000000e+04
2.522800000000000000e+04
2.523000000000000000e+04
2.524300000000000000e+04
2.527500000000000000e+04
2.527600000000000000e+04
2.529300000000000000e+04
2.537000000000000000e+04
2.537200000000000000e+04
2.537400000000000000e+04
2.538700000000000000e+04
2.539400000000000000e+04
2.539500000000000000e+04
2.540400000000000000e+04
2.540600000000000000e+04
2.541900000000000000e+04
2.542000000000000000e+04
2.544300000000000000e+04
2.545200000000000000e+04
2.546700000000000000e+04
2.547200000000000000e+04
2.548500000000000000e+04
2.551600000000000000e+04
2.552300000000000000e+04
2.554200000000000000e+04
2.556800000000000000e+04
2.558500000000000000e+04
2.561300000000000000e+04
2.561400000000000000e+04
2.561700000000000000e+04
2.562200000000000000e+04
2.563300000000000000e+04
2.563400000000000000e+04
2.565300000000000000e+04
2.565700000000000000e+04
2.566000000000000000e+04
2.566300000000000000e+04
2.569700000000000000e+04
2.569800000000000000e+04
2.570300000000000000e+04
2.570800000000000000e+04
2.571100000000000000e+04
2.572000000000000000e+04
2.574700000000000000e+04
2.575200000000000000e+04
2.576100000000000000e+04
2.578200000000000000e+04
2.578400000000000000e+04
2.579900000000000000e+04
2.584400000000000000e+04
2.585600000000000000e+04
2.585700000000000000e+04
2.588800000000000000e+04
2.591200000000000000e+04
2.591300000000000000e+04
2.593000000000000000e+04
2.593300000000000000e+04
2.593900000000000000e+04
2.594100000000000000e+04
2.595100000000000000e+04
2.596500000000000000e+04
2.597100000000000000e+04
2.598400000000000000e+04
2.601900000000000000e+04
2.603100000000000000e+04
2.603600000000000000e+04
2.604800000000000000e+04
2.607300000000000000e+04
2.607500000000000000e+04
2.608000000000000000e+04
2.608900000000000000e+04
2.609200000000000000e+04
2.610100000000000000e+04
2.610600000000000000e+04
2.615200000000000000e+04
2.615700000000000000e+04
2.617100000000000000e+04
2.617200000000000000e+04
2.617700000000000000e+04
2.618500000000000000e+04
2.619500000000000000e+04
2.619900000000000000e+04
2.621200000000000000e+04
2.622100000000000000e+04
2.622300000000000000e+04
2.622900000000000000e+04
2.623700000000000000e+04
2.624200000000000000e+04
2.626400000000000000e+04
2.626600000000000000e+04
2.630900000000000000e+04
2.631900000000000000e+04
2.632500000000000000e+04
2.632600000000000000e+04
2.637100000000000000e+04
2.637200000000000000e+04
2.640800000000000000e+04
2.641900000000000000e+04
2.643300000000000000e+04
2.644000000000000000e+04
2.646400000000000000e+04
2.646600000000000000e+04
2.647200000000000000e+04
2.652000000000000000e+04
2.652800000000000000e+04
2.656200000000000000e+04
2.656900000000000000e+04
2.659500000000000000e+04
2.663000000000000000e+04
2.663600000000000000e+04
2.665100000000000000e+04
2.666200000000000000e+04
2.667200000000000000e+04
2.668800000000000000e+04
2.672000000000000000e+04
2.672500000000000000e+04
2.673000000000000000e+04
2.673600000000000000e+04
2.674100000000000000e+04
2.676300000000000000e+04
2.677600000000000000e+04
2.679000000000000000e+04
2.681700000000000000e+04
2.682200000000000000e+04
2.682900000000000000e+04
2.683000000000000000e+04
2.685000000000000000e+04
2.686900000000000000e+04
2.693900000000000000e+04
2.694000000000000000e+04
2.694800000000000000e+04
2.697400000000000000e+04
2.698700000000000000e+04
2.699400000000000000e+04
2.701500000000000000e+04
2.704200000000000000e+04
2.706200000000000000e+04
2.707400000000000000e+04
2.708600000000000000e+04
2.709400000000000000e+04
2.710300000000000000e+04
2.711700000000000000e+04
2.717700000000000000e+04
2.717800000000000000e+04
2.720600000000000000e+04
2.722800000000000000e+04
2.722900000000000000e+04
2.723600000000000000e+04
2.725200000000000000e+04
2.726400000000000000e+04
2.726600000000000000e+04
2.726900000000000000e+04
2.727800000000000000e+04
2.729000000000000000e+04
2.732900000000000000e+04
2.733000000000000000e+04
2.735400000000000000e+04
2.736600000000000000e+04
2.738000000000000000e+04
2.738400000000000000e+04
2.738600000000000000e+04
2.740400000000000000e+04
2.740600000000000000e+04
2.741300000000000000e+04
2.741800000000000000e+04
2.744800000000000000e+04
2.745300000000000000e+04
2.746100000000000000e+04
2.746400000000000000e+04
2.748400000000000000e+04
2.749100000000000000e+04
2.750300000000000000e+04
2.750800000000000000e+04
2.751100000000000000e+04
2.752400000000000000e+04
2.752700000000000000e+04
2.753300000000000000e+04
2.755200000000000000e+04
2.757100000000000000e+04
2.757400000000000000e+04
2.761500000000000000e+04
2.762400000000000000e+04
2.762700000000000000e+04
2.763700000000000000e+04
2.764100000000000000e+04
2.764200000000000000e+04
2.765600000000000000e+04
2.766900000000000000e+04
2.767900000000000000e+04
2.768800000000000000e+04
2.771900000000000000e+04
2.772800000000000000e+04
2.773500000000000000e+04
2.774000000000000000e+04
2.776300000000000000e+04
2.777200000000000000e+04
2.778500000000000000e+04
2.778600000000000000e+04
2.778700000000000000e+04
2.780400000000000000e+04
2.782100000000000000e+04
2.782800000000000000e+04
2.782900000000000000e+04
2.783000000000000000e+04
2.783900000000000000e+04
2.784200000000000000e+04
2.786800000000000000e+04
2.788200000000000000e+04
2.793400000000000000e+04
2.793600000000000000e+04
2.794000000000000000e+04
2.794100000000000000e+04
2.795200000000000000e+04
2.796700000000000000e+04
2.799600000000000000e+04
2.801300000000000000e+04
2.803600000000000000e+04
2.804500000000000000e+04
2.805500000000000000e+04
2.807300000000000000e+04
2.808100000000000000e+04
2.808900000000000000e+04
2.810400000000000000e+04
2.814600000000000000e+04
2.816600000000000000e+04
2.816700000000000000e+04
2.817300000000000000e+04
2.819800000000000000e+04
2.820800000000000000e+04
2.822100000000000000e+04
2.827400000000000000e+04
2.827800000000000000e+04
2.831300000000000000e+04
2.833600000000000000e+04
2.834500000000000000e+04
2.834600000000000000e+04
2.836000000000000000e+04
2.838400000000000000e+04
2.838500000000000000e+04
2.840900000000000000e+04
2.842000000000000000e+04
2.843400000000000000e+04
2.844600000000000000e+04
2.845400000000000000e+04
2.849100000000000000e+04
2.849400000000000000e+04
2.850200000000000000e+04
2.850700000000000000e+04
2.850800000000000000e+04
2.853300000000000000e+04
2.853400000000000000e+04
2.854900000000000000e+04
2.855500000000000000e+04
2.856500000000000000e+04
2.857600000000000000e+04
2.863100000000000000e+04
2.865600000000000000e+04
2.866400000000000000e+04
2.866700000000000000e+04
2.869500000000000000e+04
2.869900000000000000e+04
2.870200000000000000e+04
2.870300000000000000e+04
2.874100000000000000e+04
2.875500000000000000e+04
2.876700000000000000e+04
2.877700000000000000e+04
2.881900000000000000e+04
2.882900000000000000e+04
2.883900000000000000e+04
2.885500000000000000e+04
2.887600000000000000e+04
2.889300000000000000e+04
2.889400000000000000e+04
2.891100000000000000e+04
2.891900000000000000e+04
2.892500000000000000e+04
2.894100000000000000e+04
2.896600000000000000e+04
2.898000000000000000e+04
2.901100000000000000e+04
2.901600000000000000e+04
2.903300000000000000e+04
2.907200000000000000e+04
2.907400000000000000e+04
2.908200000000000000e+04
2.908500000000000000e+04
2.909800000000000000e+04
2.909900000000000000e+04
2.912200000000000000e+04
2.912300000000000000e+04
2.913700000000000000e+04
2.913900000000000000e+04
2.914000000000000000e+04
2.916000000000000000e+04
2.919800000000000000e+04
2.920400000000000000e+04
2.923000000000000000e+04
2.923800000000000000e+04
2.924600000000000000e+04
2.927100000000000000e+04
2.928600000000000000e+04
2.929700000000000000e+04
2.932200000000000000e+04
2.933700000000000000e+04
2.936500000000000000e+04
2.937900000000000000e+04
2.938700000000000000e+04
2.938800000000000000e+04
2.939100000000000000e+04
2.939400000000000000e+04
2.940500000000000000e+04
2.941100000000000000e+04
2.942400000000000000e+04
2.943200000000000000e+04
2.946700000000000000e+04
2.946800000000000000e+04
2.947100000000000000e+04
2.948000000000000000e+04
2.948100000000000000e+04
2.949200000000000000e+04
2.949300000000000000e+04
2.950200000000000000e+04
2.951900000000000000e+04
2.952200000000000000e+04
2.952600000000000000e+04
2.956000000000000000e+04
2.956300000000000000e+04
2.958800000000000000e+04
2.961300000000000000e+04
2.961400000000000000e+04
2.963100000000000000e+04
2.963400000000000000e+04
2.965400000000000000e+04
2.965600000000000000e+04
2.967900000000000000e+04
2.969200000000000000e+04
2.969600000000000000e+04
2.971100000000000000e+04
2.971700000000000000e+04
2.974000000000000000e+04
2.974300000000000000e+04
2.976600000000000000e+04
2.976800000000000000e+04
2.978100000000000000e+04
2.979100000000000000e+04
2.979900000000000000e+04
2.982500000000000000e+04
2.982800000000000000e+04
2.986500000000000000e+04
2.992500000000000000e+04
2.994200000000000000e+04
2.997200000000000000e+04
2.997700000000000000e+04
2.997800000000000000e+04
3.000900000000000000e+04
3.004300000000000000e+04
3.006700000000000000e+04
3.006900000000000000e+04
3.007500000000000000e+04
3.011300000000000000e+04
3.013600000000000000e+04
3.014800000000000000e+04
3.015400000000000000e+04
3.016300000000000000e+04
3.017000000000000000e+04
3.019600000000000000e+04
3.020300000000000000e+04
3.020600000000000000e+04
3.021700000000000000e+04
3.027600000000000000e+04
3.028100000000000000e+04
3.030100000000000000e+04
3.030700000000000000e+04
3.031500000000000000e+04
3.035800000000000000e+04
3.041300000000000000e+04
3.043000000000000000e+04
3.044400000000000000e+04
3.046400000000000000e+04
3.047300000000000000e+04
3.047600000000000000e+04
3.048200000000000000e+04
3.048500000000000000e+04
3.048700000000000000e+04
3.049400000000000000e+04
3.051000000000000000e+04
3.055600000000000000e+04
3.056200000000000000e+04
3.057000000000000000e+04
3.057600000000000000e+04
3.058400000000000000e+04
3.058700000000000000e+04
3.059700000000000000e+04
3.061100000000000000e+04
3.063800000000000000e+04
3.064600000000000000e+04
3.069200000000000000e+04
3.069700000000000000e+04
3.075100000000000000e+04
3.082900000000000000e+04
3.083900000000000000e+04
3.084300000000000000e+04
3.085800000000000000e+04
3.087000000000000000e+04
3.094600000000000000e+04
3.096300000000000000e+04
3.097100000000000000e+04
3.097200000000000000e+04
3.098900000000000000e+04
3.102000000000000000e+04
3.102600000000000000e+04
3.105200000000000000e+04
3.105900000000000000e+04
3.107900000000000000e+04
3.109100000000000000e+04
3.109500000000000000e+04
3.113000000000000000e+04
3.113200000000000000e+04
3.117100000000000000e+04
3.120200000000000000e+04
3.120500000000000000e+04
3.121000000000000000e+04
3.121800000000000000e+04
3.125300000000000000e+04
3.125400000000000000e+04
3.125600000000000000e+04
3.130000000000000000e+04
3.133200000000000000e+04
3.134500000000000000e+04
3.137100000000000000e+04
3.140100000000000000e+04
3.141300000000000000e+04
3.141900000000000000e+04
3.144400000000000000e+04
3.144700000000000000e+04
3.145800000000000000e+04
3.146900000000000000e+04
3.147500000000000000e+04
3.149000000000000000e+04
3.151400000000000000e+04
3.151700000000000000e+04
3.152100000000000000e+04
3.153900000000000000e+04
3.155200000000000000e+04
3.161900000000000000e+04
3.162900000000000000e+04
3.163700000000000000e+04
3.164100000000000000e+04
3.165400000000000000e+04
3.167900000000000000e+04
3.174300000000000000e+04
3.174700000000000000e+04
3.175400000000000000e+04
3.178100000000000000e+04
3.178800000000000000e+04
3.179800000000000000e+04
3.184400000000000000e+04
3.185000000000000000e+04
3.189000000000000000e+04
3.189700000000000000e+04
3.194300000000000000e+04
3.195600000000000000e+04
3.197500000000000000e+04
3.197600000000000000e+04
3.198000000000000000e+04
3.200800000000000000e+04
3.204100000000000000e+04
3.204700000000000000e+04
3.204900000000000000e+04
3.205300000000000000e+04
3.210200000000000000e+04
3.210300000000000000e+04
3.211700000000000000e+04
3.212200000000000000e+04
3.213900000000000000e+04
3.216800000000000000e+04
3.217300000000000000e+04
3.219500000000000000e+04
3.224600000000000000e+04
3.226600000000000000e+04
3.228400000000000000e+04
3.234400000000000000e+04
3.239900000000000000e+04
3.240800000000000000e+04
3.241500000000000000e+04
3.244400000000000000e+04
3.244800000000000000e+04
3.247600000000000000e+04
3.249400000000000000e+04
3.251600000000000000e+04
3.252700000000000000e+04
3.254200000000000000e+04
3.254800000000000000e+04
3.255600000000000000e+04
3.258900000000000000e+04
3.259600000000000000e+04
3.259700000000000000e+04
3.259900000000000000e+04
3.260000000000000000e+04
3.260800000000000000e+04
3.263400000000000000e+04
3.264800000000000000e+04
3.265100000000000000e+04
3.265300000000000000e+04
3.267100000000000000e+04
3.267900000000000000e+04
3.270900000000000000e+04
3.272400000000000000e+04
3.272700000000000000e+04
3.275100000000000000e+04
3.276300000000000000e+04
3.276500000000000000e+04
3.277900000000000000e+04
3.279600000000000000e+04
3.280900000000000000e+04
3.283300000000000000e+04
3.283600000000000000e+04
3.284200000000000000e+04
3.287100000000000000e+04
3.289600000000000000e+04
3.291900000000000000e+04
3.294200000000000000e+04
3.294300000000000000e+04
3.294800000000000000e+04
3.296800000000000000e+04
3.297200000000000000e+04
3.297600000000000000e+04
3.297700000000000000e+04
3.297900000000000000e+04
3.298500000000000000e+04
3.299000000000000000e+04
3.300000000000000000e+04
3.300100000000000000e+04
3.302400000000000000e+04
3.303400000000000000e+04
3.305100000000000000e+04
3.307300000000000000e+04
3.308700000000000000e+04
3.312300000000000000e+04
3.312600000000000000e+04
3.313800000000000000e+04
3.313900000000000000e+04
3.315400000000000000e+04
3.316900000000000000e+04
3.317000000000000000e+04
3.319300000000000000e+04
3.320100000000000000e+04
3.322100000000000000e+04
3.322700000000000000e+04
3.324600000000000000e+04
3.325100000000000000e+04
3.325800000000000000e+04
3.326000000000000000e+04
3.328600000000000000e+04
3.329700000000000000e+04
3.331200000000000000e+04
3.331900000000000000e+04
3.332900000000000000e+04
3.334400000000000000e+04
3.335200000000000000e+04
3.335700000000000000e+04
3.336900000000000000e+04
3.340000000000000000e+04
3.340300000000000000e+04
3.342100000000000000e+04
3.343200000000000000e+04
3.349000000000000000e+04
3.349500000000000000e+04
3.350400000000000000e+04
3.351400000000000000e+04
3.351700000000000000e+04
3.352600000000000000e+04
3.353500000000000000e+04
3.354000000000000000e+04
3.357300000000000000e+04
3.358400000000000000e+04
3.358500000000000000e+04
3.359100000000000000e+04
3.359200000000000000e+04
3.360800000000000000e+04
3.362600000000000000e+04
3.363700000000000000e+04
3.364700000000000000e+04
3.365300000000000000e+04
3.365500000000000000e+04
3.366200000000000000e+04
3.366500000000000000e+04
3.366600000000000000e+04
3.367000000000000000e+04
3.370000000000000000e+04
3.372100000000000000e+04
3.373100000000000000e+04
3.373300000000000000e+04
3.374500000000000000e+04
3.376000000000000000e+04
3.377200000000000000e+04
3.378800000000000000e+04
3.379600000000000000e+04
3.380200000000000000e+04
3.381000000000000000e+04
3.381400000000000000e+04
3.382200000000000000e+04
3.382800000000000000e+04
3.383300000000000000e+04
3.385300000000000000e+04
3.387900000000000000e+04
3.389300000000000000e+04
3.389600000000000000e+04
3.393500000000000000e+04
3.396600000000000000e+04
3.400100000000000000e+04
3.400900000000000000e+04
3.401900000000000000e+04
3.402500000000000000e+04
3.407200000000000000e+04
3.408400000000000000e+04
3.408600000000000000e+04
3.409800000000000000e+04
3.410500000000000000e+04
3.411100000000000000e+04
3.416000000000000000e+04
3.416700000000000000e+04
3.419800000000000000e+04
3.420000000000000000e+04
3.420300000000000000e+04
3.423100000000000000e+04
3.424600000000000000e+04
3.425500000000000000e+04
3.425900000000000000e+04
3.426300000000000000e+04
3.429100000000000000e+04
3.429600000000000000e+04
3.430100000000000000e+04
3.432100000000000000e+04
3.432600000000000000e+04
3.436800000000000000e+04
3.439000000000000000e+04
3.440800000000000000e+04
3.441100000000000000e+04
3.442000000000000000e+04
3.443100000000000000e+04
3.443400000000000000e+04
3.448300000000000000e+04
3.449000000000000000e+04
