3.000000000000000000e+00
5.000000000000000000e+00
6.000000000000000000e+00
1.300000000000000000e+01
1.400000000000000000e+01
1.900000000000000000e+01
2.200000000000000000e+01
3.900000000000000000e+01
4.800000000000000000e+01
5.000000000000000000e+01
7.500000000000000000e+01
7.600000000000000000e+01
8.300000000000000000e+01
8.500000000000000000e+01
8.700000000000000000e+01
9.300000000000000000e+01
1.020000000000000000e+02
1.090000000000000000e+02
1.100000000000000000e+02
1.170000000000000000e+02
1.240000000000000000e+02
1.620000000000000000e+02
1.750000000000000000e+02
2.000000000000000000e+02
2.050000000000000000e+02
2.180000000000000000e+02
2.240000000000000000e+02
2.250000000000000000e+02
2.270000000000000000e+02
2.280000000000000000e+02
2.360000000000000000e+02
2.420000000000000000e+02
2.460000000000000000e+02
2.640000000000000000e+02
2.680000000000000000e+02
2.710000000000000000e+02
2.810000000000000000e+02
2.830000000000000000e+02
2.860000000000000000e+02
2.930000000000000000e+02
3.030000000000000000e+02
3.110000000000000000e+02
3.160000000000000000e+02
3.170000000000000000e+02
3.200000000000000000e+02
3.370000000000000000e+02
3.380000000000000000e+02
3.390000000000000000e+02
3.530000000000000000e+02
3.680000000000000000e+02
3.720000000000000000e+02
3.740000000000000000e+02
3.860000000000000000e+02
3.870000000000000000e+02
4.100000000000000000e+02
4.240000000000000000e+02
4.580000000000000000e+02
4.680000000000000000e+02
4.690000000000000000e+02
4.710000000000000000e+02
4.890000000000000000e+02
5.140000000000000000e+02
5.160000000000000000e+02
5.280000000000000000e+02
5.360000000000000000e+02
5.530000000000000000e+02
5.630000000000000000e+02
5.770000000000000000e+02
5.790000000000000000e+02
5.830000000000000000e+02
5.940000000000000000e+02
5.960000000000000000e+02
5.970000000000000000e+02
5.990000000000000000e+02
6.010000000000000000e+02
6.310000000000000000e+02
6.530000000000000000e+02
6.560000000000000000e+02
6.580000000000000000e+02
6.670000000000000000e+02
6.810000000000000000e+02
6.880000000000000000e+02
6.990000000000000000e+02
7.070000000000000000e+02
7.090000000000000000e+02
7.160000000000000000e+02
7.240000000000000000e+02
7.260000000000000000e+02
7.290000000000000000e+02
7.350000000000000000e+02
7.430000000000000000e+02
7.490000000000000000e+02
7.600000000000000000e+02
7.670000000000000000e+02
7.740000000000000000e+02
7.780000000000000000e+02
7.870000000000000000e+02
8.030000000000000000e+02
8.120000000000000000e+02
8.270000000000000000e+02
8.300000000000000000e+02
8.380000000000000000e+02
8.620000000000000000e+02
9.000000000000000000e+02
9.160000000000000000e+02
9.170000000000000000e+02
9.300000000000000000e+02
9.560000000000000000e+02
9.630000000000000000e+02
9.700000000000000000e+02
9.730000000000000000e+02
9.770000000000000000e+02
9.900000000000000000e+02
9.980000000000000000e+02
1.012000000000000000e+03
1.014000000000000000e+03
1.024000000000000000e+03
1.040000000000000000e+03
1.045000000000000000e+03
1.073000000000000000e+03
1.076000000000000000e+03
1.082000000000000000e+03
1.092000000000000000e+03
1.116000000000000000e+03
1.128000000000000000e+03
1.141000000000000000e+03
1.146000000000000000e+03
1.165000000000000000e+03
1.166000000000000000e+03
1.178000000000000000e+03
1.194000000000000000e+03
1.196000000000000000e+03
1.197000000000000000e+03
1.211000000000000000e+03
1.216000000000000000e+03
1.232000000000000000e+03
1.235000000000000000e+03
1.244000000000000000e+03
1.249000000000000000e+03
1.253000000000000000e+03
1.261000000000000000e+03
1.268000000000000000e+03
1.271000000000000000e+03
1.278000000000000000e+03
1.282000000000000000e+03
1.284000000000000000e+03
1.289000000000000000e+03
1.291000000000000000e+03
1.307000000000000000e+03
1.312000000000000000e+03
1.347000000000000000e+03
1.354000000000000000e+03
1.355000000000000000e+03
1.356000000000000000e+03
1.357000000000000000e+03
1.365000000000000000e+03
1.380000000000000000e+03
1.394000000000000000e+03
1.424000000000000000e+03
1.426000000000000000e+03
1.431000000000000000e+03
1.463000000000000000e+03
1.464000000000000000e+03
1.470000000000000000e+03
1.474000000000000000e+03
1.483000000000000000e+03
1.497000000000000000e+03
1.529000000000000000e+03
1.545000000000000000e+03
1.552000000000000000e+03
1.559000000000000000e+03
1.563000000000000000e+03
1.564000000000000000e+03
1.565000000000000000e+03
1.595000000000000000e+03
1.610000000000000000e+03
1.617000000000000000e+03
1.618000000000000000e+03
1.629000000000000000e+03
1.631000000000000000e+03
1.636000000000000000e+03
1.654000000000000000e+03
1.667000000000000000e+03
1.675000000000000000e+03
1.681000000000000000e+03
1.725000000000000000e+03
1.727000000000000000e+03
1.729000000000000000e+03
1.760000000000000000e+03
1.774000000000000000e+03
1.785000000000000000e+03
1.798000000000000000e+03
1.807000000000000000e+03
1.847000000000000000e+03
1.860000000000000000e+03
1.862000000000000000e+03
1.865000000000000000e+03
1.867000000000000000e+03
1.876000000000000000e+03
1.884000000000000000e+03
1.888000000000000000e+03
1.891000000000000000e+03
1.895000000000000000e+03
1.902000000000000000e+03
1.907000000000000000e+03
1.916000000000000000e+03
1.924000000000000000e+03
1.933000000000000000e+03
1.935000000000000000e+03
1.942000000000000000e+03
1.943000000000000000e+03
1.949000000000000000e+03
1.956000000000000000e+03
1.958000000000000000e+03
1.983000000000000000e+03
1.989000000000000000e+03
1.992000000000000000e+03
2.003000000000000000e+03
2.004000000000000000e+03
2.017000000000000000e+03
2.027000000000000000e+03
2.040000000000000000e+03
2.050000000000000000e+03
2.052000000000000000e+03
2.065000000000000000e+03
2.076000000000000000e+03
2.091000000000000000e+03
2.114000000000000000e+03
2.115000000000000000e+03
2.117000000000000000e+03
2.120000000000000000e+03
2.121000000000000000e+03
2.126000000000000000e+03
2.128000000000000000e+03
2.154000000000000000e+03
2.163000000000000000e+03
2.170000000000000000e+03
2.178000000000000000e+03
2.181000000000000000e+03
2.195000000000000000e+03
2.216000000000000000e+03
2.217000000000000000e+03
2.227000000000000000e+03
2.228000000000000000e+03
2.234000000000000000e+03
2.252000000000000000e+03
2.253000000000000000e+03
2.254000000000000000e+03
2.268000000000000000e+03
2.289000000000000000e+03
2.307000000000000000e+03
2.320000000000000000e+03
2.322000000000000000e+03
2.325000000000000000e+03
2.333000000000000000e+03
2.336000000000000000e+03
2.340000000000000000e+03
2.345000000000000000e+03
2.361000000000000000e+03
2.365000000000000000e+03
2.370000000000000000e+03
2.377000000000000000e+03
2.385000000000000000e+03
2.393000000000000000e+03
2.406000000000000000e+03
2.425000000000000000e+03
2.434000000000000000e+03
2.437000000000000000e+03
2.451000000000000000e+03
2.474000000000000000e+03
2.481000000000000000e+03
2.484000000000000000e+03
2.491000000000000000e+03
2.493000000000000000e+03
2.501000000000000000e+03
2.502000000000000000e+03
2.503000000000000000e+03
2.506000000000000000e+03
2.508000000000000000e+03
2.510000000000000000e+03
2.522000000000000000e+03
2.547000000000000000e+03
2.553000000000000000e+03
2.554000000000000000e+03
2.555000000000000000e+03
2.556000000000000000e+03
2.569000000000000000e+03
2.576000000000000000e+03
2.584000000000000000e+03
2.586000000000000000e+03
2.590000000000000000e+03
2.602000000000000000e+03
2.615000000000000000e+03
2.627000000000000000e+03
2.630000000000000000e+03
2.645000000000000000e+03
2.660000000000000000e+03
2.674000000000000000e+03
2.683000000000000000e+03
2.692000000000000000e+03
2.697000000000000000e+03
2.701000000000000000e+03
2.707000000000000000e+03
2.708000000000000000e+03
2.712000000000000000e+03
2.718000000000000000e+03
2.719000000000000000e+03
2.727000000000000000e+03
2.744000000000000000e+03
2.752000000000000000e+03
2.753000000000000000e+03
2.757000000000000000e+03
2.760000000000000000e+03
2.761000000000000000e+03
2.793000000000000000e+03
2.797000000000000000e+03
2.798000000000000000e+03
2.804000000000000000e+03
2.811000000000000000e+03
2.826000000000000000e+03
2.843000000000000000e+03
2.853000000000000000e+03
2.855000000000000000e+03
2.859000000000000000e+03
2.881000000000000000e+03
2.902000000000000000e+03
2.915000000000000000e+03
2.916000000000000000e+03
2.918000000000000000e+03
2.922000000000000000e+03
2.956000000000000000e+03
2.957000000000000000e+03
2.964000000000000000e+03
2.965000000000000000e+03
2.967000000000000000e+03
2.971000000000000000e+03
2.981000000000000000e+03
3.000000000000000000e+03
3.012000000000000000e+03
3.014000000000000000e+03
3.034000000000000000e+03
3.052000000000000000e+03
3.054000000000000000e+03
3.055000000000000000e+03
3.060000000000000000e+03
3.062000000000000000e+03
3.068000000000000000e+03
3.073000000000000000e+03
3.074000000000000000e+03
3.079000000000000000e+03
3.110000000000000000e+03
3.117000000000000000e+03
3.148000000000000000e+03
3.150000000000000000e+03
3.154000000000000000e+03
3.155000000000000000e+03
3.165000000000000000e+03
3.176000000000000000e+03
3.182000000000000000e+03
3.202000000000000000e+03
3.205000000000000000e+03
3.213000000000000000e+03
3.216000000000000000e+03
3.223000000000000000e+03
3.229000000000000000e+03
3.230000000000000000e+03
3.259000000000000000e+03
3.269000000000000000e+03
3.270000000000000000e+03
3.272000000000000000e+03
3.273000000000000000e+03
3.279000000000000000e+03
3.295000000000000000e+03
3.308000000000000000e+03
3.311000000000000000e+03
3.333000000000000000e+03
3.337000000000000000e+03
3.347000000000000000e+03
3.361000000000000000e+03
3.364000000000000000e+03
3.369000000000000000e+03
3.372000000000000000e+03
3.379000000000000000e+03
3.407000000000000000e+03
3.408000000000000000e+03
3.414000000000000000e+03
3.415000000000000000e+03
3.417000000000000000e+03
3.418000000000000000e+03
3.428000000000000000e+03
3.430000000000000000e+03
3.435000000000000000e+03
3.441000000000000000e+03
3.442000000000000000e+03
3.447000000000000000e+03
3.451000000000000000e+03
3.466000000000000000e+03
3.467000000000000000e+03
3.472000000000000000e+03
3.478000000000000000e+03
3.483000000000000000e+03
3.489000000000000000e+03
3.491000000000000000e+03
3.492000000000000000e+03
3.505000000000000000e+03
3.509000000000000000e+03
3.518000000000000000e+03
3.522000000000000000e+03
3.523000000000000000e+03
3.534000000000000000e+03
3.540000000000000000e+03
3.544000000000000000e+03
3.546000000000000000e+03
3.556000000000000000e+03
3.560000000000000000e+03
3.562000000000000000e+03
3.568000000000000000e+03
3.572000000000000000e+03
3.573000000000000000e+03
3.584000000000000000e+03
3.590000000000000000e+03
3.593000000000000000e+03
3.601000000000000000e+03
3.607000000000000000e+03
3.620000000000000000e+03
3.629000000000000000e+03
3.635000000000000000e+03
3.646000000000000000e+03
3.647000000000000000e+03
3.654000000000000000e+03
3.656000000000000000e+03
3.660000000000000000e+03
3.670000000000000000e+03
3.676000000000000000e+03
3.695000000000000000e+03
3.715000000000000000e+03
3.716000000000000000e+03
3.735000000000000000e+03
3.748000000000000000e+03
3.754000000000000000e+03
3.764000000000000000e+03
3.771000000000000000e+03
3.775000000000000000e+03
3.824000000000000000e+03
3.828000000000000000e+03
3.836000000000000000e+03
3.887000000000000000e+03
3.899000000000000000e+03
3.901000000000000000e+03
3.902000000000000000e+03
3.903000000000000000e+03
3.905000000000000000e+03
3.906000000000000000e+03
3.907000000000000000e+03
3.913000000000000000e+03
3.918000000000000000e+03
3.922000000000000000e+03
3.929000000000000000e+03
3.930000000000000000e+03
3.931000000000000000e+03
3.956000000000000000e+03
3.972000000000000000e+03
4.012000000000000000e+03
4.013000000000000000e+03
4.017000000000000000e+03
4.046000000000000000e+03
4.054000000000000000e+03
4.055000000000000000e+03
4.056000000000000000e+03
4.086000000000000000e+03
4.092000000000000000e+03
4.095000000000000000e+03
4.115000000000000000e+03
4.116000000000000000e+03
4.130000000000000000e+03
4.136000000000000000e+03
4.140000000000000000e+03
4.142000000000000000e+03
4.151000000000000000e+03
4.161000000000000000e+03
4.173000000000000000e+03
4.174000000000000000e+03
4.181000000000000000e+03
4.183000000000000000e+03
4.185000000000000000e+03
4.194000000000000000e+03
4.197000000000000000e+03
4.198000000000000000e+03
4.212000000000000000e+03
4.225000000000000000e+03
4.226000000000000000e+03
4.237000000000000000e+03
4.248000000000000000e+03
4.250000000000000000e+03
4.257000000000000000e+03
4.263000000000000000e+03
4.271000000000000000e+03
4.286000000000000000e+03
4.307000000000000000e+03
4.317000000000000000e+03
4.323000000000000000e+03
4.327000000000000000e+03
4.330000000000000000e+03
4.331000000000000000e+03
4.336000000000000000e+03
4.343000000000000000e+03
4.346000000000000000e+03
4.351000000000000000e+03
4.365000000000000000e+03
4.382000000000000000e+03
4.390000000000000000e+03
4.393000000000000000e+03
4.397000000000000000e+03
4.400000000000000000e+03
4.405000000000000000e+03
4.408000000000000000e+03
4.423000000000000000e+03
4.429000000000000000e+03
4.438000000000000000e+03
4.445000000000000000e+03
4.448000000000000000e+03
4.454000000000000000e+03
4.455000000000000000e+03
4.464000000000000000e+03
4.484000000000000000e+03
4.498000000000000000e+03
4.510000000000000000e+03
4.513000000000000000e+03
4.533000000000000000e+03
4.537000000000000000e+03
4.544000000000000000e+03
4.546000000000000000e+03
4.554000000000000000e+03
4.567000000000000000e+03
4.570000000000000000e+03
4.575000000000000000e+03
4.586000000000000000e+03
4.594000000000000000e+03
4.598000000000000000e+03
4.599000000000000000e+03
4.603000000000000000e+03
4.616000000000000000e+03
4.638000000000000000e+03
4.643000000000000000e+03
4.646000000000000000e+03
4.650000000000000000e+03
4.652000000000000000e+03
4.655000000000000000e+03
4.660000000000000000e+03
4.664000000000000000e+03
4.667000000000000000e+03
4.672000000000000000e+03
4.677000000000000000e+03
4.684000000000000000e+03
4.702000000000000000e+03
4.711000000000000000e+03
4.736000000000000000e+03
4.744000000000000000e+03
4.745000000000000000e+03
4.751000000000000000e+03
4.759000000000000000e+03
4.780000000000000000e+03
4.781000000000000000e+03
4.795000000000000000e+03
4.798000000000000000e+03
4.823000000000000000e+03
4.854000000000000000e+03
4.857000000000000000e+03
4.873000000000000000e+03
4.884000000000000000e+03
4.886000000000000000e+03
4.887000000000000000e+03
4.894000000000000000e+03
4.909000000000000000e+03
4.921000000000000000e+03
4.927000000000000000e+03
4.945000000000000000e+03
4.948000000000000000e+03
4.962000000000000000e+03
4.990000000000000000e+03
4.999000000000000000e+03
5.004000000000000000e+03
5.033000000000000000e+03
5.061000000000000000e+03
5.065000000000000000e+03
5.066000000000000000e+03
5.076000000000000000e+03
5.085000000000000000e+03
5.086000000000000000e+03
5.088000000000000000e+03
5.090000000000000000e+03
5.105000000000000000e+03
5.106000000000000000e+03
5.122000000000000000e+03
5.125000000000000000e+03
5.126000000000000000e+03
5.130000000000000000e+03
5.131000000000000000e+03
5.151000000000000000e+03
5.153000000000000000e+03
5.156000000000000000e+03
5.160000000000000000e+03
5.162000000000000000e+03
5.178000000000000000e+03
5.182000000000000000e+03
5.185000000000000000e+03
5.191000000000000000e+03
5.205000000000000000e+03
5.207000000000000000e+03
5.208000000000000000e+03
5.209000000000000000e+03
5.224000000000000000e+03
5.229000000000000000e+03
5.235000000000000000e+03
5.240000000000000000e+03
5.256000000000000000e+03
5.262000000000000000e+03
5.263000000000000000e+03
5.265000000000000000e+03
5.269000000000000000e+03
5.270000000000000000e+03
5.278000000000000000e+03
5.285000000000000000e+03
5.293000000000000000e+03
5.296000000000000000e+03
5.308000000000000000e+03
5.321000000000000000e+03
5.335000000000000000e+03
5.340000000000000000e+03
5.348000000000000000e+03
5.356000000000000000e+03
5.362000000000000000e+03
5.366000000000000000e+03
5.368000000000000000e+03
5.388000000000000000e+03
5.389000000000000000e+03
5.393000000000000000e+03
5.396000000000000000e+03
5.405000000000000000e+03
5.412000000000000000e+03
5.417000000000000000e+03
5.431000000000000000e+03
5.440000000000000000e+03
5.467000000000000000e+03
5.479000000000000000e+03
5.487000000000000000e+03
5.493000000000000000e+03
5.510000000000000000e+03
5.516000000000000000e+03
5.524000000000000000e+03
5.550000000000000000e+03
5.563000000000000000e+03
5.595000000000000000e+03
5.602000000000000000e+03
5.607000000000000000e+03
5.611000000000000000e+03
5.634000000000000000e+03
5.657000000000000000e+03
5.658000000000000000e+03
5.659000000000000000e+03
5.664000000000000000e+03
5.673000000000000000e+03
5.683000000000000000e+03
5.689000000000000000e+03
5.698000000000000000e+03
5.709000000000000000e+03
5.717000000000000000e+03
5.722000000000000000e+03
5.724000000000000000e+03
5.733000000000000000e+03
5.746000000000000000e+03
5.754000000000000000e+03
5.756000000000000000e+03
5.786000000000000000e+03
5.787000000000000000e+03
5.791000000000000000e+03
5.796000000000000000e+03
5.808000000000000000e+03
5.809000000000000000e+03
5.811000000000000000e+03
5.833000000000000000e+03
5.839000000000000000e+03
5.843000000000000000e+03
5.847000000000000000e+03
5.854000000000000000e+03
5.855000000000000000e+03
5.874000000000000000e+03
5.884000000000000000e+03
5.885000000000000000e+03
5.903000000000000000e+03
5.908000000000000000e+03
5.909000000000000000e+03
5.917000000000000000e+03
5.920000000000000000e+03
5.921000000000000000e+03
5.922000000000000000e+03
5.937000000000000000e+03
5.948000000000000000e+03
5.950000000000000000e+03
5.951000000000000000e+03
5.960000000000000000e+03
5.968000000000000000e+03
5.970000000000000000e+03
5.972000000000000000e+03
5.981000000000000000e+03
5.995000000000000000e+03
6.001000000000000000e+03
6.013000000000000000e+03
6.018000000000000000e+03
6.045000000000000000e+03
6.050000000000000000e+03
6.063000000000000000e+03
6.069000000000000000e+03
6.077000000000000000e+03
6.081000000000000000e+03
6.087000000000000000e+03
6.098000000000000000e+03
6.101000000000000000e+03
6.110000000000000000e+03
6.114000000000000000e+03
6.119000000000000000e+03
6.120000000000000000e+03
6.129000000000000000e+03
6.130000000000000000e+03
6.139000000000000000e+03
6.140000000000000000e+03
6.141000000000000000e+03
6.147000000000000000e+03
6.183000000000000000e+03
6.185000000000000000e+03
6.188000000000000000e+03
6.193000000000000000e+03
6.200000000000000000e+03
6.208000000000000000e+03
6.221000000000000000e+03
6.230000000000000000e+03
6.240000000000000000e+03
6.249000000000000000e+03
6.258000000000000000e+03
6.289000000000000000e+03
6.302000000000000000e+03
6.305000000000000000e+03
6.313000000000000000e+03
6.315000000000000000e+03
6.316000000000000000e+03
6.328000000000000000e+03
6.339000000000000000e+03
6.347000000000000000e+03
6.350000000000000000e+03
6.363000000000000000e+03
6.367000000000000000e+03
6.387000000000000000e+03
6.388000000000000000e+03
6.397000000000000000e+03
6.404000000000000000e+03
6.405000000000000000e+03
6.406000000000000000e+03
6.416000000000000000e+03
6.419000000000000000e+03
6.427000000000000000e+03
6.428000000000000000e+03
6.432000000000000000e+03
6.439000000000000000e+03
6.440000000000000000e+03
6.447000000000000000e+03
6.461000000000000000e+03
6.462000000000000000e+03
6.463000000000000000e+03
6.465000000000000000e+03
6.474000000000000000e+03
6.503000000000000000e+03
6.521000000000000000e+03
6.527000000000000000e+03
6.541000000000000000e+03
6.549000000000000000e+03
6.558000000000000000e+03
6.560000000000000000e+03
6.569000000000000000e+03
6.572000000000000000e+03
6.579000000000000000e+03
6.585000000000000000e+03
6.586000000000000000e+03
6.596000000000000000e+03
6.599000000000000000e+03
6.600000000000000000e+03
6.603000000000000000e+03
6.612000000000000000e+03
6.615000000000000000e+03
6.616000000000000000e+03
6.618000000000000000e+03
6.626000000000000000e+03
6.644000000000000000e+03
6.655000000000000000e+03
6.672000000000000000e+03
6.675000000000000000e+03
6.692000000000000000e+03
6.694000000000000000e+03
6.697000000000000000e+03
6.709000000000000000e+03
6.721000000000000000e+03
6.735000000000000000e+03
6.738000000000000000e+03
6.740000000000000000e+03
6.743000000000000000e+03
6.749000000000000000e+03
6.761000000000000000e+03
6.771000000000000000e+03
6.772000000000000000e+03
6.775000000000000000e+03
6.786000000000000000e+03
6.798000000000000000e+03
6.800000000000000000e+03
6.801000000000000000e+03
6.805000000000000000e+03
6.809000000000000000e+03
6.814000000000000000e+03
6.828000000000000000e+03
6.838000000000000000e+03
6.839000000000000000e+03
6.840000000000000000e+03
6.843000000000000000e+03
6.852000000000000000e+03
6.861000000000000000e+03
6.870000000000000000e+03
6.872000000000000000e+03
6.899000000000000000e+03
6.901000000000000000e+03
6.919000000000000000e+03
6.920000000000000000e+03
6.922000000000000000e+03
6.930000000000000000e+03
6.947000000000000000e+03
6.983000000000000000e+03
6.984000000000000000e+03
6.985000000000000000e+03
6.988000000000000000e+03
6.996000000000000000e+03
7.009000000000000000e+03
7.015000000000000000e+03
7.016000000000000000e+03
7.024000000000000000e+03
7.032000000000000000e+03
7.071000000000000000e+03
7.077000000000000000e+03
7.095000000000000000e+03
7.103000000000000000e+03
7.112000000000000000e+03
7.115000000000000000e+03
7.123000000000000000e+03
7.130000000000000000e+03
7.150000000000000000e+03
7.154000000000000000e+03
7.156000000000000000e+03
7.166000000000000000e+03
7.169000000000000000e+03
7.173000000000000000e+03
7.177000000000000000e+03
7.184000000000000000e+03
7.192000000000000000e+03
7.201000000000000000e+03
7.218000000000000000e+03
7.221000000000000000e+03
7.232000000000000000e+03
7.233000000000000000e+03
7.234000000000000000e+03
7.240000000000000000e+03
7.250000000000000000e+03
7.251000000000000000e+03
7.255000000000000000e+03
7.265000000000000000e+03
7.273000000000000000e+03
7.284000000000000000e+03
7.289000000000000000e+03
7.296000000000000000e+03
7.307000000000000000e+03
7.316000000000000000e+03
7.319000000000000000e+03
7.320000000000000000e+03
7.335000000000000000e+03
7.338000000000000000e+03
7.339000000000000000e+03
7.343000000000000000e+03
7.370000000000000000e+03
7.399000000000000000e+03
7.409000000000000000e+03
7.416000000000000000e+03
7.444000000000000000e+03
7.446000000000000000e+03
7.468000000000000000e+03
7.474000000000000000e+03
7.479000000000000000e+03
7.483000000000000000e+03
7.485000000000000000e+03
7.487000000000000000e+03
7.524000000000000000e+03
7.528000000000000000e+03
7.533000000000000000e+03
7.540000000000000000e+03
7.562000000000000000e+03
7.578000000000000000e+03
7.579000000000000000e+03
7.583000000000000000e+03
7.594000000000000000e+03
7.629000000000000000e+03
7.630000000000000000e+03
7.639000000000000000e+03
7.640000000000000000e+03
7.658000000000000000e+03
7.665000000000000000e+03
7.673000000000000000e+03
7.679000000000000000e+03
7.685000000000000000e+03
7.689000000000000000e+03
7.691000000000000000e+03
7.701000000000000000e+03
7.702000000000000000e+03
7.706000000000000000e+03
7.708000000000000000e+03
7.712000000000000000e+03
7.725000000000000000e+03
7.727000000000000000e+03
7.755000000000000000e+03
7.774000000000000000e+03
7.775000000000000000e+03
7.779000000000000000e+03
7.784000000000000000e+03
7.785000000000000000e+03
7.833000000000000000e+03
7.839000000000000000e+03
7.842000000000000000e+03
7.853000000000000000e+03
7.867000000000000000e+03
7.884000000000000000e+03
7.900000000000000000e+03
7.926000000000000000e+03
7.942000000000000000e+03
7.944000000000000000e+03
7.946000000000000000e+03
7.949000000000000000e+03
7.952000000000000000e+03
7.958000000000000000e+03
7.984000000000000000e+03
7.988000000000000000e+03
7.989000000000000000e+03
7.990000000000000000e+03
7.994000000000000000e+03
7.997000000000000000e+03
7.998000000000000000e+03
8.000000000000000000e+03
8.036000000000000000e+03
8.038000000000000000e+03
8.054000000000000000e+03
8.079000000000000000e+03
8.098000000000000000e+03
8.104000000000000000e+03
8.106000000000000000e+03
8.111000000000000000e+03
8.116000000000000000e+03
8.122000000000000000e+03
8.126000000000000000e+03
8.127000000000000000e+03
8.128000000000000000e+03
8.171000000000000000e+03
8.172000000000000000e+03
8.179000000000000000e+03
8.182000000000000000e+03
8.183000000000000000e+03
8.190000000000000000e+03
8.197000000000000000e+03
8.201000000000000000e+03
8.218000000000000000e+03
8.236000000000000000e+03
8.249000000000000000e+03
8.276000000000000000e+03
8.278000000000000000e+03
8.300000000000000000e+03
8.312000000000000000e+03
8.342000000000000000e+03
8.344000000000000000e+03
8.352000000000000000e+03
8.354000000000000000e+03
8.355000000000000000e+03
8.391000000000000000e+03
8.396000000000000000e+03
8.403000000000000000e+03
8.417000000000000000e+03
8.422000000000000000e+03
8.426000000000000000e+03
8.437000000000000000e+03
8.467000000000000000e+03
8.475000000000000000e+03
8.485000000000000000e+03
8.497000000000000000e+03
8.498000000000000000e+03
8.499000000000000000e+03
8.513000000000000000e+03
8.523000000000000000e+03
8.527000000000000000e+03
8.543000000000000000e+03
8.552000000000000000e+03
8.555000000000000000e+03
8.575000000000000000e+03
8.580000000000000000e+03
8.589000000000000000e+03
8.591000000000000000e+03
8.594000000000000000e+03
8.598000000000000000e+03
8.612000000000000000e+03
8.613000000000000000e+03
8.629000000000000000e+03
8.650000000000000000e+03
8.658000000000000000e+03
8.659000000000000000e+03
8.663000000000000000e+03
8.668000000000000000e+03
8.680000000000000000e+03
8.683000000000000000e+03
8.690000000000000000e+03
8.693000000000000000e+03
8.694000000000000000e+03
8.697000000000000000e+03
8.701000000000000000e+03
8.708000000000000000e+03
8.709000000000000000e+03
8.736000000000000000e+03
8.741000000000000000e+03
8.749000000000000000e+03
8.752000000000000000e+03
8.757000000000000000e+03
8.802000000000000000e+03
8.825000000000000000e+03
8.828000000000000000e+03
8.844000000000000000e+03
8.848000000000000000e+03
8.855000000000000000e+03
8.859000000000000000e+03
8.886000000000000000e+03
8.902000000000000000e+03
8.906000000000000000e+03
8.908000000000000000e+03
8.912000000000000000e+03
8.919000000000000000e+03
8.921000000000000000e+03
8.923000000000000000e+03
8.926000000000000000e+03
8.945000000000000000e+03
8.947000000000000000e+03
8.953000000000000000e+03
8.958000000000000000e+03
8.962000000000000000e+03
8.971000000000000000e+03
8.981000000000000000e+03
8.982000000000000000e+03
8.991000000000000000e+03
8.996000000000000000e+03
8.998000000000000000e+03
9.009000000000000000e+03
9.014000000000000000e+03
9.016000000000000000e+03
9.018000000000000000e+03
9.023000000000000000e+03
9.036000000000000000e+03
9.046000000000000000e+03
9.047000000000000000e+03
9.056000000000000000e+03
9.057000000000000000e+03
9.060000000000000000e+03
9.061000000000000000e+03
9.078000000000000000e+03
9.083000000000000000e+03
9.087000000000000000e+03
9.089000000000000000e+03
9.111000000000000000e+03
9.112000000000000000e+03
9.126000000000000000e+03
9.129000000000000000e+03
9.130000000000000000e+03
9.144000000000000000e+03
9.161000000000000000e+03
9.166000000000000000e+03
9.169000000000000000e+03
9.178000000000000000e+03
9.183000000000000000e+03
9.192000000000000000e+03
9.193000000000000000e+03
9.194000000000000000e+03
9.212000000000000000e+03
9.214000000000000000e+03
9.220000000000000000e+03
9.230000000000000000e+03
9.232000000000000000e+03
9.238000000000000000e+03
9.241000000000000000e+03
9.250000000000000000e+03
9.254000000000000000e+03
9.261000000000000000e+03
9.263000000000000000e+03
9.264000000000000000e+03
9.275000000000000000e+03
9.295000000000000000e+03
9.306000000000000000e+03
9.311000000000000000e+03
9.321000000000000000e+03
9.332000000000000000e+03
9.341000000000000000e+03
9.342000000000000000e+03
9.343000000000000000e+03
9.367000000000000000e+03
9.373000000000000000e+03
9.381000000000000000e+03
9.387000000000000000e+03
9.388000000000000000e+03
9.389000000000000000e+03
9.402000000000000000e+03
9.409000000000000000e+03
9.413000000000000000e+03
9.425000000000000000e+03
9.429000000000000000e+03
9.436000000000000000e+03
9.440000000000000000e+03
9.461000000000000000e+03
9.471000000000000000e+03
9.479000000000000000e+03
9.488000000000000000e+03
9.490000000000000000e+03
9.491000000000000000e+03
9.510000000000000000e+03
9.513000000000000000e+03
9.519000000000000000e+03
9.527000000000000000e+03
9.528000000000000000e+03
9.529000000000000000e+03
9.530000000000000000e+03
9.536000000000000000e+03
9.538000000000000000e+03
9.541000000000000000e+03
9.545000000000000000e+03
9.561000000000000000e+03
9.570000000000000000e+03
9.574000000000000000e+03
9.580000000000000000e+03
9.589000000000000000e+03
9.595000000000000000e+03
9.607000000000000000e+03
9.608000000000000000e+03
9.614000000000000000e+03
9.621000000000000000e+03
9.632000000000000000e+03
9.635000000000000000e+03
9.646000000000000000e+03
9.656000000000000000e+03
9.659000000000000000e+03
9.672000000000000000e+03
9.674000000000000000e+03
9.677000000000000000e+03
9.680000000000000000e+03
9.682000000000000000e+03
9.705000000000000000e+03
9.709000000000000000e+03
9.727000000000000000e+03
9.740000000000000000e+03
9.752000000000000000e+03
9.758000000000000000e+03
9.763000000000000000e+03
9.778000000000000000e+03
9.785000000000000000e+03
9.788000000000000000e+03
9.791000000000000000e+03
9.793000000000000000e+03
9.797000000000000000e+03
9.800000000000000000e+03
9.804000000000000000e+03
9.806000000000000000e+03
9.825000000000000000e+03
9.830000000000000000e+03
9.838000000000000000e+03
9.839000000000000000e+03
9.847000000000000000e+03
9.886000000000000000e+03
9.906000000000000000e+03
9.910000000000000000e+03
9.916000000000000000e+03
9.922000000000000000e+03
9.947000000000000000e+03
9.954000000000000000e+03
9.967000000000000000e+03
9.989000000000000000e+03
9.990000000000000000e+03
1.000300000000000000e+04
1.001800000000000000e+04
1.002400000000000000e+04
1.002900000000000000e+04
1.004100000000000000e+04
1.004900000000000000e+04
1.005000000000000000e+04
1.008300000000000000e+04
1.008500000000000000e+04
1.008600000000000000e+04
1.009400000000000000e+04
1.010300000000000000e+04
1.012600000000000000e+04
1.012800000000000000e+04
1.013000000000000000e+04
1.013400000000000000e+04
1.015600000000000000e+04
1.015900000000000000e+04
1.016700000000000000e+04
1.018500000000000000e+04
1.019800000000000000e+04
1.020600000000000000e+04
1.020900000000000000e+04
1.021200000000000000e+04
1.022500000000000000e+04
1.023000000000000000e+04
1.023500000000000000e+04
1.024400000000000000e+04
1.024600000000000000e+04
1.024800000000000000e+04
1.024900000000000000e+04
1.025000000000000000e+04
1.025600000000000000e+04
1.025700000000000000e+04
1.026500000000000000e+04
1.026900000000000000e+04
1.027500000000000000e+04
1.027900000000000000e+04
1.028500000000000000e+04
1.029800000000000000e+04
1.030200000000000000e+04
1.030300000000000000e+04
1.031500000000000000e+04
1.032400000000000000e+04
1.033700000000000000e+04
1.035500000000000000e+04
1.036300000000000000e+04
1.036400000000000000e+04
1.036600000000000000e+04
1.036700000000000000e+04
1.036900000000000000e+04
1.037000000000000000e+04
1.037200000000000000e+04
1.037300000000000000e+04
1.037900000000000000e+04
1.038300000000000000e+04
1.039700000000000000e+04
1.040500000000000000e+04
1.042200000000000000e+04
1.043600000000000000e+04
1.044300000000000000e+04
1.046100000000000000e+04
1.046800000000000000e+04
1.048500000000000000e+04
1.050100000000000000e+04
1.050200000000000000e+04
1.050600000000000000e+04
1.050800000000000000e+04
1.051000000000000000e+04
1.052900000000000000e+04
1.054000000000000000e+04
1.054100000000000000e+04
1.055300000000000000e+04
1.055900000000000000e+04
1.056400000000000000e+04
1.057300000000000000e+04
1.059300000000000000e+04
1.060000000000000000e+04
1.060300000000000000e+04
1.060400000000000000e+04
1.061000000000000000e+04
1.061400000000000000e+04
1.063300000000000000e+04
1.064100000000000000e+04
1.064800000000000000e+04
1.065200000000000000e+04
1.065900000000000000e+04
1.066000000000000000e+04
1.066700000000000000e+04
1.067000000000000000e+04
1.067500000000000000e+04
1.069000000000000000e+04
1.069500000000000000e+04
1.069700000000000000e+04
1.070600000000000000e+04
1.071700000000000000e+04
1.074600000000000000e+04
1.074800000000000000e+04
1.075000000000000000e+04
1.075400000000000000e+04
1.075600000000000000e+04
1.075800000000000000e+04
1.077200000000000000e+04
1.079100000000000000e+04
1.080900000000000000e+04
1.084000000000000000e+04
1.085200000000000000e+04
1.085600000000000000e+04
1.085900000000000000e+04
1.086600000000000000e+04
1.088000000000000000e+04
1.088700000000000000e+04
1.089000000000000000e+04
1.089100000000000000e+04
1.089600000000000000e+04
1.089800000000000000e+04
1.090100000000000000e+04
1.090300000000000000e+04
1.091200000000000000e+04
1.091900000000000000e+04
1.092000000000000000e+04
1.093100000000000000e+04
1.093600000000000000e+04
1.094100000000000000e+04
1.095800000000000000e+04
1.096000000000000000e+04
1.096300000000000000e+04
1.096500000000000000e+04
1.099300000000000000e+04
1.099400000000000000e+04
1.100500000000000000e+04
1.100700000000000000e+04
1.101000000000000000e+04
1.102200000000000000e+04
1.102300000000000000e+04
1.102800000000000000e+04
1.104000000000000000e+04
1.104600000000000000e+04
1.104800000000000000e+04
1.105500000000000000e+04
1.105600000000000000e+04
1.106300000000000000e+04
1.106400000000000000e+04
1.108200000000000000e+04
1.108400000000000000e+04
1.108800000000000000e+04
1.109200000000000000e+04
1.109600000000000000e+04
1.110000000000000000e+04
1.110600000000000000e+04
1.111300000000000000e+04
1.111500000000000000e+04
1.112400000000000000e+04
1.112500000000000000e+04
1.112600000000000000e+04
1.113500000000000000e+04
1.115700000000000000e+04
1.115800000000000000e+04
1.116400000000000000e+04
1.116600000000000000e+04
1.117700000000000000e+04
1.118100000000000000e+04
1.118500000000000000e+04
1.118800000000000000e+04
1.119100000000000000e+04
1.119300000000000000e+04
1.119400000000000000e+04
1.119600000000000000e+04
1.120200000000000000e+04
1.120300000000000000e+04
1.120400000000000000e+04
1.120600000000000000e+04
1.121100000000000000e+04
1.122800000000000000e+04
1.125500000000000000e+04
1.126300000000000000e+04
1.126700000000000000e+04
1.127500000000000000e+04
1.127800000000000000e+04
1.128200000000000000e+04
1.132100000000000000e+04
1.133400000000000000e+04
1.133500000000000000e+04
1.135300000000000000e+04
1.135400000000000000e+04
1.135700000000000000e+04
1.135900000000000000e+04
1.136400000000000000e+04
1.137600000000000000e+04
1.139600000000000000e+04
1.140400000000000000e+04
1.141100000000000000e+04
1.142500000000000000e+04
1.143700000000000000e+04
1.144200000000000000e+04
1.145100000000000000e+04
1.145200000000000000e+04
1.145600000000000000e+04
1.146200000000000000e+04
1.146600000000000000e+04
1.146800000000000000e+04
1.146900000000000000e+04
1.147500000000000000e+04
1.151300000000000000e+04
1.151800000000000000e+04
1.152600000000000000e+04
1.153300000000000000e+04
1.154600000000000000e+04
1.155400000000000000e+04
1.155600000000000000e+04
1.155800000000000000e+04
1.155900000000000000e+04
1.156500000000000000e+04
1.159500000000000000e+04
1.159600000000000000e+04
1.160500000000000000e+04
1.161600000000000000e+04
1.161900000000000000e+04
1.164200000000000000e+04
1.164400000000000000e+04
1.164900000000000000e+04
1.166500000000000000e+04
1.167400000000000000e+04
1.168400000000000000e+04
1.171900000000000000e+04
1.172100000000000000e+04
1.172300000000000000e+04
1.174900000000000000e+04
1.175400000000000000e+04
1.175700000000000000e+04
1.177100000000000000e+04
1.178300000000000000e+04
1.178900000000000000e+04
1.179900000000000000e+04
1.180000000000000000e+04
1.181100000000000000e+04
1.181200000000000000e+04
1.181600000000000000e+04
1.182300000000000000e+04
1.182800000000000000e+04
1.183200000000000000e+04
1.183300000000000000e+04
1.184100000000000000e+04
1.184700000000000000e+04
1.184800000000000000e+04
1.185800000000000000e+04
1.186500000000000000e+04
1.186600000000000000e+04
1.187200000000000000e+04
1.187300000000000000e+04
1.187600000000000000e+04
1.188300000000000000e+04
1.188400000000000000e+04
1.189300000000000000e+04
1.189800000000000000e+04
1.190200000000000000e+04
1.190400000000000000e+04
1.191700000000000000e+04
1.191800000000000000e+04
1.193500000000000000e+04
1.193600000000000000e+04
1.195900000000000000e+04
1.196900000000000000e+04
1.197200000000000000e+04
1.198600000000000000e+04
1.200000000000000000e+04
1.201000000000000000e+04
1.201400000000000000e+04
1.201700000000000000e+04
1.202100000000000000e+04
1.202500000000000000e+04
1.202600000000000000e+04
1.202900000000000000e+04
1.204900000000000000e+04
1.205200000000000000e+04
1.205400000000000000e+04
1.205800000000000000e+04
1.207000000000000000e+04
1.207700000000000000e+04
1.209800000000000000e+04
1.209900000000000000e+04
1.210000000000000000e+04
1.210200000000000000e+04
1.211200000000000000e+04
1.211900000000000000e+04
1.213400000000000000e+04
1.213500000000000000e+04
1.214500000000000000e+04
1.215600000000000000e+04
1.219000000000000000e+04
1.219100000000000000e+04
1.220300000000000000e+04
1.221400000000000000e+04
1.222200000000000000e+04
1.222300000000000000e+04
1.222800000000000000e+04
1.223900000000000000e+04
1.225000000000000000e+04
1.225100000000000000e+04
1.227300000000000000e+04
1.227900000000000000e+04
1.228500000000000000e+04
1.229300000000000000e+04
1.230300000000000000e+04
1.230800000000000000e+04
1.231200000000000000e+04
1.232800000000000000e+04
1.233200000000000000e+04
1.234900000000000000e+04
1.235300000000000000e+04
1.236300000000000000e+04
1.237200000000000000e+04
1.238400000000000000e+04
1.238600000000000000e+04
1.239700000000000000e+04
1.242100000000000000e+04
1.242200000000000000e+04
1.242300000000000000e+04
1.242800000000000000e+04
1.243500000000000000e+04
1.243900000000000000e+04
1.244600000000000000e+04
1.245900000000000000e+04
1.246600000000000000e+04
1.247400000000000000e+04
1.247500000000000000e+04
1.248500000000000000e+04
1.249200000000000000e+04
1.249600000000000000e+04
1.249800000000000000e+04
1.250200000000000000e+04
1.251100000000000000e+04
1.251400000000000000e+04
1.252400000000000000e+04
1.253400000000000000e+04
1.253500000000000000e+04
1.254200000000000000e+04
1.254500000000000000e+04
1.255600000000000000e+04
1.256100000000000000e+04
1.257500000000000000e+04
1.258400000000000000e+04
1.264000000000000000e+04
1.265200000000000000e+04
1.265400000000000000e+04
1.265500000000000000e+04
1.265600000000000000e+04
1.265700000000000000e+04
1.267700000000000000e+04
1.268200000000000000e+04
1.272300000000000000e+04
1.272400000000000000e+04
1.272800000000000000e+04
1.273800000000000000e+04
1.274400000000000000e+04
1.275100000000000000e+04
1.281000000000000000e+04
1.282800000000000000e+04
1.283800000000000000e+04
1.284300000000000000e+04
1.284400000000000000e+04
1.284900000000000000e+04
1.285600000000000000e+04
1.286200000000000000e+04
1.286300000000000000e+04
1.286700000000000000e+04
1.287300000000000000e+04
1.290300000000000000e+04
1.290400000000000000e+04
1.291600000000000000e+04
1.291700000000000000e+04
1.292600000000000000e+04
1.294100000000000000e+04
1.296800000000000000e+04
1.297400000000000000e+04
1.297800000000000000e+04
1.299800000000000000e+04
1.299900000000000000e+04
1.301600000000000000e+04
1.302000000000000000e+04
1.303300000000000000e+04
1.303500000000000000e+04
1.304600000000000000e+04
1.305100000000000000e+04
1.306500000000000000e+04
1.308000000000000000e+04
1.308900000000000000e+04
1.309100000000000000e+04
1.312100000000000000e+04
1.312200000000000000e+04
1.314000000000000000e+04
1.316200000000000000e+04
1.319100000000000000e+04
1.319300000000000000e+04
1.322100000000000000e+04
1.322200000000000000e+04
1.322600000000000000e+04
1.326100000000000000e+04
1.326600000000000000e+04
1.327000000000000000e+04
1.327300000000000000e+04
1.327700000000000000e+04
1.328400000000000000e+04
1.328800000000000000e+04
1.329300000000000000e+04
1.330100000000000000e+04
1.331200000000000000e+04
1.331500000000000000e+04
1.332400000000000000e+04
1.333700000000000000e+04
1.334700000000000000e+04
1.336000000000000000e+04
1.336400000000000000e+04
1.337200000000000000e+04
1.338200000000000000e+04
1.339200000000000000e+04
1.340100000000000000e+04
1.340300000000000000e+04
1.340800000000000000e+04
1.341800000000000000e+04
1.344900000000000000e+04
1.346000000000000000e+04
1.346400000000000000e+04
1.346500000000000000e+04
1.346700000000000000e+04
1.346900000000000000e+04
1.347200000000000000e+04
1.349200000000000000e+04
1.349600000000000000e+04
1.351100000000000000e+04
1.351600000000000000e+04
1.352300000000000000e+04
1.353300000000000000e+04
1.354300000000000000e+04
1.354900000000000000e+04
1.356700000000000000e+04
1.357500000000000000e+04
1.357600000000000000e+04
1.357700000000000000e+04
1.359700000000000000e+04
1.360900000000000000e+04
1.362000000000000000e+04
1.362600000000000000e+04
1.362700000000000000e+04
1.362900000000000000e+04
1.363200000000000000e+04
1.364000000000000000e+04
1.364100000000000000e+04
1.364400000000000000e+04
1.365500000000000000e+04
1.365600000000000000e+04
1.365800000000000000e+04
1.366400000000000000e+04
1.367500000000000000e+04
1.368000000000000000e+04
1.368200000000000000e+04
1.368600000000000000e+04
1.369800000000000000e+04
1.370400000000000000e+04
1.370700000000000000e+04
1.370900000000000000e+04
1.371700000000000000e+04
1.371900000000000000e+04
1.373000000000000000e+04
1.373200000000000000e+04
1.373700000000000000e+04
1.374900000000000000e+04
1.375400000000000000e+04
1.377000000000000000e+04
1.379700000000000000e+04
1.380000000000000000e+04
1.380100000000000000e+04
1.380200000000000000e+04
1.381100000000000000e+04
1.381300000000000000e+04
1.381600000000000000e+04
1.381800000000000000e+04
1.382100000000000000e+04
1.383700000000000000e+04
1.384400000000000000e+04
1.385400000000000000e+04
1.386000000000000000e+04
1.387900000000000000e+04
1.389200000000000000e+04
1.391200000000000000e+04
1.393000000000000000e+04
1.393100000000000000e+04
1.394000000000000000e+04
1.394300000000000000e+04
1.396300000000000000e+04
1.396900000000000000e+04
1.397500000000000000e+04
1.400200000000000000e+04
1.400800000000000000e+04
1.402300000000000000e+04
1.402500000000000000e+04
1.405400000000000000e+04
1.405700000000000000e+04
1.408000000000000000e+04
1.408400000000000000e+04
1.408600000000000000e+04
1.410700000000000000e+04
1.411400000000000000e+04
1.411700000000000000e+04
1.412000000000000000e+04
1.412300000000000000e+04
1.412900000000000000e+04
1.415400000000000000e+04
1.417100000000000000e+04
1.417500000000000000e+04
1.417600000000000000e+04
1.418000000000000000e+04
1.418200000000000000e+04
1.418300000000000000e+04
1.419400000000000000e+04
1.419700000000000000e+04
1.421700000000000000e+04
1.421900000000000000e+04
1.422500000000000000e+04
1.423500000000000000e+04
1.423900000000000000e+04
1.425000000000000000e+04
1.425800000000000000e+04
1.425900000000000000e+04
1.427900000000000000e+04
1.428000000000000000e+04
1.428400000000000000e+04
1.428500000000000000e+04
1.428700000000000000e+04
1.430400000000000000e+04
1.430500000000000000e+04
1.431000000000000000e+04
1.431200000000000000e+04
1.431700000000000000e+04
1.433700000000000000e+04
1.434200000000000000e+04
1.434400000000000000e+04
1.434700000000000000e+04
1.435200000000000000e+04
1.435600000000000000e+04
1.435700000000000000e+04
1.436900000000000000e+04
1.438300000000000000e+04
1.438600000000000000e+04
1.439200000000000000e+04
1.439300000000000000e+04
1.440500000000000000e+04
1.441400000000000000e+04
1.442800000000000000e+04
1.445400000000000000e+04
1.447300000000000000e+04
1.449100000000000000e+04
1.455700000000000000e+04
1.456000000000000000e+04
1.456800000000000000e+04
1.460100000000000000e+04
1.460400000000000000e+04
1.460600000000000000e+04
1.463400000000000000e+04
1.463700000000000000e+04
1.468900000000000000e+04
1.472500000000000000e+04
1.472700000000000000e+04
1.473500000000000000e+04
1.474200000000000000e+04
1.474900000000000000e+04
1.475300000000000000e+04
1.476100000000000000e+04
1.476200000000000000e+04
1.476500000000000000e+04
1.476600000000000000e+04
1.477300000000000000e+04
1.478200000000000000e+04
1.478900000000000000e+04
1.479800000000000000e+04
1.481200000000000000e+04
1.483700000000000000e+04
1.483900000000000000e+04
1.484400000000000000e+04
1.484500000000000000e+04
1.486700000000000000e+04
1.487400000000000000e+04
1.488900000000000000e+04
1.492500000000000000e+04
1.492900000000000000e+04
1.493200000000000000e+04
1.494800000000000000e+04
1.495200000000000000e+04
1.495700000000000000e+04
1.495800000000000000e+04
1.496500000000000000e+04
1.497800000000000000e+04
1.497900000000000000e+04
1.498000000000000000e+04
1.498800000000000000e+04
1.500800000000000000e+04
1.502500000000000000e+04
1.503900000000000000e+04
1.504400000000000000e+04
1.504500000000000000e+04
1.505200000000000000e+04
1.505500000000000000e+04
1.506300000000000000e+04
1.506600000000000000e+04
1.509300000000000000e+04
1.510000000000000000e+04
1.510100000000000000e+04
1.511400000000000000e+04
1.511700000000000000e+04
1.513000000000000000e+04
1.513700000000000000e+04
1.514500000000000000e+04
1.516100000000000000e+04
1.517000000000000000e+04
1.518400000000000000e+04
1.521200000000000000e+04
1.521500000000000000e+04
1.523700000000000000e+04
1.525000000000000000e+04
1.525100000000000000e+04
1.526600000000000000e+04
1.528300000000000000e+04
1.528400000000000000e+04
1.528600000000000000e+04
1.528800000000000000e+04
1.529300000000000000e+04
1.529500000000000000e+04
1.529600000000000000e+04
1.529700000000000000e+04
1.531000000000000000e+04
1.531700000000000000e+04
1.532200000000000000e+04
1.532600000000000000e+04
1.534300000000000000e+04
1.535600000000000000e+04
1.538000000000000000e+04
1.539000000000000000e+04
1.539500000000000000e+04
1.540000000000000000e+04
1.540600000000000000e+04
1.540900000000000000e+04
1.541100000000000000e+04
1.543600000000000000e+04
1.543700000000000000e+04
1.543800000000000000e+04
1.544300000000000000e+04
1.544700000000000000e+04
1.545100000000000000e+04
1.546600000000000000e+04
1.546700000000000000e+04
1.546800000000000000e+04
1.547000000000000000e+04
1.549100000000000000e+04
1.552800000000000000e+04
1.554000000000000000e+04
1.557900000000000000e+04
1.558000000000000000e+04
1.558200000000000000e+04
1.558300000000000000e+04
1.558800000000000000e+04
1.559100000000000000e+04
1.559200000000000000e+04
1.559500000000000000e+04
1.560700000000000000e+04
1.562000000000000000e+04
1.562100000000000000e+04
1.563700000000000000e+04
1.564300000000000000e+04
1.567100000000000000e+04
1.567700000000000000e+04
1.568800000000000000e+04
1.569400000000000000e+04
1.569600000000000000e+04
1.570500000000000000e+04
1.570700000000000000e+04
1.571000000000000000e+04
1.571300000000000000e+04
1.572200000000000000e+04
1.572800000000000000e+04
1.573100000000000000e+04
1.573800000000000000e+04
1.573900000000000000e+04
1.576500000000000000e+04
1.578000000000000000e+04
1.578800000000000000e+04
1.579400000000000000e+04
1.581900000000000000e+04
1.582300000000000000e+04
1.582800000000000000e+04
1.582900000000000000e+04
1.583000000000000000e+04
1.586100000000000000e+04
1.587100000000000000e+04
1.588700000000000000e+04
1.589400000000000000e+04
1.589800000000000000e+04
1.589900000000000000e+04
1.590000000000000000e+04
1.592500000000000000e+04
1.594400000000000000e+04
1.595100000000000000e+04
1.596400000000000000e+04
1.600000000000000000e+04
1.600300000000000000e+04
1.602500000000000000e+04
1.603100000000000000e+04
1.603300000000000000e+04
1.604200000000000000e+04
1.608400000000000000e+04
1.608700000000000000e+04
1.610200000000000000e+04
1.610700000000000000e+04
1.611500000000000000e+04
1.611700000000000000e+04
1.612400000000000000e+04
1.612900000000000000e+04
1.613000000000000000e+04
1.614000000000000000e+04
1.614200000000000000e+04
1.614500000000000000e+04
1.617500000000000000e+04
1.618300000000000000e+04
1.618700000000000000e+04
1.619700000000000000e+04
1.620200000000000000e+04
1.620400000000000000e+04
1.623000000000000000e+04
1.623200000000000000e+04
1.623700000000000000e+04
1.624300000000000000e+04
1.625500000000000000e+04
1.625800000000000000e+04
1.627000000000000000e+04
1.627500000000000000e+04
1.628200000000000000e+04
1.628400000000000000e+04
1.630000000000000000e+04
1.630100000000000000e+04
1.630600000000000000e+04
1.633300000000000000e+04
1.633700000000000000e+04
1.634100000000000000e+04
1.635200000000000000e+04
1.637500000000000000e+04
1.638600000000000000e+04
1.640900000000000000e+04
1.642300000000000000e+04
1.644000000000000000e+04
1.644200000000000000e+04
1.646700000000000000e+04
1.648200000000000000e+04
1.648600000000000000e+04
1.649600000000000000e+04
1.650100000000000000e+04
1.652000000000000000e+04
1.652800000000000000e+04
1.654900000000000000e+04
1.657300000000000000e+04
1.658400000000000000e+04
1.658600000000000000e+04
1.659000000000000000e+04
1.659600000000000000e+04
1.661000000000000000e+04
1.661600000000000000e+04
1.661700000000000000e+04
1.661800000000000000e+04
1.663500000000000000e+04
1.663800000000000000e+04
1.664100000000000000e+04
1.665500000000000000e+04
1.666900000000000000e+04
1.667600000000000000e+04
1.670400000000000000e+04
1.671400000000000000e+04
1.672000000000000000e+04
1.672900000000000000e+04
1.674700000000000000e+04
1.675200000000000000e+04
1.675300000000000000e+04
1.675400000000000000e+04
1.675900000000000000e+04
1.677800000000000000e+04
1.677900000000000000e+04
1.678200000000000000e+04
1.678700000000000000e+04
1.681000000000000000e+04
1.682600000000000000e+04
1.682700000000000000e+04
1.682800000000000000e+04
1.683800000000000000e+04
1.684300000000000000e+04
1.685300000000000000e+04
1.686000000000000000e+04
1.688500000000000000e+04
1.690000000000000000e+04
1.691500000000000000e+04
1.692400000000000000e+04
1.693300000000000000e+04
1.694900000000000000e+04
1.695100000000000000e+04
1.695500000000000000e+04
1.696900000000000000e+04
1.697000000000000000e+04
1.698800000000000000e+04
1.699300000000000000e+04
1.701800000000000000e+04
1.702200000000000000e+04
1.704500000000000000e+04
1.704900000000000000e+04
1.705300000000000000e+04
1.707900000000000000e+04
1.709300000000000000e+04
1.710000000000000000e+04
1.711100000000000000e+04
1.711300000000000000e+04
1.712600000000000000e+04
1.713100000000000000e+04
1.713300000000000000e+04
1.713500000000000000e+04
1.714600000000000000e+04
1.714700000000000000e+04
1.714800000000000000e+04
1.717000000000000000e+04
1.718200000000000000e+04
1.718300000000000000e+04
1.719300000000000000e+04
1.720500000000000000e+04
1.720700000000000000e+04
1.720800000000000000e+04
1.721300000000000000e+04
1.722200000000000000e+04
1.722500000000000000e+04
1.725200000000000000e+04
1.725500000000000000e+04
1.728400000000000000e+04
1.730500000000000000e+04
1.730900000000000000e+04
1.731200000000000000e+04
1.732400000000000000e+04
1.733200000000000000e+04
1.733300000000000000e+04
1.733700000000000000e+04
1.734100000000000000e+04
1.734800000000000000e+04
1.736700000000000000e+04
1.737000000000000000e+04
1.737900000000000000e+04
1.739100000000000000e+04
1.742300000000000000e+04
1.742500000000000000e+04
1.743700000000000000e+04
1.745200000000000000e+04
1.746500000000000000e+04
1.747700000000000000e+04
1.748300000000000000e+04
1.749100000000000000e+04
1.749200000000000000e+04
1.749300000000000000e+04
1.751200000000000000e+04
1.752200000000000000e+04
1.752800000000000000e+04
1.752900000000000000e+04
1.753100000000000000e+04
1.757300000000000000e+04
1.757600000000000000e+04
1.758700000000000000e+04
1.759200000000000000e+04
1.759900000000000000e+04
1.761600000000000000e+04
1.761700000000000000e+04
1.761800000000000000e+04
1.762000000000000000e+04
1.762200000000000000e+04
1.762400000000000000e+04
1.763200000000000000e+04
1.764900000000000000e+04
1.767900000000000000e+04
1.769600000000000000e+04
1.770100000000000000e+04
1.771400000000000000e+04
1.774100000000000000e+04
1.774600000000000000e+04
1.774900000000000000e+04
1.775400000000000000e+04
1.775500000000000000e+04
1.775700000000000000e+04
1.776300000000000000e+04
1.777700000000000000e+04
1.778300000000000000e+04
1.780300000000000000e+04
1.782500000000000000e+04
1.783900000000000000e+04
1.784300000000000000e+04
1.784700000000000000e+04
1.785000000000000000e+04
1.785300000000000000e+04
1.785500000000000000e+04
1.787300000000000000e+04
1.787500000000000000e+04
1.789700000000000000e+04
1.789900000000000000e+04
1.790100000000000000e+04
1.791300000000000000e+04
1.792700000000000000e+04
1.793200000000000000e+04
1.793300000000000000e+04
1.796300000000000000e+04
1.798800000000000000e+04
1.799600000000000000e+04
1.800300000000000000e+04
1.800600000000000000e+04
1.802400000000000000e+04
1.803300000000000000e+04
1.804400000000000000e+04
1.805300000000000000e+04
1.805600000000000000e+04
1.806500000000000000e+04
1.810000000000000000e+04
1.810100000000000000e+04
1.810600000000000000e+04
1.810700000000000000e+04
1.814100000000000000e+04
1.814200000000000000e+04
1.817500000000000000e+04
1.818600000000000000e+04
1.818800000000000000e+04
1.819700000000000000e+04
1.820600000000000000e+04
1.821600000000000000e+04
1.821900000000000000e+04
1.822800000000000000e+04
1.823400000000000000e+04
1.824000000000000000e+04
1.824900000000000000e+04
1.826800000000000000e+04
1.829400000000000000e+04
1.830400000000000000e+04
1.830500000000000000e+04
1.831500000000000000e+04
1.831600000000000000e+04
1.831900000000000000e+04
1.832000000000000000e+04
1.832300000000000000e+04
1.833500000000000000e+04
1.834100000000000000e+04
1.834700000000000000e+04
1.835700000000000000e+04
1.836000000000000000e+04
1.838000000000000000e+04
1.839100000000000000e+04
1.839500000000000000e+04
1.840200000000000000e+04
1.842100000000000000e+04
1.842900000000000000e+04
1.844800000000000000e+04
1.845200000000000000e+04
1.846600000000000000e+04
1.846800000000000000e+04
1.848200000000000000e+04
1.849400000000000000e+04
1.849500000000000000e+04
1.850600000000000000e+04
1.850800000000000000e+04
1.851600000000000000e+04
1.852300000000000000e+04
1.852700000000000000e+04
1.853800000000000000e+04
1.853900000000000000e+04
1.854200000000000000e+04
1.855200000000000000e+04
1.855900000000000000e+04
1.858900000000000000e+04
1.859200000000000000e+04
1.860700000000000000e+04
1.860800000000000000e+04
1.861400000000000000e+04
1.862100000000000000e+04
1.862200000000000000e+04
1.863300000000000000e+04
1.864200000000000000e+04
1.866300000000000000e+04
1.866500000000000000e+04
1.867000000000000000e+04
1.867300000000000000e+04
1.870600000000000000e+04
1.870900000000000000e+04
1.871900000000000000e+04
1.872200000000000000e+04
1.872800000000000000e+04
1.873200000000000000e+04
1.873400000000000000e+04
1.874000000000000000e+04
1.874100000000000000e+04
1.874200000000000000e+04
1.874400000000000000e+04
1.874600000000000000e+04
1.875000000000000000e+04
1.875700000000000000e+04
1.875800000000000000e+04
1.880100000000000000e+04
1.880200000000000000e+04
1.880300000000000000e+04
1.881200000000000000e+04
1.882000000000000000e+04
1.882800000000000000e+04
1.883100000000000000e+04
1.883200000000000000e+04
1.884300000000000000e+04
1.884600000000000000e+04
1.884900000000000000e+04
1.885000000000000000e+04
1.885600000000000000e+04
1.886400000000000000e+04
1.887000000000000000e+04
1.887400000000000000e+04
1.888100000000000000e+04
1.888600000000000000e+04
1.888900000000000000e+04
1.889400000000000000e+04
1.889500000000000000e+04
1.890200000000000000e+04
1.890300000000000000e+04
1.891000000000000000e+04
1.891200000000000000e+04
1.891400000000000000e+04
1.892400000000000000e+04
1.893500000000000000e+04
1.894900000000000000e+04
1.896100000000000000e+04
1.896700000000000000e+04
1.897100000000000000e+04
1.897500000000000000e+04
1.898100000000000000e+04
1.898900000000000000e+04
1.900800000000000000e+04
1.901400000000000000e+04
1.902900000000000000e+04
1.903500000000000000e+04
1.903700000000000000e+04
1.904000000000000000e+04
1.905000000000000000e+04
1.905600000000000000e+04
1.905900000000000000e+04
1.906400000000000000e+04
1.906900000000000000e+04
1.908700000000000000e+04
1.911000000000000000e+04
1.912600000000000000e+04
1.913100000000000000e+04
1.913300000000000000e+04
1.917900000000000000e+04
1.918100000000000000e+04
1.919000000000000000e+04
1.919500000000000000e+04
1.921500000000000000e+04
1.922000000000000000e+04
1.923100000000000000e+04
1.923800000000000000e+04
1.927200000000000000e+04
1.927800000000000000e+04
1.928200000000000000e+04
1.929300000000000000e+04
1.929700000000000000e+04
1.930500000000000000e+04
1.930600000000000000e+04
1.931400000000000000e+04
1.931700000000000000e+04
1.932500000000000000e+04
1.932800000000000000e+04
1.933000000000000000e+04
1.933100000000000000e+04
1.933200000000000000e+04
1.933600000000000000e+04
1.934800000000000000e+04
1.936800000000000000e+04
1.937700000000000000e+04
1.938300000000000000e+04
1.938500000000000000e+04
1.939200000000000000e+04
1.940000000000000000e+04
1.940100000000000000e+04
1.940600000000000000e+04
1.942100000000000000e+04
1.942300000000000000e+04
1.942400000000000000e+04
1.943700000000000000e+04
1.944800000000000000e+04
1.951700000000000000e+04
1.955600000000000000e+04
1.956100000000000000e+04
1.956900000000000000e+04
1.958700000000000000e+04
1.960700000000000000e+04
1.963800000000000000e+04
1.966100000000000000e+04
1.966400000000000000e+04
1.968000000000000000e+04
1.968100000000000000e+04
1.971200000000000000e+04
