1.200000000000000000e+01
3.300000000000000000e+01
6.400000000000000000e+01
6.700000000000000000e+01
1.050000000000000000e+02
1.500000000000000000e+02
1.640000000000000000e+02
1.720000000000000000e+02
1.780000000000000000e+02
2.150000000000000000e+02
2.160000000000000000e+02
2.540000000000000000e+02
2.670000000000000000e+02
2.750000000000000000e+02
2.800000000000000000e+02
3.040000000000000000e+02
3.250000000000000000e+02
3.310000000000000000e+02
3.460000000000000000e+02
3.700000000000000000e+02
3.890000000000000000e+02
3.970000000000000000e+02
4.000000000000000000e+02
4.160000000000000000e+02
4.310000000000000000e+02
4.520000000000000000e+02
4.610000000000000000e+02
4.650000000000000000e+02
4.770000000000000000e+02
4.960000000000000000e+02
5.020000000000000000e+02
5.050000000000000000e+02
5.300000000000000000e+02
5.400000000000000000e+02
5.550000000000000000e+02
5.860000000000000000e+02
6.550000000000000000e+02
6.640000000000000000e+02
6.890000000000000000e+02
6.910000000000000000e+02
6.920000000000000000e+02
6.970000000000000000e+02
7.450000000000000000e+02
7.560000000000000000e+02
7.610000000000000000e+02
7.680000000000000000e+02
7.930000000000000000e+02
7.940000000000000000e+02
7.980000000000000000e+02
8.040000000000000000e+02
8.100000000000000000e+02
8.320000000000000000e+02
8.330000000000000000e+02
8.400000000000000000e+02
8.630000000000000000e+02
8.780000000000000000e+02
8.830000000000000000e+02
8.890000000000000000e+02
9.100000000000000000e+02
9.210000000000000000e+02
9.350000000000000000e+02
9.470000000000000000e+02
9.580000000000000000e+02
9.600000000000000000e+02
9.610000000000000000e+02
9.720000000000000000e+02
9.810000000000000000e+02
9.910000000000000000e+02
9.990000000000000000e+02
1.000000000000000000e+03
1.018000000000000000e+03
1.032000000000000000e+03
1.048000000000000000e+03
1.099000000000000000e+03
1.114000000000000000e+03
1.118000000000000000e+03
1.132000000000000000e+03
1.149000000000000000e+03
1.164000000000000000e+03
1.179000000000000000e+03
1.181000000000000000e+03
1.202000000000000000e+03
1.207000000000000000e+03
1.224000000000000000e+03
1.234000000000000000e+03
1.256000000000000000e+03
1.297000000000000000e+03
1.329000000000000000e+03
1.339000000000000000e+03
1.350000000000000000e+03
1.373000000000000000e+03
1.375000000000000000e+03
1.398000000000000000e+03
1.407000000000000000e+03
1.411000000000000000e+03
1.418000000000000000e+03
1.423000000000000000e+03
1.425000000000000000e+03
1.428000000000000000e+03
1.434000000000000000e+03
1.478000000000000000e+03
1.498000000000000000e+03
1.512000000000000000e+03
1.558000000000000000e+03
1.581000000000000000e+03
1.598000000000000000e+03
1.600000000000000000e+03
1.606000000000000000e+03
1.621000000000000000e+03
1.622000000000000000e+03
1.650000000000000000e+03
1.661000000000000000e+03
1.686000000000000000e+03
1.705000000000000000e+03
1.706000000000000000e+03
1.715000000000000000e+03
1.718000000000000000e+03
1.721000000000000000e+03
1.747000000000000000e+03
1.749000000000000000e+03
1.754000000000000000e+03
1.759000000000000000e+03
1.795000000000000000e+03
1.797000000000000000e+03
1.806000000000000000e+03
1.808000000000000000e+03
1.822000000000000000e+03
1.825000000000000000e+03
1.829000000000000000e+03
1.852000000000000000e+03
1.856000000000000000e+03
1.906000000000000000e+03
1.909000000000000000e+03
1.936000000000000000e+03
1.944000000000000000e+03
1.973000000000000000e+03
1.987000000000000000e+03
2.031000000000000000e+03
2.036000000000000000e+03
2.090000000000000000e+03
2.097000000000000000e+03
2.103000000000000000e+03
2.107000000000000000e+03
2.108000000000000000e+03
2.140000000000000000e+03
2.141000000000000000e+03
2.197000000000000000e+03
2.213000000000000000e+03
2.220000000000000000e+03
2.231000000000000000e+03
2.279000000000000000e+03
2.343000000000000000e+03
2.348000000000000000e+03
2.353000000000000000e+03
2.357000000000000000e+03
2.373000000000000000e+03
2.374000000000000000e+03
2.376000000000000000e+03
2.403000000000000000e+03
2.414000000000000000e+03
2.441000000000000000e+03
2.452000000000000000e+03
2.460000000000000000e+03
2.476000000000000000e+03
2.480000000000000000e+03
2.497000000000000000e+03
2.559000000000000000e+03
2.591000000000000000e+03
2.601000000000000000e+03
2.617000000000000000e+03
2.619000000000000000e+03
2.622000000000000000e+03
2.624000000000000000e+03
2.633000000000000000e+03
2.648000000000000000e+03
2.663000000000000000e+03
2.669000000000000000e+03
2.671000000000000000e+03
2.676000000000000000e+03
2.685000000000000000e+03
2.699000000000000000e+03
2.730000000000000000e+03
2.736000000000000000e+03
2.790000000000000000e+03
2.815000000000000000e+03
2.839000000000000000e+03
2.840000000000000000e+03
2.845000000000000000e+03
2.858000000000000000e+03
2.866000000000000000e+03
2.868000000000000000e+03
2.872000000000000000e+03
2.874000000000000000e+03
2.947000000000000000e+03
2.959000000000000000e+03
3.013000000000000000e+03
3.016000000000000000e+03
3.017000000000000000e+03
3.033000000000000000e+03
3.051000000000000000e+03
3.078000000000000000e+03
3.094000000000000000e+03
3.103000000000000000e+03
3.116000000000000000e+03
3.121000000000000000e+03
3.128000000000000000e+03
3.130000000000000000e+03
3.131000000000000000e+03
3.133000000000000000e+03
3.149000000000000000e+03
3.168000000000000000e+03
3.172000000000000000e+03
3.204000000000000000e+03
3.207000000000000000e+03
3.232000000000000000e+03
3.239000000000000000e+03
3.285000000000000000e+03
3.307000000000000000e+03
3.335000000000000000e+03
3.375000000000000000e+03
3.383000000000000000e+03
3.403000000000000000e+03
3.431000000000000000e+03
3.436000000000000000e+03
3.501000000000000000e+03
3.528000000000000000e+03
3.530000000000000000e+03
3.551000000000000000e+03
3.567000000000000000e+03
3.583000000000000000e+03
3.604000000000000000e+03
3.626000000000000000e+03
3.667000000000000000e+03
3.694000000000000000e+03
3.699000000000000000e+03
3.762000000000000000e+03
3.776000000000000000e+03
3.805000000000000000e+03
3.820000000000000000e+03
3.833000000000000000e+03
3.841000000000000000e+03
3.857000000000000000e+03
3.869000000000000000e+03
3.874000000000000000e+03
3.879000000000000000e+03
3.892000000000000000e+03
3.893000000000000000e+03
3.915000000000000000e+03
3.926000000000000000e+03
3.984000000000000000e+03
4.010000000000000000e+03
4.025000000000000000e+03
4.033000000000000000e+03
4.049000000000000000e+03
4.082000000000000000e+03
4.098000000000000000e+03
4.117000000000000000e+03
4.144000000000000000e+03
4.155000000000000000e+03
4.207000000000000000e+03
4.239000000000000000e+03
4.243000000000000000e+03
4.246000000000000000e+03
4.247000000000000000e+03
4.254000000000000000e+03
4.262000000000000000e+03
4.270000000000000000e+03
4.281000000000000000e+03
4.294000000000000000e+03
4.315000000000000000e+03
4.357000000000000000e+03
4.360000000000000000e+03
4.363000000000000000e+03
4.380000000000000000e+03
4.402000000000000000e+03
4.421000000000000000e+03
4.424000000000000000e+03
4.436000000000000000e+03
4.451000000000000000e+03
4.460000000000000000e+03
4.466000000000000000e+03
4.512000000000000000e+03
4.545000000000000000e+03
4.600000000000000000e+03
4.617000000000000000e+03
4.636000000000000000e+03
4.645000000000000000e+03
4.653000000000000000e+03
4.666000000000000000e+03
4.676000000000000000e+03
4.680000000000000000e+03
4.688000000000000000e+03
4.696000000000000000e+03
4.713000000000000000e+03
4.716000000000000000e+03
4.718000000000000000e+03
4.719000000000000000e+03
4.725000000000000000e+03
4.771000000000000000e+03
4.807000000000000000e+03
4.815000000000000000e+03
4.821000000000000000e+03
4.827000000000000000e+03
4.828000000000000000e+03
4.847000000000000000e+03
4.859000000000000000e+03
4.862000000000000000e+03
4.880000000000000000e+03
4.893000000000000000e+03
4.912000000000000000e+03
4.925000000000000000e+03
4.932000000000000000e+03
4.953000000000000000e+03
4.963000000000000000e+03
4.969000000000000000e+03
4.976000000000000000e+03
4.977000000000000000e+03
4.980000000000000000e+03
5.007000000000000000e+03
5.021000000000000000e+03
5.046000000000000000e+03
5.054000000000000000e+03
5.103000000000000000e+03
5.104000000000000000e+03
5.109000000000000000e+03
5.169000000000000000e+03
5.174000000000000000e+03
5.175000000000000000e+03
5.192000000000000000e+03
5.194000000000000000e+03
5.198000000000000000e+03
5.203000000000000000e+03
5.204000000000000000e+03
5.227000000000000000e+03
5.243000000000000000e+03
5.266000000000000000e+03
5.271000000000000000e+03
5.276000000000000000e+03
5.312000000000000000e+03
5.420000000000000000e+03
5.426000000000000000e+03
5.428000000000000000e+03
5.433000000000000000e+03
5.438000000000000000e+03
5.476000000000000000e+03
5.485000000000000000e+03
5.492000000000000000e+03
5.504000000000000000e+03
5.512000000000000000e+03
5.518000000000000000e+03
5.541000000000000000e+03
5.566000000000000000e+03
5.568000000000000000e+03
5.571000000000000000e+03
5.573000000000000000e+03
5.584000000000000000e+03
5.601000000000000000e+03
5.603000000000000000e+03
5.604000000000000000e+03
5.613000000000000000e+03
5.631000000000000000e+03
5.632000000000000000e+03
5.633000000000000000e+03
5.642000000000000000e+03
5.665000000000000000e+03
5.713000000000000000e+03
5.825000000000000000e+03
5.830000000000000000e+03
5.841000000000000000e+03
5.856000000000000000e+03
5.861000000000000000e+03
5.886000000000000000e+03
5.894000000000000000e+03
5.895000000000000000e+03
5.897000000000000000e+03
5.902000000000000000e+03
5.906000000000000000e+03
5.914000000000000000e+03
5.931000000000000000e+03
5.935000000000000000e+03
5.940000000000000000e+03
5.941000000000000000e+03
5.963000000000000000e+03
5.980000000000000000e+03
5.992000000000000000e+03
5.997000000000000000e+03
6.024000000000000000e+03
6.036000000000000000e+03
6.044000000000000000e+03
6.086000000000000000e+03
6.106000000000000000e+03
6.112000000000000000e+03
6.131000000000000000e+03
6.143000000000000000e+03
6.153000000000000000e+03
6.156000000000000000e+03
6.168000000000000000e+03
6.171000000000000000e+03
6.173000000000000000e+03
6.174000000000000000e+03
6.184000000000000000e+03
6.235000000000000000e+03
6.244000000000000000e+03
6.310000000000000000e+03
6.322000000000000000e+03
6.336000000000000000e+03
6.337000000000000000e+03
6.343000000000000000e+03
6.346000000000000000e+03
6.359000000000000000e+03
6.377000000000000000e+03
6.384000000000000000e+03
6.411000000000000000e+03
6.413000000000000000e+03
6.421000000000000000e+03
6.475000000000000000e+03
6.476000000000000000e+03
6.481000000000000000e+03
6.484000000000000000e+03
6.500000000000000000e+03
6.519000000000000000e+03
6.533000000000000000e+03
6.552000000000000000e+03
6.553000000000000000e+03
6.565000000000000000e+03
6.575000000000000000e+03
6.576000000000000000e+03
6.639000000000000000e+03
6.684000000000000000e+03
6.691000000000000000e+03
6.708000000000000000e+03
6.737000000000000000e+03
6.741000000000000000e+03
6.763000000000000000e+03
6.804000000000000000e+03
6.813000000000000000e+03
6.816000000000000000e+03
6.821000000000000000e+03
6.836000000000000000e+03
6.847000000000000000e+03
6.858000000000000000e+03
6.928000000000000000e+03
6.934000000000000000e+03
6.953000000000000000e+03
6.973000000000000000e+03
6.977000000000000000e+03
6.995000000000000000e+03
6.997000000000000000e+03
7.003000000000000000e+03
7.059000000000000000e+03
7.070000000000000000e+03
7.098000000000000000e+03
7.120000000000000000e+03
7.140000000000000000e+03
7.151000000000000000e+03
7.152000000000000000e+03
7.186000000000000000e+03
7.187000000000000000e+03
7.200000000000000000e+03
7.216000000000000000e+03
7.217000000000000000e+03
7.226000000000000000e+03
7.256000000000000000e+03
7.301000000000000000e+03
7.323000000000000000e+03
7.325000000000000000e+03
7.376000000000000000e+03
7.379000000000000000e+03
7.386000000000000000e+03
7.391000000000000000e+03
7.394000000000000000e+03
7.400000000000000000e+03
7.404000000000000000e+03
7.407000000000000000e+03
7.419000000000000000e+03
7.423000000000000000e+03
7.443000000000000000e+03
7.452000000000000000e+03
7.472000000000000000e+03
7.475000000000000000e+03
7.500000000000000000e+03
7.507000000000000000e+03
7.512000000000000000e+03
7.531000000000000000e+03
7.547000000000000000e+03
7.564000000000000000e+03
7.580000000000000000e+03
7.589000000000000000e+03
7.602000000000000000e+03
7.616000000000000000e+03
7.633000000000000000e+03
7.645000000000000000e+03
7.669000000000000000e+03
7.675000000000000000e+03
7.711000000000000000e+03
7.731000000000000000e+03
7.737000000000000000e+03
7.744000000000000000e+03
7.789000000000000000e+03
7.795000000000000000e+03
7.817000000000000000e+03
7.882000000000000000e+03
7.906000000000000000e+03
7.954000000000000000e+03
7.957000000000000000e+03
7.976000000000000000e+03
8.008000000000000000e+03
8.052000000000000000e+03
8.060000000000000000e+03
8.061000000000000000e+03
8.082000000000000000e+03
8.105000000000000000e+03
8.107000000000000000e+03
8.123000000000000000e+03
8.125000000000000000e+03
8.160000000000000000e+03
8.161000000000000000e+03
8.186000000000000000e+03
8.191000000000000000e+03
8.219000000000000000e+03
8.243000000000000000e+03
8.246000000000000000e+03
8.257000000000000000e+03
8.263000000000000000e+03
8.268000000000000000e+03
8.289000000000000000e+03
8.303000000000000000e+03
8.305000000000000000e+03
8.311000000000000000e+03
8.314000000000000000e+03
8.330000000000000000e+03
8.337000000000000000e+03
8.353000000000000000e+03
8.371000000000000000e+03
8.381000000000000000e+03
8.398000000000000000e+03
8.401000000000000000e+03
8.402000000000000000e+03
8.408000000000000000e+03
8.469000000000000000e+03
8.478000000000000000e+03
8.490000000000000000e+03
8.542000000000000000e+03
8.550000000000000000e+03
8.621000000000000000e+03
8.635000000000000000e+03
8.636000000000000000e+03
8.660000000000000000e+03
8.664000000000000000e+03
8.688000000000000000e+03
8.702000000000000000e+03
8.728000000000000000e+03
8.729000000000000000e+03
8.753000000000000000e+03
8.754000000000000000e+03
8.759000000000000000e+03
8.817000000000000000e+03
8.822000000000000000e+03
8.823000000000000000e+03
8.824000000000000000e+03
8.834000000000000000e+03
8.842000000000000000e+03
8.846000000000000000e+03
8.890000000000000000e+03
8.891000000000000000e+03
8.896000000000000000e+03
8.911000000000000000e+03
8.917000000000000000e+03
8.928000000000000000e+03
8.956000000000000000e+03
8.961000000000000000e+03
9.012000000000000000e+03
9.024000000000000000e+03
9.068000000000000000e+03
9.081000000000000000e+03
9.090000000000000000e+03
9.114000000000000000e+03
9.117000000000000000e+03
9.124000000000000000e+03
9.137000000000000000e+03
9.139000000000000000e+03
9.140000000000000000e+03
9.142000000000000000e+03
9.145000000000000000e+03
9.149000000000000000e+03
9.173000000000000000e+03
9.181000000000000000e+03
9.189000000000000000e+03
9.202000000000000000e+03
9.205000000000000000e+03
9.207000000000000000e+03
9.225000000000000000e+03
9.226000000000000000e+03
9.260000000000000000e+03
9.271000000000000000e+03
9.283000000000000000e+03
9.289000000000000000e+03
9.340000000000000000e+03
9.352000000000000000e+03
9.366000000000000000e+03
9.392000000000000000e+03
9.418000000000000000e+03
9.419000000000000000e+03
9.430000000000000000e+03
9.465000000000000000e+03
9.494000000000000000e+03
9.495000000000000000e+03
9.500000000000000000e+03
9.516000000000000000e+03
9.518000000000000000e+03
9.535000000000000000e+03
9.548000000000000000e+03
9.553000000000000000e+03
9.567000000000000000e+03
9.568000000000000000e+03
9.581000000000000000e+03
9.585000000000000000e+03
9.594000000000000000e+03
9.609000000000000000e+03
9.610000000000000000e+03
9.617000000000000000e+03
9.641000000000000000e+03
9.643000000000000000e+03
9.644000000000000000e+03
9.679000000000000000e+03
9.693000000000000000e+03
9.697000000000000000e+03
9.698000000000000000e+03
9.710000000000000000e+03
9.735000000000000000e+03
9.741000000000000000e+03
9.750000000000000000e+03
9.780000000000000000e+03
9.787000000000000000e+03
9.841000000000000000e+03
9.856000000000000000e+03
9.863000000000000000e+03
9.890000000000000000e+03
9.903000000000000000e+03
9.921000000000000000e+03
9.931000000000000000e+03
9.937000000000000000e+03
9.938000000000000000e+03
9.957000000000000000e+03
9.962000000000000000e+03
9.971000000000000000e+03
9.993000000000000000e+03
9.995000000000000000e+03
9.999000000000000000e+03
1.001400000000000000e+04
1.004300000000000000e+04
1.005400000000000000e+04
1.005600000000000000e+04
1.008700000000000000e+04
1.008800000000000000e+04
1.011700000000000000e+04
1.017600000000000000e+04
1.020000000000000000e+04
1.027400000000000000e+04
1.027800000000000000e+04
1.031400000000000000e+04
1.031700000000000000e+04
1.032100000000000000e+04
1.032600000000000000e+04
1.033400000000000000e+04
1.034300000000000000e+04
1.034900000000000000e+04
1.037400000000000000e+04
1.039400000000000000e+04
1.039500000000000000e+04
1.039800000000000000e+04
1.039900000000000000e+04
1.040200000000000000e+04
1.041000000000000000e+04
1.043100000000000000e+04
1.044100000000000000e+04
1.044500000000000000e+04
1.048800000000000000e+04
1.049600000000000000e+04
1.051200000000000000e+04
1.051800000000000000e+04
1.056100000000000000e+04
1.056900000000000000e+04
1.058400000000000000e+04
1.059600000000000000e+04
1.062000000000000000e+04
1.065000000000000000e+04
1.065800000000000000e+04
1.066600000000000000e+04
1.069100000000000000e+04
1.069200000000000000e+04
1.071100000000000000e+04
1.072600000000000000e+04
1.072900000000000000e+04
1.074900000000000000e+04
1.076200000000000000e+04
1.078500000000000000e+04
1.079600000000000000e+04
1.082000000000000000e+04
1.087700000000000000e+04
1.088300000000000000e+04
1.088400000000000000e+04
1.088600000000000000e+04
1.092300000000000000e+04
1.093200000000000000e+04
1.093300000000000000e+04
1.096200000000000000e+04
1.097100000000000000e+04
1.098400000000000000e+04
1.099200000000000000e+04
1.102000000000000000e+04
1.102500000000000000e+04
1.102600000000000000e+04
1.106800000000000000e+04
1.110400000000000000e+04
1.110500000000000000e+04
1.112100000000000000e+04
1.114500000000000000e+04
1.115500000000000000e+04
1.116200000000000000e+04
1.116700000000000000e+04
1.119800000000000000e+04
1.122700000000000000e+04
1.125400000000000000e+04
1.127600000000000000e+04
1.128100000000000000e+04
1.128900000000000000e+04
1.130100000000000000e+04
1.132200000000000000e+04
1.136100000000000000e+04
1.139900000000000000e+04
1.140300000000000000e+04
1.140900000000000000e+04
1.144300000000000000e+04
1.145400000000000000e+04
1.146100000000000000e+04
1.147800000000000000e+04
1.147900000000000000e+04
1.149900000000000000e+04
1.150900000000000000e+04
1.151600000000000000e+04
1.152100000000000000e+04
1.153600000000000000e+04
1.155100000000000000e+04
1.155500000000000000e+04
1.155700000000000000e+04
1.157300000000000000e+04
1.158900000000000000e+04
1.160300000000000000e+04
1.161400000000000000e+04
1.161700000000000000e+04
1.163000000000000000e+04
1.163400000000000000e+04
1.163500000000000000e+04
1.164000000000000000e+04
1.167300000000000000e+04
1.168900000000000000e+04
1.171600000000000000e+04
1.171700000000000000e+04
1.174400000000000000e+04
1.175500000000000000e+04
1.176600000000000000e+04
1.179700000000000000e+04
1.179800000000000000e+04
1.180200000000000000e+04
1.180900000000000000e+04
1.181800000000000000e+04
1.184300000000000000e+04
1.186700000000000000e+04
1.186900000000000000e+04
1.187500000000000000e+04
1.189700000000000000e+04
1.190100000000000000e+04
1.191300000000000000e+04
1.194300000000000000e+04
1.196000000000000000e+04
1.196200000000000000e+04
1.197500000000000000e+04
1.197700000000000000e+04
1.198300000000000000e+04
1.199500000000000000e+04
1.200300000000000000e+04
1.201200000000000000e+04
1.201500000000000000e+04
1.203100000000000000e+04
1.203300000000000000e+04
1.205500000000000000e+04
1.206100000000000000e+04
1.206400000000000000e+04
1.208300000000000000e+04
1.211100000000000000e+04
1.211400000000000000e+04
1.212500000000000000e+04
1.213800000000000000e+04
1.216200000000000000e+04
1.216900000000000000e+04
1.217100000000000000e+04
1.217200000000000000e+04
1.217800000000000000e+04
1.217900000000000000e+04
1.218000000000000000e+04
1.218100000000000000e+04
1.223300000000000000e+04
1.223800000000000000e+04
1.226700000000000000e+04
1.228200000000000000e+04
1.229500000000000000e+04
1.230600000000000000e+04
1.232600000000000000e+04
1.233800000000000000e+04
1.235000000000000000e+04
1.238500000000000000e+04
1.239200000000000000e+04
1.240200000000000000e+04
1.240800000000000000e+04
1.240900000000000000e+04
1.241000000000000000e+04
1.242500000000000000e+04
1.243800000000000000e+04
1.245500000000000000e+04
1.246200000000000000e+04
1.246300000000000000e+04
1.247200000000000000e+04
1.250700000000000000e+04
1.251200000000000000e+04
1.251600000000000000e+04
1.251800000000000000e+04
1.256400000000000000e+04
1.259200000000000000e+04
1.259700000000000000e+04
1.261100000000000000e+04
1.267500000000000000e+04
1.268500000000000000e+04
1.269900000000000000e+04
1.270500000000000000e+04
1.271000000000000000e+04
1.271100000000000000e+04
1.272000000000000000e+04
1.272600000000000000e+04
1.274000000000000000e+04
1.274800000000000000e+04
1.275500000000000000e+04
1.275900000000000000e+04
1.277600000000000000e+04
1.277800000000000000e+04
1.277900000000000000e+04
1.281100000000000000e+04
1.282100000000000000e+04
1.282200000000000000e+04
1.282300000000000000e+04
1.282400000000000000e+04
1.284500000000000000e+04
1.286400000000000000e+04
1.287700000000000000e+04
1.287800000000000000e+04
1.288800000000000000e+04
1.289500000000000000e+04
1.291200000000000000e+04
1.291800000000000000e+04
1.293700000000000000e+04
1.294200000000000000e+04
1.296300000000000000e+04
1.297700000000000000e+04
1.301900000000000000e+04
1.302300000000000000e+04
1.304200000000000000e+04
1.307300000000000000e+04
1.307800000000000000e+04
1.309800000000000000e+04
1.310500000000000000e+04
1.310700000000000000e+04
1.313500000000000000e+04
1.317200000000000000e+04
1.318400000000000000e+04
1.318600000000000000e+04
1.319200000000000000e+04
1.320500000000000000e+04
1.323200000000000000e+04
1.323300000000000000e+04
1.324100000000000000e+04
1.324800000000000000e+04
1.325700000000000000e+04
1.328100000000000000e+04
1.329200000000000000e+04
1.330500000000000000e+04
1.330800000000000000e+04
1.331800000000000000e+04
1.336800000000000000e+04
1.337100000000000000e+04
1.338000000000000000e+04
1.339900000000000000e+04
1.340200000000000000e+04
1.340700000000000000e+04
1.345800000000000000e+04
1.347400000000000000e+04
1.348300000000000000e+04
1.352600000000000000e+04
1.354100000000000000e+04
1.355100000000000000e+04
1.356900000000000000e+04
1.358800000000000000e+04
1.359500000000000000e+04
1.362100000000000000e+04
1.364700000000000000e+04
1.365300000000000000e+04
1.366000000000000000e+04
1.366500000000000000e+04
1.366600000000000000e+04
1.367100000000000000e+04
1.368800000000000000e+04
1.369100000000000000e+04
1.370800000000000000e+04
1.371300000000000000e+04
1.374500000000000000e+04
1.374600000000000000e+04
1.375900000000000000e+04
1.376600000000000000e+04
1.377200000000000000e+04
1.378000000000000000e+04
1.378300000000000000e+04
1.378900000000000000e+04
1.380600000000000000e+04
1.380700000000000000e+04
1.384000000000000000e+04
1.384700000000000000e+04
1.384800000000000000e+04
1.385700000000000000e+04
1.385800000000000000e+04
1.388200000000000000e+04
1.389700000000000000e+04
1.390700000000000000e+04
1.390800000000000000e+04
1.391100000000000000e+04
1.391300000000000000e+04
1.396400000000000000e+04
1.398900000000000000e+04
1.400400000000000000e+04
1.400600000000000000e+04
1.402100000000000000e+04
1.403500000000000000e+04
1.406700000000000000e+04
1.407700000000000000e+04
1.411300000000000000e+04
1.417000000000000000e+04
1.417200000000000000e+04
1.422400000000000000e+04
1.423300000000000000e+04
1.423400000000000000e+04
1.423600000000000000e+04
1.424300000000000000e+04
1.424900000000000000e+04
1.426900000000000000e+04
1.427500000000000000e+04
1.431800000000000000e+04
1.433000000000000000e+04
1.434800000000000000e+04
1.436800000000000000e+04
1.442300000000000000e+04
1.448800000000000000e+04
1.449500000000000000e+04
1.449600000000000000e+04
1.450900000000000000e+04
1.452600000000000000e+04
1.453600000000000000e+04
1.455400000000000000e+04
1.457000000000000000e+04
1.457200000000000000e+04
1.457800000000000000e+04
1.460300000000000000e+04
1.462100000000000000e+04
1.462400000000000000e+04
1.462700000000000000e+04
1.465000000000000000e+04
1.465200000000000000e+04
1.467000000000000000e+04
1.469400000000000000e+04
1.469700000000000000e+04
1.472400000000000000e+04
1.477900000000000000e+04
1.478600000000000000e+04
1.479400000000000000e+04
1.480600000000000000e+04
1.481800000000000000e+04
1.483000000000000000e+04
1.483500000000000000e+04
1.484100000000000000e+04
1.488000000000000000e+04
1.489500000000000000e+04
1.490000000000000000e+04
1.491000000000000000e+04
1.492700000000000000e+04
1.494400000000000000e+04
1.495100000000000000e+04
1.497300000000000000e+04
1.497500000000000000e+04
1.502800000000000000e+04
1.503800000000000000e+04
1.509600000000000000e+04
1.509700000000000000e+04
1.512200000000000000e+04
1.513100000000000000e+04
1.513800000000000000e+04
1.514000000000000000e+04
1.514100000000000000e+04
1.515300000000000000e+04
1.515600000000000000e+04
1.524600000000000000e+04
1.524900000000000000e+04
1.525600000000000000e+04
1.526100000000000000e+04
1.526200000000000000e+04
1.526300000000000000e+04
1.526800000000000000e+04
1.527400000000000000e+04
1.529800000000000000e+04
1.530500000000000000e+04
1.532400000000000000e+04
1.533100000000000000e+04
1.535800000000000000e+04
1.537100000000000000e+04
1.537600000000000000e+04
1.546100000000000000e+04
1.547400000000000000e+04
1.547500000000000000e+04
1.547700000000000000e+04
1.549200000000000000e+04
1.549500000000000000e+04
1.549800000000000000e+04
1.550500000000000000e+04
1.550800000000000000e+04
1.551300000000000000e+04
1.552000000000000000e+04
1.554500000000000000e+04
1.555900000000000000e+04
1.558600000000000000e+04
1.559800000000000000e+04
1.560900000000000000e+04
1.564700000000000000e+04
1.564800000000000000e+04
1.565300000000000000e+04
1.565800000000000000e+04
1.568000000000000000e+04
1.568900000000000000e+04
1.573000000000000000e+04
1.577100000000000000e+04
1.577200000000000000e+04
1.577400000000000000e+04
1.581700000000000000e+04
1.582400000000000000e+04
1.583500000000000000e+04
1.584600000000000000e+04
1.584800000000000000e+04
1.586600000000000000e+04
1.589500000000000000e+04
1.590300000000000000e+04
1.592600000000000000e+04
1.594000000000000000e+04
1.594100000000000000e+04
1.594700000000000000e+04
1.596200000000000000e+04
1.604100000000000000e+04
1.604400000000000000e+04
1.605200000000000000e+04
1.607100000000000000e+04
1.607800000000000000e+04
1.612200000000000000e+04
1.615700000000000000e+04
1.615800000000000000e+04
1.618100000000000000e+04
1.633600000000000000e+04
1.635100000000000000e+04
1.635500000000000000e+04
1.637200000000000000e+04
1.638900000000000000e+04
1.641800000000000000e+04
1.641900000000000000e+04
1.643800000000000000e+04
1.647000000000000000e+04
1.647800000000000000e+04
1.648100000000000000e+04
1.648500000000000000e+04
1.650700000000000000e+04
1.651700000000000000e+04
1.651900000000000000e+04
1.654200000000000000e+04
1.654300000000000000e+04
1.654400000000000000e+04
1.654500000000000000e+04
1.654600000000000000e+04
1.655100000000000000e+04
1.657600000000000000e+04
1.658300000000000000e+04
1.659400000000000000e+04
1.661300000000000000e+04
1.662000000000000000e+04
1.662800000000000000e+04
1.664000000000000000e+04
1.664500000000000000e+04
1.667000000000000000e+04
1.667300000000000000e+04
1.668700000000000000e+04
1.669700000000000000e+04
1.670300000000000000e+04
1.670600000000000000e+04
1.670800000000000000e+04
1.670900000000000000e+04
1.671600000000000000e+04
1.671700000000000000e+04
1.673900000000000000e+04
1.676000000000000000e+04
1.679400000000000000e+04
1.680300000000000000e+04
1.681100000000000000e+04
1.682300000000000000e+04
1.683300000000000000e+04
1.684800000000000000e+04
1.688700000000000000e+04
1.689100000000000000e+04
1.690900000000000000e+04
1.694500000000000000e+04
1.699700000000000000e+04
1.699900000000000000e+04
1.700800000000000000e+04
1.700900000000000000e+04
1.701200000000000000e+04
1.701900000000000000e+04
1.702500000000000000e+04
1.702600000000000000e+04
1.706000000000000000e+04
1.706200000000000000e+04
1.707200000000000000e+04
1.708100000000000000e+04
1.708500000000000000e+04
1.710100000000000000e+04
1.711600000000000000e+04
1.714300000000000000e+04
1.714500000000000000e+04
1.715000000000000000e+04
1.715100000000000000e+04
1.716500000000000000e+04
1.722800000000000000e+04
1.722900000000000000e+04
1.727400000000000000e+04
1.728600000000000000e+04
1.730100000000000000e+04
1.730400000000000000e+04
1.732000000000000000e+04
1.737400000000000000e+04
1.741000000000000000e+04
1.741800000000000000e+04
1.744300000000000000e+04
1.747600000000000000e+04
1.748400000000000000e+04
1.749900000000000000e+04
1.751000000000000000e+04
1.755900000000000000e+04
1.757000000000000000e+04
1.757100000000000000e+04
1.764100000000000000e+04
1.766100000000000000e+04
1.768700000000000000e+04
1.770400000000000000e+04
1.771500000000000000e+04
1.773600000000000000e+04
1.775100000000000000e+04
1.778900000000000000e+04
1.779200000000000000e+04
1.784600000000000000e+04
1.787200000000000000e+04
1.788900000000000000e+04
1.789100000000000000e+04
1.789200000000000000e+04
1.795900000000000000e+04
1.796200000000000000e+04
1.797200000000000000e+04
1.798200000000000000e+04
1.799900000000000000e+04
1.800800000000000000e+04
1.801600000000000000e+04
1.804600000000000000e+04
1.805100000000000000e+04
1.806700000000000000e+04
1.807000000000000000e+04
1.808000000000000000e+04
1.809200000000000000e+04
1.809300000000000000e+04
1.809500000000000000e+04
1.811200000000000000e+04
1.814500000000000000e+04
1.814900000000000000e+04
1.815300000000000000e+04
1.823600000000000000e+04
1.827700000000000000e+04
1.828800000000000000e+04
1.829900000000000000e+04
1.831800000000000000e+04
1.832200000000000000e+04
1.832400000000000000e+04
1.835400000000000000e+04
1.836400000000000000e+04
1.838800000000000000e+04
1.840300000000000000e+04
1.842700000000000000e+04
1.843300000000000000e+04
1.848800000000000000e+04
1.854500000000000000e+04
1.855600000000000000e+04
1.856300000000000000e+04
1.856700000000000000e+04
1.857000000000000000e+04
1.858700000000000000e+04
1.860600000000000000e+04
1.861000000000000000e+04
1.861100000000000000e+04
1.862500000000000000e+04
1.864800000000000000e+04
1.867800000000000000e+04
1.868400000000000000e+04
1.868800000000000000e+04
1.869000000000000000e+04
1.870200000000000000e+04
1.871500000000000000e+04
1.873300000000000000e+04
1.873900000000000000e+04
1.875900000000000000e+04
1.876300000000000000e+04
1.878600000000000000e+04
1.878700000000000000e+04
1.879200000000000000e+04
1.879800000000000000e+04
1.879900000000000000e+04
1.880700000000000000e+04
1.880900000000000000e+04
1.881500000000000000e+04
1.882400000000000000e+04
1.886700000000000000e+04
1.887700000000000000e+04
1.887800000000000000e+04
1.889700000000000000e+04
1.889800000000000000e+04
1.890700000000000000e+04
1.891600000000000000e+04
1.892600000000000000e+04
1.893100000000000000e+04
1.893200000000000000e+04
1.894000000000000000e+04
1.894400000000000000e+04
1.896000000000000000e+04
1.897300000000000000e+04
1.897400000000000000e+04
1.897700000000000000e+04
1.906100000000000000e+04
1.907100000000000000e+04
1.911100000000000000e+04
1.912100000000000000e+04
1.913500000000000000e+04
1.914100000000000000e+04
1.914700000000000000e+04
1.915100000000000000e+04
1.916300000000000000e+04
1.916500000000000000e+04
1.918600000000000000e+04
1.919700000000000000e+04
1.922400000000000000e+04
1.922900000000000000e+04
1.923600000000000000e+04
1.924000000000000000e+04
1.924300000000000000e+04
1.924400000000000000e+04
1.925700000000000000e+04
1.926200000000000000e+04
1.926800000000000000e+04
1.926900000000000000e+04
1.927000000000000000e+04
1.928800000000000000e+04
1.929400000000000000e+04
1.930200000000000000e+04
1.931300000000000000e+04
1.932100000000000000e+04
1.932900000000000000e+04
1.941800000000000000e+04
1.942900000000000000e+04
1.948500000000000000e+04
1.949400000000000000e+04
1.951200000000000000e+04
1.954600000000000000e+04
1.955200000000000000e+04
1.956500000000000000e+04
1.957700000000000000e+04
1.959100000000000000e+04
1.959700000000000000e+04
1.960000000000000000e+04
1.961000000000000000e+04
1.961300000000000000e+04
1.964100000000000000e+04
1.965100000000000000e+04
1.965700000000000000e+04
1.966700000000000000e+04
1.967300000000000000e+04
1.970200000000000000e+04
