2.000000000000000000e+00
4.700000000000000000e+01
5.600000000000000000e+01
5.700000000000000000e+01
5.900000000000000000e+01
7.000000000000000000e+01
7.800000000000000000e+01
9.000000000000000000e+01
9.400000000000000000e+01
1.010000000000000000e+02
1.340000000000000000e+02
1.420000000000000000e+02
1.510000000000000000e+02
1.530000000000000000e+02
1.540000000000000000e+02
1.550000000000000000e+02
1.770000000000000000e+02
1.970000000000000000e+02
2.060000000000000000e+02
2.070000000000000000e+02
2.380000000000000000e+02
2.400000000000000000e+02
2.620000000000000000e+02
2.790000000000000000e+02
2.960000000000000000e+02
3.080000000000000000e+02
3.230000000000000000e+02
3.340000000000000000e+02
3.580000000000000000e+02
3.690000000000000000e+02
3.940000000000000000e+02
4.330000000000000000e+02
4.360000000000000000e+02
4.700000000000000000e+02
4.730000000000000000e+02
4.840000000000000000e+02
4.870000000000000000e+02
4.970000000000000000e+02
5.070000000000000000e+02
5.090000000000000000e+02
5.270000000000000000e+02
5.290000000000000000e+02
5.310000000000000000e+02
5.570000000000000000e+02
5.590000000000000000e+02
5.690000000000000000e+02
5.870000000000000000e+02
5.980000000000000000e+02
6.040000000000000000e+02
6.150000000000000000e+02
6.190000000000000000e+02
6.200000000000000000e+02
6.330000000000000000e+02
6.340000000000000000e+02
6.500000000000000000e+02
6.610000000000000000e+02
6.660000000000000000e+02
7.140000000000000000e+02
7.200000000000000000e+02
7.300000000000000000e+02
7.420000000000000000e+02
7.820000000000000000e+02
8.060000000000000000e+02
8.180000000000000000e+02
8.200000000000000000e+02
9.120000000000000000e+02
9.270000000000000000e+02
9.400000000000000000e+02
9.570000000000000000e+02
9.660000000000000000e+02
9.820000000000000000e+02
1.004000000000000000e+03
1.009000000000000000e+03
1.010000000000000000e+03
1.020000000000000000e+03
1.022000000000000000e+03
1.036000000000000000e+03
1.042000000000000000e+03
1.083000000000000000e+03
1.101000000000000000e+03
1.105000000000000000e+03
1.140000000000000000e+03
1.147000000000000000e+03
1.152000000000000000e+03
1.177000000000000000e+03
1.183000000000000000e+03
1.188000000000000000e+03
1.201000000000000000e+03
1.259000000000000000e+03
1.311000000000000000e+03
1.315000000000000000e+03
1.317000000000000000e+03
1.325000000000000000e+03
1.333000000000000000e+03
1.340000000000000000e+03
1.341000000000000000e+03
1.344000000000000000e+03
1.364000000000000000e+03
1.419000000000000000e+03
1.422000000000000000e+03
1.430000000000000000e+03
1.435000000000000000e+03
1.449000000000000000e+03
1.486000000000000000e+03
1.505000000000000000e+03
1.532000000000000000e+03
1.550000000000000000e+03
1.579000000000000000e+03
1.580000000000000000e+03
1.611000000000000000e+03
1.612000000000000000e+03
1.614000000000000000e+03
1.637000000000000000e+03
1.669000000000000000e+03
1.671000000000000000e+03
1.679000000000000000e+03
1.698000000000000000e+03
1.711000000000000000e+03
1.731000000000000000e+03
1.741000000000000000e+03
1.752000000000000000e+03
1.757000000000000000e+03
1.758000000000000000e+03
1.773000000000000000e+03
1.779000000000000000e+03
1.790000000000000000e+03
1.802000000000000000e+03
1.811000000000000000e+03
1.813000000000000000e+03
1.821000000000000000e+03
1.827000000000000000e+03
1.830000000000000000e+03
1.838000000000000000e+03
1.855000000000000000e+03
1.872000000000000000e+03
1.878000000000000000e+03
1.931000000000000000e+03
1.971000000000000000e+03
1.980000000000000000e+03
2.000000000000000000e+03
2.014000000000000000e+03
2.047000000000000000e+03
2.059000000000000000e+03
2.075000000000000000e+03
2.077000000000000000e+03
2.096000000000000000e+03
2.099000000000000000e+03
2.138000000000000000e+03
2.150000000000000000e+03
2.155000000000000000e+03
2.161000000000000000e+03
2.177000000000000000e+03
2.182000000000000000e+03
2.183000000000000000e+03
2.202000000000000000e+03
2.214000000000000000e+03
2.236000000000000000e+03
2.239000000000000000e+03
2.243000000000000000e+03
2.284000000000000000e+03
2.288000000000000000e+03
2.302000000000000000e+03
2.305000000000000000e+03
2.338000000000000000e+03
2.359000000000000000e+03
2.364000000000000000e+03
2.381000000000000000e+03
2.390000000000000000e+03
2.421000000000000000e+03
2.422000000000000000e+03
2.454000000000000000e+03
2.477000000000000000e+03
2.482000000000000000e+03
2.495000000000000000e+03
2.505000000000000000e+03
2.509000000000000000e+03
2.514000000000000000e+03
2.516000000000000000e+03
2.531000000000000000e+03
2.543000000000000000e+03
2.550000000000000000e+03
2.567000000000000000e+03
2.583000000000000000e+03
2.666000000000000000e+03
2.680000000000000000e+03
2.687000000000000000e+03
2.742000000000000000e+03
2.750000000000000000e+03
2.759000000000000000e+03
2.763000000000000000e+03
2.776000000000000000e+03
2.784000000000000000e+03
2.787000000000000000e+03
2.806000000000000000e+03
2.813000000000000000e+03
2.846000000000000000e+03
2.856000000000000000e+03
2.862000000000000000e+03
2.886000000000000000e+03
2.887000000000000000e+03
2.897000000000000000e+03
2.899000000000000000e+03
2.917000000000000000e+03
2.938000000000000000e+03
2.952000000000000000e+03
2.961000000000000000e+03
2.963000000000000000e+03
2.968000000000000000e+03
2.978000000000000000e+03
3.011000000000000000e+03
3.021000000000000000e+03
3.022000000000000000e+03
3.026000000000000000e+03
3.039000000000000000e+03
3.046000000000000000e+03
3.059000000000000000e+03
3.085000000000000000e+03
3.088000000000000000e+03
3.090000000000000000e+03
3.102000000000000000e+03
3.106000000000000000e+03
3.112000000000000000e+03
3.122000000000000000e+03
3.134000000000000000e+03
3.140000000000000000e+03
3.147000000000000000e+03
3.162000000000000000e+03
3.164000000000000000e+03
3.227000000000000000e+03
3.253000000000000000e+03
3.257000000000000000e+03
3.266000000000000000e+03
3.283000000000000000e+03
3.302000000000000000e+03
3.306000000000000000e+03
3.309000000000000000e+03
3.327000000000000000e+03
3.339000000000000000e+03
3.340000000000000000e+03
3.351000000000000000e+03
3.357000000000000000e+03
3.385000000000000000e+03
3.411000000000000000e+03
3.426000000000000000e+03
3.427000000000000000e+03
3.438000000000000000e+03
3.445000000000000000e+03
3.454000000000000000e+03
3.458000000000000000e+03
3.473000000000000000e+03
3.474000000000000000e+03
3.486000000000000000e+03
3.506000000000000000e+03
3.517000000000000000e+03
3.533000000000000000e+03
3.537000000000000000e+03
3.557000000000000000e+03
3.558000000000000000e+03
3.628000000000000000e+03
3.634000000000000000e+03
3.651000000000000000e+03
3.657000000000000000e+03
3.669000000000000000e+03
3.714000000000000000e+03
3.720000000000000000e+03
3.724000000000000000e+03
3.745000000000000000e+03
3.756000000000000000e+03
3.774000000000000000e+03
3.784000000000000000e+03
3.786000000000000000e+03
3.791000000000000000e+03
3.794000000000000000e+03
3.795000000000000000e+03
3.825000000000000000e+03
3.826000000000000000e+03
3.835000000000000000e+03
3.838000000000000000e+03
3.860000000000000000e+03
3.886000000000000000e+03
3.911000000000000000e+03
3.925000000000000000e+03
3.936000000000000000e+03
3.937000000000000000e+03
3.942000000000000000e+03
3.945000000000000000e+03
3.957000000000000000e+03
3.980000000000000000e+03
3.982000000000000000e+03
3.986000000000000000e+03
4.003000000000000000e+03
4.007000000000000000e+03
4.016000000000000000e+03
4.023000000000000000e+03
4.042000000000000000e+03
4.063000000000000000e+03
4.080000000000000000e+03
4.110000000000000000e+03
4.120000000000000000e+03
4.124000000000000000e+03
4.126000000000000000e+03
4.128000000000000000e+03
4.129000000000000000e+03
4.137000000000000000e+03
4.147000000000000000e+03
4.154000000000000000e+03
4.160000000000000000e+03
4.170000000000000000e+03
4.180000000000000000e+03
4.211000000000000000e+03
4.214000000000000000e+03
4.218000000000000000e+03
4.232000000000000000e+03
4.234000000000000000e+03
4.291000000000000000e+03
4.310000000000000000e+03
4.361000000000000000e+03
4.372000000000000000e+03
4.389000000000000000e+03
4.404000000000000000e+03
4.465000000000000000e+03
4.471000000000000000e+03
4.472000000000000000e+03
4.478000000000000000e+03
4.491000000000000000e+03
4.496000000000000000e+03
4.511000000000000000e+03
4.525000000000000000e+03
4.529000000000000000e+03
4.535000000000000000e+03
4.540000000000000000e+03
4.557000000000000000e+03
4.657000000000000000e+03
4.663000000000000000e+03
4.670000000000000000e+03
4.682000000000000000e+03
4.693000000000000000e+03
4.726000000000000000e+03
4.731000000000000000e+03
4.734000000000000000e+03
4.748000000000000000e+03
4.749000000000000000e+03
4.757000000000000000e+03
4.773000000000000000e+03
4.794000000000000000e+03
4.810000000000000000e+03
4.813000000000000000e+03
4.822000000000000000e+03
4.831000000000000000e+03
4.840000000000000000e+03
4.846000000000000000e+03
4.885000000000000000e+03
4.923000000000000000e+03
4.929000000000000000e+03
4.934000000000000000e+03
4.935000000000000000e+03
4.938000000000000000e+03
4.944000000000000000e+03
4.965000000000000000e+03
4.968000000000000000e+03
4.996000000000000000e+03
5.009000000000000000e+03
5.010000000000000000e+03
5.014000000000000000e+03
5.023000000000000000e+03
5.035000000000000000e+03
5.050000000000000000e+03
5.116000000000000000e+03
5.119000000000000000e+03
5.144000000000000000e+03
5.148000000000000000e+03
5.152000000000000000e+03
5.155000000000000000e+03
5.184000000000000000e+03
5.189000000000000000e+03
5.190000000000000000e+03
5.211000000000000000e+03
5.233000000000000000e+03
5.238000000000000000e+03
5.247000000000000000e+03
5.252000000000000000e+03
5.261000000000000000e+03
5.267000000000000000e+03
5.268000000000000000e+03
5.289000000000000000e+03
5.310000000000000000e+03
5.323000000000000000e+03
5.330000000000000000e+03
5.334000000000000000e+03
5.360000000000000000e+03
5.374000000000000000e+03
5.382000000000000000e+03
5.387000000000000000e+03
5.400000000000000000e+03
5.410000000000000000e+03
5.419000000000000000e+03
5.436000000000000000e+03
5.444000000000000000e+03
5.445000000000000000e+03
5.470000000000000000e+03
5.491000000000000000e+03
5.495000000000000000e+03
5.513000000000000000e+03
5.521000000000000000e+03
5.523000000000000000e+03
5.533000000000000000e+03
5.540000000000000000e+03
5.562000000000000000e+03
5.564000000000000000e+03
5.583000000000000000e+03
5.630000000000000000e+03
5.651000000000000000e+03
5.663000000000000000e+03
5.668000000000000000e+03
5.688000000000000000e+03
5.692000000000000000e+03
5.696000000000000000e+03
5.706000000000000000e+03
5.716000000000000000e+03
5.723000000000000000e+03
5.735000000000000000e+03
5.737000000000000000e+03
5.740000000000000000e+03
5.747000000000000000e+03
5.783000000000000000e+03
5.807000000000000000e+03
5.860000000000000000e+03
5.866000000000000000e+03
5.887000000000000000e+03
5.889000000000000000e+03
5.901000000000000000e+03
5.925000000000000000e+03
5.938000000000000000e+03
6.033000000000000000e+03
6.035000000000000000e+03
6.051000000000000000e+03
6.065000000000000000e+03
6.070000000000000000e+03
6.085000000000000000e+03
6.125000000000000000e+03
6.128000000000000000e+03
6.148000000000000000e+03
6.151000000000000000e+03
6.166000000000000000e+03
6.204000000000000000e+03
6.207000000000000000e+03
6.245000000000000000e+03
6.280000000000000000e+03
6.285000000000000000e+03
6.295000000000000000e+03
6.297000000000000000e+03
6.317000000000000000e+03
6.319000000000000000e+03
6.326000000000000000e+03
6.330000000000000000e+03
6.344000000000000000e+03
6.349000000000000000e+03
6.362000000000000000e+03
6.394000000000000000e+03
6.449000000000000000e+03
6.502000000000000000e+03
6.522000000000000000e+03
6.534000000000000000e+03
6.559000000000000000e+03
6.570000000000000000e+03
6.588000000000000000e+03
6.605000000000000000e+03
6.613000000000000000e+03
6.630000000000000000e+03
6.636000000000000000e+03
6.653000000000000000e+03
6.661000000000000000e+03
6.687000000000000000e+03
6.706000000000000000e+03
6.718000000000000000e+03
6.719000000000000000e+03
6.722000000000000000e+03
6.734000000000000000e+03
6.768000000000000000e+03
6.770000000000000000e+03
6.776000000000000000e+03
6.780000000000000000e+03
6.782000000000000000e+03
6.783000000000000000e+03
6.785000000000000000e+03
6.788000000000000000e+03
6.826000000000000000e+03
6.833000000000000000e+03
6.842000000000000000e+03
6.864000000000000000e+03
6.906000000000000000e+03
6.915000000000000000e+03
6.921000000000000000e+03
6.929000000000000000e+03
6.949000000000000000e+03
6.952000000000000000e+03
6.961000000000000000e+03
6.970000000000000000e+03
7.002000000000000000e+03
7.005000000000000000e+03
7.019000000000000000e+03
7.028000000000000000e+03
7.034000000000000000e+03
7.035000000000000000e+03
7.056000000000000000e+03
7.057000000000000000e+03
7.085000000000000000e+03
7.086000000000000000e+03
7.110000000000000000e+03
7.131000000000000000e+03
7.153000000000000000e+03
7.181000000000000000e+03
7.214000000000000000e+03
7.220000000000000000e+03
7.224000000000000000e+03
7.236000000000000000e+03
7.249000000000000000e+03
7.258000000000000000e+03
7.269000000000000000e+03
7.286000000000000000e+03
7.295000000000000000e+03
7.297000000000000000e+03
7.303000000000000000e+03
7.333000000000000000e+03
7.345000000000000000e+03
7.374000000000000000e+03
7.397000000000000000e+03
7.401000000000000000e+03
7.428000000000000000e+03
7.433000000000000000e+03
7.441000000000000000e+03
7.457000000000000000e+03
7.497000000000000000e+03
7.501000000000000000e+03
7.539000000000000000e+03
7.549000000000000000e+03
7.551000000000000000e+03
7.553000000000000000e+03
7.557000000000000000e+03
7.587000000000000000e+03
7.592000000000000000e+03
7.595000000000000000e+03
7.597000000000000000e+03
7.610000000000000000e+03
7.661000000000000000e+03
7.670000000000000000e+03
7.700000000000000000e+03
7.759000000000000000e+03
7.792000000000000000e+03
7.808000000000000000e+03
7.820000000000000000e+03
7.861000000000000000e+03
7.872000000000000000e+03
7.879000000000000000e+03
7.883000000000000000e+03
7.890000000000000000e+03
7.891000000000000000e+03
7.898000000000000000e+03
7.905000000000000000e+03
7.910000000000000000e+03
7.911000000000000000e+03
7.930000000000000000e+03
7.932000000000000000e+03
7.947000000000000000e+03
7.953000000000000000e+03
7.960000000000000000e+03
7.979000000000000000e+03
7.992000000000000000e+03
8.002000000000000000e+03
8.007000000000000000e+03
8.019000000000000000e+03
8.029000000000000000e+03
8.031000000000000000e+03
8.037000000000000000e+03
8.047000000000000000e+03
8.062000000000000000e+03
8.065000000000000000e+03
8.074000000000000000e+03
8.075000000000000000e+03
8.081000000000000000e+03
8.092000000000000000e+03
8.094000000000000000e+03
8.100000000000000000e+03
8.101000000000000000e+03
8.103000000000000000e+03
8.108000000000000000e+03
8.137000000000000000e+03
8.138000000000000000e+03
8.143000000000000000e+03
8.157000000000000000e+03
8.158000000000000000e+03
8.187000000000000000e+03
8.188000000000000000e+03
8.195000000000000000e+03
8.231000000000000000e+03
8.241000000000000000e+03
8.262000000000000000e+03
8.269000000000000000e+03
8.270000000000000000e+03
8.298000000000000000e+03
8.346000000000000000e+03
8.357000000000000000e+03
8.363000000000000000e+03
8.365000000000000000e+03
8.378000000000000000e+03
8.421000000000000000e+03
8.428000000000000000e+03
8.438000000000000000e+03
8.442000000000000000e+03
8.460000000000000000e+03
8.461000000000000000e+03
8.477000000000000000e+03
8.505000000000000000e+03
8.507000000000000000e+03
8.510000000000000000e+03
8.511000000000000000e+03
8.516000000000000000e+03
8.532000000000000000e+03
8.541000000000000000e+03
8.576000000000000000e+03
8.599000000000000000e+03
8.610000000000000000e+03
8.628000000000000000e+03
8.632000000000000000e+03
8.640000000000000000e+03
8.682000000000000000e+03
8.696000000000000000e+03
8.704000000000000000e+03
8.707000000000000000e+03
8.718000000000000000e+03
8.735000000000000000e+03
8.738000000000000000e+03
8.748000000000000000e+03
8.751000000000000000e+03
8.760000000000000000e+03
8.763000000000000000e+03
8.766000000000000000e+03
8.780000000000000000e+03
8.783000000000000000e+03
8.790000000000000000e+03
8.795000000000000000e+03
8.801000000000000000e+03
8.819000000000000000e+03
8.833000000000000000e+03
8.843000000000000000e+03
8.854000000000000000e+03
8.864000000000000000e+03
8.866000000000000000e+03
8.870000000000000000e+03
8.879000000000000000e+03
8.888000000000000000e+03
8.905000000000000000e+03
8.910000000000000000e+03
8.920000000000000000e+03
8.937000000000000000e+03
8.949000000000000000e+03
8.965000000000000000e+03
8.970000000000000000e+03
8.978000000000000000e+03
8.983000000000000000e+03
8.993000000000000000e+03
8.999000000000000000e+03
9.004000000000000000e+03
9.052000000000000000e+03
9.059000000000000000e+03
9.084000000000000000e+03
9.104000000000000000e+03
9.147000000000000000e+03
9.164000000000000000e+03
9.186000000000000000e+03
9.229000000000000000e+03
9.246000000000000000e+03
9.248000000000000000e+03
9.270000000000000000e+03
9.287000000000000000e+03
9.314000000000000000e+03
9.318000000000000000e+03
9.329000000000000000e+03
9.353000000000000000e+03
9.370000000000000000e+03
9.438000000000000000e+03
9.446000000000000000e+03
9.449000000000000000e+03
9.451000000000000000e+03
9.454000000000000000e+03
9.456000000000000000e+03
9.463000000000000000e+03
9.489000000000000000e+03
9.511000000000000000e+03
9.537000000000000000e+03
9.555000000000000000e+03
9.557000000000000000e+03
9.573000000000000000e+03
9.586000000000000000e+03
9.625000000000000000e+03
9.667000000000000000e+03
9.675000000000000000e+03
9.686000000000000000e+03
9.700000000000000000e+03
9.728000000000000000e+03
9.756000000000000000e+03
9.762000000000000000e+03
9.771000000000000000e+03
9.775000000000000000e+03
9.779000000000000000e+03
9.786000000000000000e+03
9.829000000000000000e+03
9.831000000000000000e+03
9.865000000000000000e+03
9.872000000000000000e+03
9.875000000000000000e+03
9.877000000000000000e+03
9.883000000000000000e+03
9.892000000000000000e+03
9.932000000000000000e+03
9.960000000000000000e+03
9.986000000000000000e+03
9.994000000000000000e+03
9.997000000000000000e+03
1.000700000000000000e+04
1.001600000000000000e+04
1.002200000000000000e+04
1.004500000000000000e+04
1.004600000000000000e+04
1.005300000000000000e+04
1.006900000000000000e+04
1.007300000000000000e+04
1.008200000000000000e+04
1.008400000000000000e+04
1.010100000000000000e+04
1.012300000000000000e+04
1.012500000000000000e+04
1.013700000000000000e+04
1.014200000000000000e+04
1.015400000000000000e+04
1.017200000000000000e+04
1.017300000000000000e+04
1.018100000000000000e+04
1.019000000000000000e+04
1.020400000000000000e+04
1.022300000000000000e+04
1.025100000000000000e+04
1.025500000000000000e+04
1.030600000000000000e+04
1.033300000000000000e+04
1.034000000000000000e+04
1.034700000000000000e+04
1.034800000000000000e+04
1.036000000000000000e+04
1.038400000000000000e+04
1.038600000000000000e+04
1.038800000000000000e+04
1.038900000000000000e+04
1.039100000000000000e+04
1.041800000000000000e+04
1.042000000000000000e+04
1.042300000000000000e+04
1.042800000000000000e+04
1.044600000000000000e+04
1.045900000000000000e+04
1.046900000000000000e+04
1.047100000000000000e+04
1.048600000000000000e+04
1.050700000000000000e+04
1.050900000000000000e+04
1.053300000000000000e+04
1.053900000000000000e+04
1.056500000000000000e+04
1.057500000000000000e+04
1.062300000000000000e+04
1.063500000000000000e+04
1.065300000000000000e+04
1.065600000000000000e+04
1.067100000000000000e+04
1.067700000000000000e+04
1.067800000000000000e+04
1.068700000000000000e+04
1.069400000000000000e+04
1.070000000000000000e+04
1.071300000000000000e+04
1.077400000000000000e+04
1.078400000000000000e+04
1.078600000000000000e+04
1.079300000000000000e+04
1.079500000000000000e+04
1.080700000000000000e+04
1.081800000000000000e+04
1.082100000000000000e+04
1.082800000000000000e+04
1.083100000000000000e+04
1.083400000000000000e+04
1.083600000000000000e+04
1.084700000000000000e+04
1.085700000000000000e+04
1.086300000000000000e+04
1.087600000000000000e+04
1.089300000000000000e+04
1.093800000000000000e+04
1.094400000000000000e+04
1.095500000000000000e+04
1.097700000000000000e+04
1.101700000000000000e+04
1.103800000000000000e+04
1.104300000000000000e+04
1.104400000000000000e+04
1.106000000000000000e+04
1.111600000000000000e+04
1.112300000000000000e+04
1.113700000000000000e+04
1.114100000000000000e+04
1.115200000000000000e+04
1.119200000000000000e+04
1.120900000000000000e+04
1.122500000000000000e+04
1.124600000000000000e+04
1.125300000000000000e+04
1.126400000000000000e+04
1.127200000000000000e+04
1.128300000000000000e+04
1.129700000000000000e+04
1.130900000000000000e+04
1.131200000000000000e+04
1.131500000000000000e+04
1.132800000000000000e+04
1.136300000000000000e+04
1.138500000000000000e+04
1.142600000000000000e+04
1.144100000000000000e+04
1.147200000000000000e+04
1.147700000000000000e+04
1.149000000000000000e+04
1.150300000000000000e+04
1.151000000000000000e+04
1.151500000000000000e+04
1.152400000000000000e+04
1.154900000000000000e+04
1.158800000000000000e+04
1.160400000000000000e+04
1.161000000000000000e+04
1.162200000000000000e+04
1.162500000000000000e+04
1.163700000000000000e+04
1.170600000000000000e+04
1.172600000000000000e+04
1.172900000000000000e+04
1.173300000000000000e+04
1.174000000000000000e+04
1.174200000000000000e+04
1.175000000000000000e+04
1.177000000000000000e+04
1.181000000000000000e+04
1.181500000000000000e+04
1.182000000000000000e+04
1.183400000000000000e+04
1.185200000000000000e+04
1.186200000000000000e+04
1.186400000000000000e+04
1.187100000000000000e+04
1.188600000000000000e+04
1.190500000000000000e+04
1.193200000000000000e+04
1.193700000000000000e+04
1.194700000000000000e+04
1.195400000000000000e+04
1.197400000000000000e+04
1.198200000000000000e+04
1.199100000000000000e+04
1.207100000000000000e+04
1.207300000000000000e+04
1.207500000000000000e+04
1.210700000000000000e+04
1.211800000000000000e+04
1.212100000000000000e+04
1.213600000000000000e+04
1.214800000000000000e+04
1.218600000000000000e+04
1.219500000000000000e+04
1.220900000000000000e+04
1.221500000000000000e+04
1.223500000000000000e+04
1.226100000000000000e+04
1.227200000000000000e+04
1.228900000000000000e+04
1.229400000000000000e+04
1.231600000000000000e+04
1.237300000000000000e+04
1.237400000000000000e+04
1.237500000000000000e+04
1.237800000000000000e+04
1.240500000000000000e+04
1.241300000000000000e+04
1.242000000000000000e+04
1.244300000000000000e+04
1.246500000000000000e+04
1.249300000000000000e+04
1.250600000000000000e+04
1.251500000000000000e+04
1.256000000000000000e+04
1.257800000000000000e+04
1.260000000000000000e+04
1.260400000000000000e+04
1.261200000000000000e+04
1.262700000000000000e+04
1.264600000000000000e+04
1.264900000000000000e+04
1.266300000000000000e+04
1.270600000000000000e+04
1.270700000000000000e+04
1.270800000000000000e+04
1.272100000000000000e+04
1.272900000000000000e+04
1.274100000000000000e+04
1.275400000000000000e+04
1.277400000000000000e+04
1.278100000000000000e+04
1.279100000000000000e+04
1.279200000000000000e+04
1.279600000000000000e+04
1.279900000000000000e+04
1.280200000000000000e+04
1.280800000000000000e+04
1.283400000000000000e+04
1.286000000000000000e+04
1.289300000000000000e+04
1.289600000000000000e+04
1.291500000000000000e+04
1.292700000000000000e+04
1.295200000000000000e+04
1.295600000000000000e+04
1.295800000000000000e+04
1.295900000000000000e+04
1.298400000000000000e+04
1.300700000000000000e+04
1.300900000000000000e+04
1.302400000000000000e+04
1.303700000000000000e+04
1.305600000000000000e+04
1.307000000000000000e+04
1.308500000000000000e+04
1.310200000000000000e+04
1.310900000000000000e+04
1.311000000000000000e+04
1.311400000000000000e+04
1.315100000000000000e+04
1.316500000000000000e+04
1.316700000000000000e+04
1.319600000000000000e+04
1.319800000000000000e+04
1.322400000000000000e+04
1.324600000000000000e+04
1.325000000000000000e+04
1.325200000000000000e+04
1.329000000000000000e+04
1.329700000000000000e+04
1.332000000000000000e+04
1.332500000000000000e+04
1.332800000000000000e+04
1.333000000000000000e+04
1.335100000000000000e+04
1.337800000000000000e+04
1.338400000000000000e+04
1.340500000000000000e+04
1.341100000000000000e+04
1.341900000000000000e+04
1.342300000000000000e+04
1.343100000000000000e+04
1.344000000000000000e+04
1.347500000000000000e+04
1.347800000000000000e+04
1.348000000000000000e+04
1.353400000000000000e+04
1.353600000000000000e+04
1.353800000000000000e+04
1.356100000000000000e+04
1.356400000000000000e+04
1.360800000000000000e+04
1.361200000000000000e+04
1.362800000000000000e+04
1.365100000000000000e+04
1.366800000000000000e+04
1.367400000000000000e+04
1.367900000000000000e+04
1.368900000000000000e+04
1.371100000000000000e+04
1.371600000000000000e+04
1.373300000000000000e+04
1.373800000000000000e+04
1.374200000000000000e+04
1.376100000000000000e+04
1.382000000000000000e+04
1.383000000000000000e+04
1.383500000000000000e+04
1.383900000000000000e+04
1.385500000000000000e+04
1.389500000000000000e+04
1.389600000000000000e+04
1.390500000000000000e+04
1.392200000000000000e+04
1.392700000000000000e+04
1.393200000000000000e+04
1.394400000000000000e+04
1.394800000000000000e+04
1.395300000000000000e+04
1.398800000000000000e+04
1.401600000000000000e+04
1.401700000000000000e+04
1.401800000000000000e+04
1.402200000000000000e+04
1.402700000000000000e+04
1.403000000000000000e+04
1.403700000000000000e+04
1.404300000000000000e+04
1.406600000000000000e+04
1.407200000000000000e+04
1.408500000000000000e+04
1.408900000000000000e+04
1.409100000000000000e+04
1.410600000000000000e+04
1.412200000000000000e+04
1.412600000000000000e+04
1.413000000000000000e+04
1.414400000000000000e+04
1.415200000000000000e+04
1.419100000000000000e+04
1.421500000000000000e+04
1.422300000000000000e+04
1.426700000000000000e+04
1.426800000000000000e+04
1.427100000000000000e+04
1.429100000000000000e+04
1.429900000000000000e+04
1.433300000000000000e+04
1.435900000000000000e+04
1.438100000000000000e+04
1.438400000000000000e+04
1.438900000000000000e+04
1.439800000000000000e+04
1.439900000000000000e+04
1.440100000000000000e+04
1.440400000000000000e+04
1.440900000000000000e+04
1.441500000000000000e+04
1.441800000000000000e+04
1.442600000000000000e+04
1.443700000000000000e+04
1.444000000000000000e+04
1.445500000000000000e+04
1.446500000000000000e+04
1.447700000000000000e+04
1.448000000000000000e+04
1.448100000000000000e+04
1.451900000000000000e+04
1.454400000000000000e+04
1.454800000000000000e+04
1.458600000000000000e+04
1.462200000000000000e+04
1.462500000000000000e+04
1.463300000000000000e+04
1.466100000000000000e+04
1.466600000000000000e+04
1.466800000000000000e+04
1.467600000000000000e+04
1.470100000000000000e+04
1.470500000000000000e+04
1.478000000000000000e+04
1.478100000000000000e+04
1.478500000000000000e+04
1.480300000000000000e+04
1.482300000000000000e+04
1.484000000000000000e+04
1.484300000000000000e+04
1.485500000000000000e+04
1.489000000000000000e+04
1.490400000000000000e+04
1.490500000000000000e+04
1.492000000000000000e+04
1.493800000000000000e+04
1.494600000000000000e+04
1.496800000000000000e+04
1.498300000000000000e+04
1.498400000000000000e+04
1.503100000000000000e+04
1.505800000000000000e+04
1.508100000000000000e+04
1.508200000000000000e+04
1.509500000000000000e+04
1.510700000000000000e+04
1.514600000000000000e+04
1.515100000000000000e+04
1.517800000000000000e+04
1.519200000000000000e+04
1.520000000000000000e+04
1.521700000000000000e+04
1.522100000000000000e+04
1.523200000000000000e+04
1.523500000000000000e+04
1.523600000000000000e+04
1.525200000000000000e+04
1.525900000000000000e+04
1.526500000000000000e+04
1.526700000000000000e+04
1.527200000000000000e+04
1.529100000000000000e+04
1.530400000000000000e+04
1.532700000000000000e+04
1.532900000000000000e+04
1.533500000000000000e+04
1.536500000000000000e+04
1.537300000000000000e+04
1.537900000000000000e+04
1.539100000000000000e+04
1.540500000000000000e+04
1.540800000000000000e+04
1.543500000000000000e+04
1.545200000000000000e+04
1.545700000000000000e+04
1.546400000000000000e+04
1.547800000000000000e+04
1.549600000000000000e+04
1.550000000000000000e+04
1.552200000000000000e+04
1.552900000000000000e+04
1.553000000000000000e+04
1.553200000000000000e+04
1.553400000000000000e+04
1.554600000000000000e+04
1.556800000000000000e+04
1.557400000000000000e+04
1.563300000000000000e+04
1.563600000000000000e+04
1.565600000000000000e+04
1.566200000000000000e+04
1.569500000000000000e+04
1.570900000000000000e+04
1.571400000000000000e+04
1.574000000000000000e+04
1.574300000000000000e+04
1.574700000000000000e+04
1.577600000000000000e+04
1.580200000000000000e+04
1.582000000000000000e+04
1.583400000000000000e+04
1.583900000000000000e+04
1.585300000000000000e+04
1.585400000000000000e+04
1.585600000000000000e+04
1.588400000000000000e+04
1.598300000000000000e+04
1.599100000000000000e+04
1.600200000000000000e+04
1.601400000000000000e+04
1.602300000000000000e+04
1.602700000000000000e+04
1.603400000000000000e+04
1.604000000000000000e+04
1.605500000000000000e+04
1.607700000000000000e+04
1.609200000000000000e+04
1.609300000000000000e+04
1.610900000000000000e+04
1.613600000000000000e+04
1.619000000000000000e+04
1.619200000000000000e+04
1.619300000000000000e+04
1.620300000000000000e+04
1.620800000000000000e+04
1.622200000000000000e+04
1.622400000000000000e+04
1.623300000000000000e+04
1.624200000000000000e+04
1.625000000000000000e+04
1.625300000000000000e+04
1.625700000000000000e+04
1.628000000000000000e+04
1.628500000000000000e+04
1.628700000000000000e+04
1.629400000000000000e+04
1.629700000000000000e+04
1.632200000000000000e+04
1.635600000000000000e+04
1.638200000000000000e+04
1.639600000000000000e+04
1.643000000000000000e+04
1.643700000000000000e+04
1.644400000000000000e+04
1.644900000000000000e+04
1.645100000000000000e+04
1.647400000000000000e+04
1.647500000000000000e+04
1.650300000000000000e+04
1.651200000000000000e+04
1.651500000000000000e+04
1.651600000000000000e+04
1.651800000000000000e+04
1.652100000000000000e+04
1.652200000000000000e+04
1.652500000000000000e+04
1.653800000000000000e+04
1.656500000000000000e+04
1.656600000000000000e+04
1.657200000000000000e+04
1.657800000000000000e+04
1.660500000000000000e+04
1.664600000000000000e+04
1.664900000000000000e+04
1.665600000000000000e+04
1.666100000000000000e+04
1.666500000000000000e+04
1.667200000000000000e+04
1.668100000000000000e+04
1.672200000000000000e+04
1.672700000000000000e+04
1.675100000000000000e+04
1.675800000000000000e+04
1.679900000000000000e+04
1.680000000000000000e+04
1.680400000000000000e+04
1.681500000000000000e+04
1.683600000000000000e+04
1.685100000000000000e+04
1.687000000000000000e+04
1.689200000000000000e+04
1.691600000000000000e+04
1.695300000000000000e+04
1.697800000000000000e+04
1.698100000000000000e+04
1.698500000000000000e+04
1.702300000000000000e+04
1.708300000000000000e+04
1.708400000000000000e+04
1.709500000000000000e+04
1.710600000000000000e+04
1.713000000000000000e+04
1.718400000000000000e+04
1.718900000000000000e+04
1.722000000000000000e+04
1.723500000000000000e+04
1.723700000000000000e+04
1.724800000000000000e+04
1.724900000000000000e+04
1.725100000000000000e+04
1.725800000000000000e+04
1.726500000000000000e+04
1.726900000000000000e+04
1.729100000000000000e+04
1.729700000000000000e+04
1.731300000000000000e+04
1.738200000000000000e+04
1.739800000000000000e+04
1.741100000000000000e+04
1.744700000000000000e+04
1.745100000000000000e+04
1.745500000000000000e+04
1.747300000000000000e+04
1.747900000000000000e+04
1.750100000000000000e+04
1.753000000000000000e+04
1.754300000000000000e+04
1.756800000000000000e+04
1.759400000000000000e+04
1.759800000000000000e+04
1.760400000000000000e+04
1.760900000000000000e+04
1.761200000000000000e+04
1.761300000000000000e+04
1.762300000000000000e+04
1.762600000000000000e+04
1.764600000000000000e+04
1.766800000000000000e+04
1.767000000000000000e+04
1.769100000000000000e+04
1.769200000000000000e+04
1.769300000000000000e+04
1.770800000000000000e+04
1.772200000000000000e+04
1.773800000000000000e+04
1.773900000000000000e+04
1.774700000000000000e+04
1.775300000000000000e+04
1.775800000000000000e+04
1.776700000000000000e+04
1.777600000000000000e+04
1.779000000000000000e+04
1.779100000000000000e+04
1.779400000000000000e+04
1.780600000000000000e+04
1.781200000000000000e+04
1.782800000000000000e+04
1.784500000000000000e+04
1.785200000000000000e+04
1.787700000000000000e+04
1.787800000000000000e+04
1.787900000000000000e+04
1.788200000000000000e+04
1.790900000000000000e+04
1.791700000000000000e+04
1.793400000000000000e+04
1.795300000000000000e+04
1.801100000000000000e+04
1.801800000000000000e+04
1.801900000000000000e+04
1.803800000000000000e+04
1.804200000000000000e+04
1.804500000000000000e+04
1.804800000000000000e+04
1.805900000000000000e+04
1.806400000000000000e+04
1.807900000000000000e+04
1.810300000000000000e+04
1.812600000000000000e+04
1.813800000000000000e+04
1.814000000000000000e+04
1.816600000000000000e+04
1.817000000000000000e+04
1.819400000000000000e+04
1.820900000000000000e+04
1.823100000000000000e+04
1.823900000000000000e+04
1.825700000000000000e+04
1.826600000000000000e+04
1.829700000000000000e+04
1.831400000000000000e+04
1.832100000000000000e+04
1.834200000000000000e+04
1.834500000000000000e+04
1.835000000000000000e+04
1.835500000000000000e+04
1.835900000000000000e+04
1.837900000000000000e+04
1.840000000000000000e+04
1.840700000000000000e+04
1.841100000000000000e+04
1.841400000000000000e+04
1.842500000000000000e+04
1.843600000000000000e+04
1.845000000000000000e+04
1.845300000000000000e+04
1.845700000000000000e+04
1.847000000000000000e+04
1.847700000000000000e+04
1.847900000000000000e+04
1.849900000000000000e+04
1.850300000000000000e+04
1.851400000000000000e+04
1.852100000000000000e+04
1.855700000000000000e+04
1.857300000000000000e+04
1.857400000000000000e+04
1.861600000000000000e+04
1.863200000000000000e+04
1.864700000000000000e+04
1.866000000000000000e+04
1.868500000000000000e+04
1.869700000000000000e+04
1.871000000000000000e+04
1.876600000000000000e+04
1.877600000000000000e+04
1.879100000000000000e+04
1.889000000000000000e+04
1.891100000000000000e+04
1.894700000000000000e+04
1.894800000000000000e+04
1.895600000000000000e+04
1.896800000000000000e+04
1.899100000000000000e+04
1.899900000000000000e+04
1.901000000000000000e+04
1.902700000000000000e+04
1.903200000000000000e+04
1.908500000000000000e+04
1.910800000000000000e+04
1.911800000000000000e+04
1.912700000000000000e+04
1.914900000000000000e+04
1.915400000000000000e+04
1.917000000000000000e+04
1.918000000000000000e+04
1.918200000000000000e+04
1.919400000000000000e+04
1.920100000000000000e+04
1.921200000000000000e+04
1.921700000000000000e+04
1.924200000000000000e+04
1.926300000000000000e+04
1.931200000000000000e+04
1.931800000000000000e+04
1.932700000000000000e+04
1.933900000000000000e+04
1.935500000000000000e+04
1.935700000000000000e+04
1.936400000000000000e+04
1.940300000000000000e+04
1.942700000000000000e+04
1.947300000000000000e+04
1.952700000000000000e+04
1.956000000000000000e+04
1.956300000000000000e+04
1.961800000000000000e+04
1.963400000000000000e+04
1.965400000000000000e+04
1.971100000000000000e+04
