9.000000000000000000e+00
3.100000000000000000e+01
3.600000000000000000e+01
5.200000000000000000e+01
6.500000000000000000e+01
8.400000000000000000e+01
8.800000000000000000e+01
1.110000000000000000e+02
1.120000000000000000e+02
1.130000000000000000e+02
1.470000000000000000e+02
1.580000000000000000e+02
1.610000000000000000e+02
1.660000000000000000e+02
1.830000000000000000e+02
1.880000000000000000e+02
1.960000000000000000e+02
2.140000000000000000e+02
2.210000000000000000e+02
2.500000000000000000e+02
2.530000000000000000e+02
3.130000000000000000e+02
3.190000000000000000e+02
3.240000000000000000e+02
3.290000000000000000e+02
3.330000000000000000e+02
3.500000000000000000e+02
3.550000000000000000e+02
3.560000000000000000e+02
3.660000000000000000e+02
3.780000000000000000e+02
3.930000000000000000e+02
4.010000000000000000e+02
4.040000000000000000e+02
4.350000000000000000e+02
4.400000000000000000e+02
4.470000000000000000e+02
4.510000000000000000e+02
4.860000000000000000e+02
4.940000000000000000e+02
5.100000000000000000e+02
5.210000000000000000e+02
5.220000000000000000e+02
5.460000000000000000e+02
5.560000000000000000e+02
5.730000000000000000e+02
5.740000000000000000e+02
6.050000000000000000e+02
6.100000000000000000e+02
6.380000000000000000e+02
6.410000000000000000e+02
6.480000000000000000e+02
6.490000000000000000e+02
6.590000000000000000e+02
6.620000000000000000e+02
6.790000000000000000e+02
6.980000000000000000e+02
7.250000000000000000e+02
7.400000000000000000e+02
7.410000000000000000e+02
7.440000000000000000e+02
7.710000000000000000e+02
7.960000000000000000e+02
8.000000000000000000e+02
8.010000000000000000e+02
8.080000000000000000e+02
8.480000000000000000e+02
8.720000000000000000e+02
8.750000000000000000e+02
8.850000000000000000e+02
8.880000000000000000e+02
8.990000000000000000e+02
9.030000000000000000e+02
9.080000000000000000e+02
9.250000000000000000e+02
9.500000000000000000e+02
9.920000000000000000e+02
9.950000000000000000e+02
1.006000000000000000e+03
1.035000000000000000e+03
1.038000000000000000e+03
1.055000000000000000e+03
1.056000000000000000e+03
1.070000000000000000e+03
1.077000000000000000e+03
1.078000000000000000e+03
1.096000000000000000e+03
1.130000000000000000e+03
1.151000000000000000e+03
1.156000000000000000e+03
1.190000000000000000e+03
1.198000000000000000e+03
1.208000000000000000e+03
1.217000000000000000e+03
1.219000000000000000e+03
1.226000000000000000e+03
1.245000000000000000e+03
1.299000000000000000e+03
1.313000000000000000e+03
1.320000000000000000e+03
1.326000000000000000e+03
1.328000000000000000e+03
1.330000000000000000e+03
1.361000000000000000e+03
1.391000000000000000e+03
1.396000000000000000e+03
1.405000000000000000e+03
1.414000000000000000e+03
1.429000000000000000e+03
1.456000000000000000e+03
1.503000000000000000e+03
1.507000000000000000e+03
1.541000000000000000e+03
1.547000000000000000e+03
1.555000000000000000e+03
1.560000000000000000e+03
1.567000000000000000e+03
1.596000000000000000e+03
1.625000000000000000e+03
1.626000000000000000e+03
1.627000000000000000e+03
1.649000000000000000e+03
1.652000000000000000e+03
1.677000000000000000e+03
1.685000000000000000e+03
1.688000000000000000e+03
1.766000000000000000e+03
1.770000000000000000e+03
1.810000000000000000e+03
1.814000000000000000e+03
1.835000000000000000e+03
1.845000000000000000e+03
1.849000000000000000e+03
1.854000000000000000e+03
1.857000000000000000e+03
1.864000000000000000e+03
1.875000000000000000e+03
1.903000000000000000e+03
1.904000000000000000e+03
1.908000000000000000e+03
1.927000000000000000e+03
1.932000000000000000e+03
1.945000000000000000e+03
1.947000000000000000e+03
1.975000000000000000e+03
1.981000000000000000e+03
1.999000000000000000e+03
2.011000000000000000e+03
2.020000000000000000e+03
2.024000000000000000e+03
2.038000000000000000e+03
2.041000000000000000e+03
2.088000000000000000e+03
2.101000000000000000e+03
2.106000000000000000e+03
2.118000000000000000e+03
2.137000000000000000e+03
2.162000000000000000e+03
2.169000000000000000e+03
2.172000000000000000e+03
2.176000000000000000e+03
2.203000000000000000e+03
2.207000000000000000e+03
2.223000000000000000e+03
2.246000000000000000e+03
2.257000000000000000e+03
2.274000000000000000e+03
2.282000000000000000e+03
2.290000000000000000e+03
2.293000000000000000e+03
2.326000000000000000e+03
2.327000000000000000e+03
2.372000000000000000e+03
2.375000000000000000e+03
2.380000000000000000e+03
2.412000000000000000e+03
2.415000000000000000e+03
2.446000000000000000e+03
2.465000000000000000e+03
2.504000000000000000e+03
2.548000000000000000e+03
2.578000000000000000e+03
2.580000000000000000e+03
2.596000000000000000e+03
2.604000000000000000e+03
2.611000000000000000e+03
2.618000000000000000e+03
2.625000000000000000e+03
2.626000000000000000e+03
2.631000000000000000e+03
2.650000000000000000e+03
2.681000000000000000e+03
2.704000000000000000e+03
2.705000000000000000e+03
2.720000000000000000e+03
2.731000000000000000e+03
2.735000000000000000e+03
2.792000000000000000e+03
2.809000000000000000e+03
2.823000000000000000e+03
2.851000000000000000e+03
2.865000000000000000e+03
2.883000000000000000e+03
2.889000000000000000e+03
2.901000000000000000e+03
2.906000000000000000e+03
2.929000000000000000e+03
2.934000000000000000e+03
2.939000000000000000e+03
2.940000000000000000e+03
2.948000000000000000e+03
2.950000000000000000e+03
2.974000000000000000e+03
2.984000000000000000e+03
2.991000000000000000e+03
3.008000000000000000e+03
3.030000000000000000e+03
3.032000000000000000e+03
3.045000000000000000e+03
3.050000000000000000e+03
3.064000000000000000e+03
3.071000000000000000e+03
3.072000000000000000e+03
3.081000000000000000e+03
3.082000000000000000e+03
3.101000000000000000e+03
3.124000000000000000e+03
3.137000000000000000e+03
3.138000000000000000e+03
3.139000000000000000e+03
3.169000000000000000e+03
3.171000000000000000e+03
3.181000000000000000e+03
3.208000000000000000e+03
3.215000000000000000e+03
3.218000000000000000e+03
3.242000000000000000e+03
3.247000000000000000e+03
3.276000000000000000e+03
3.277000000000000000e+03
3.284000000000000000e+03
3.288000000000000000e+03
3.293000000000000000e+03
3.294000000000000000e+03
3.325000000000000000e+03
3.331000000000000000e+03
3.341000000000000000e+03
3.350000000000000000e+03
3.365000000000000000e+03
3.367000000000000000e+03
3.391000000000000000e+03
3.393000000000000000e+03
3.395000000000000000e+03
3.401000000000000000e+03
3.402000000000000000e+03
3.412000000000000000e+03
3.419000000000000000e+03
3.424000000000000000e+03
3.434000000000000000e+03
3.446000000000000000e+03
3.450000000000000000e+03
3.459000000000000000e+03
3.462000000000000000e+03
3.480000000000000000e+03
3.482000000000000000e+03
3.550000000000000000e+03
3.570000000000000000e+03
3.609000000000000000e+03
3.637000000000000000e+03
3.644000000000000000e+03
3.650000000000000000e+03
3.653000000000000000e+03
3.662000000000000000e+03
3.687000000000000000e+03
3.691000000000000000e+03
3.698000000000000000e+03
3.707000000000000000e+03
3.713000000000000000e+03
3.717000000000000000e+03
3.722000000000000000e+03
3.727000000000000000e+03
3.733000000000000000e+03
3.750000000000000000e+03
3.772000000000000000e+03
3.788000000000000000e+03
3.798000000000000000e+03
3.811000000000000000e+03
3.851000000000000000e+03
3.885000000000000000e+03
3.914000000000000000e+03
3.921000000000000000e+03
3.940000000000000000e+03
3.948000000000000000e+03
3.950000000000000000e+03
3.958000000000000000e+03
3.976000000000000000e+03
3.983000000000000000e+03
4.022000000000000000e+03
4.062000000000000000e+03
4.069000000000000000e+03
4.070000000000000000e+03
4.075000000000000000e+03
4.084000000000000000e+03
4.089000000000000000e+03
4.094000000000000000e+03
4.099000000000000000e+03
4.104000000000000000e+03
4.105000000000000000e+03
4.123000000000000000e+03
4.127000000000000000e+03
4.132000000000000000e+03
4.152000000000000000e+03
4.179000000000000000e+03
4.217000000000000000e+03
4.220000000000000000e+03
4.235000000000000000e+03
4.259000000000000000e+03
4.275000000000000000e+03
4.279000000000000000e+03
4.283000000000000000e+03
4.292000000000000000e+03
4.297000000000000000e+03
4.298000000000000000e+03
4.306000000000000000e+03
4.321000000000000000e+03
4.322000000000000000e+03
4.334000000000000000e+03
4.335000000000000000e+03
4.340000000000000000e+03
4.342000000000000000e+03
4.367000000000000000e+03
4.399000000000000000e+03
4.401000000000000000e+03
4.411000000000000000e+03
4.420000000000000000e+03
4.428000000000000000e+03
4.433000000000000000e+03
4.485000000000000000e+03
4.495000000000000000e+03
4.589000000000000000e+03
4.591000000000000000e+03
4.605000000000000000e+03
4.625000000000000000e+03
4.644000000000000000e+03
4.649000000000000000e+03
4.654000000000000000e+03
4.656000000000000000e+03
4.679000000000000000e+03
4.697000000000000000e+03
4.701000000000000000e+03
4.708000000000000000e+03
4.712000000000000000e+03
4.724000000000000000e+03
4.732000000000000000e+03
4.765000000000000000e+03
4.788000000000000000e+03
4.805000000000000000e+03
4.814000000000000000e+03
4.816000000000000000e+03
4.849000000000000000e+03
4.853000000000000000e+03
4.860000000000000000e+03
4.900000000000000000e+03
4.902000000000000000e+03
4.905000000000000000e+03
4.917000000000000000e+03
4.919000000000000000e+03
4.920000000000000000e+03
4.943000000000000000e+03
4.970000000000000000e+03
4.971000000000000000e+03
4.979000000000000000e+03
4.983000000000000000e+03
4.988000000000000000e+03
5.017000000000000000e+03
5.029000000000000000e+03
5.073000000000000000e+03
5.077000000000000000e+03
5.089000000000000000e+03
5.094000000000000000e+03
5.096000000000000000e+03
5.110000000000000000e+03
5.114000000000000000e+03
5.123000000000000000e+03
5.143000000000000000e+03
5.167000000000000000e+03
5.168000000000000000e+03
5.177000000000000000e+03
5.187000000000000000e+03
5.199000000000000000e+03
5.220000000000000000e+03
5.221000000000000000e+03
5.231000000000000000e+03
5.249000000000000000e+03
5.258000000000000000e+03
5.290000000000000000e+03
5.298000000000000000e+03
5.320000000000000000e+03
5.332000000000000000e+03
5.333000000000000000e+03
5.337000000000000000e+03
5.343000000000000000e+03
5.346000000000000000e+03
5.350000000000000000e+03
5.354000000000000000e+03
5.355000000000000000e+03
5.357000000000000000e+03
5.365000000000000000e+03
5.373000000000000000e+03
5.376000000000000000e+03
5.380000000000000000e+03
5.383000000000000000e+03
5.395000000000000000e+03
5.406000000000000000e+03
5.429000000000000000e+03
5.441000000000000000e+03
5.480000000000000000e+03
5.484000000000000000e+03
5.494000000000000000e+03
5.509000000000000000e+03
5.514000000000000000e+03
5.515000000000000000e+03
5.517000000000000000e+03
5.526000000000000000e+03
5.545000000000000000e+03
5.551000000000000000e+03
5.581000000000000000e+03
5.596000000000000000e+03
5.640000000000000000e+03
5.648000000000000000e+03
5.690000000000000000e+03
5.719000000000000000e+03
5.750000000000000000e+03
5.757000000000000000e+03
5.758000000000000000e+03
5.763000000000000000e+03
5.764000000000000000e+03
5.766000000000000000e+03
5.770000000000000000e+03
5.774000000000000000e+03
5.810000000000000000e+03
5.844000000000000000e+03
5.863000000000000000e+03
5.871000000000000000e+03
5.879000000000000000e+03
5.918000000000000000e+03
5.924000000000000000e+03
5.929000000000000000e+03
5.934000000000000000e+03
5.946000000000000000e+03
5.971000000000000000e+03
5.973000000000000000e+03
5.978000000000000000e+03
5.990000000000000000e+03
6.012000000000000000e+03
6.043000000000000000e+03
6.073000000000000000e+03
6.074000000000000000e+03
6.150000000000000000e+03
6.180000000000000000e+03
6.198000000000000000e+03
6.206000000000000000e+03
6.213000000000000000e+03
6.226000000000000000e+03
6.227000000000000000e+03
6.257000000000000000e+03
6.268000000000000000e+03
6.308000000000000000e+03
6.379000000000000000e+03
6.382000000000000000e+03
6.409000000000000000e+03
6.438000000000000000e+03
6.442000000000000000e+03
6.444000000000000000e+03
6.446000000000000000e+03
6.466000000000000000e+03
6.467000000000000000e+03
6.478000000000000000e+03
6.480000000000000000e+03
6.489000000000000000e+03
6.497000000000000000e+03
6.525000000000000000e+03
6.530000000000000000e+03
6.531000000000000000e+03
6.532000000000000000e+03
6.537000000000000000e+03
6.550000000000000000e+03
6.566000000000000000e+03
6.595000000000000000e+03
6.598000000000000000e+03
6.602000000000000000e+03
6.604000000000000000e+03
6.606000000000000000e+03
6.608000000000000000e+03
6.611000000000000000e+03
6.619000000000000000e+03
6.635000000000000000e+03
6.648000000000000000e+03
6.688000000000000000e+03
6.695000000000000000e+03
6.700000000000000000e+03
6.704000000000000000e+03
6.707000000000000000e+03
6.742000000000000000e+03
6.789000000000000000e+03
6.790000000000000000e+03
6.808000000000000000e+03
6.854000000000000000e+03
6.871000000000000000e+03
6.881000000000000000e+03
6.889000000000000000e+03
6.911000000000000000e+03
6.917000000000000000e+03
6.933000000000000000e+03
6.940000000000000000e+03
6.958000000000000000e+03
6.986000000000000000e+03
6.994000000000000000e+03
7.023000000000000000e+03
7.025000000000000000e+03
7.049000000000000000e+03
7.058000000000000000e+03
7.065000000000000000e+03
7.067000000000000000e+03
7.074000000000000000e+03
7.108000000000000000e+03
7.132000000000000000e+03
7.139000000000000000e+03
7.148000000000000000e+03
7.191000000000000000e+03
7.205000000000000000e+03
7.210000000000000000e+03
7.231000000000000000e+03
7.239000000000000000e+03
7.262000000000000000e+03
7.264000000000000000e+03
7.276000000000000000e+03
7.281000000000000000e+03
7.309000000000000000e+03
7.312000000000000000e+03
7.330000000000000000e+03
7.351000000000000000e+03
7.371000000000000000e+03
7.396000000000000000e+03
7.402000000000000000e+03
7.412000000000000000e+03
7.418000000000000000e+03
7.456000000000000000e+03
7.466000000000000000e+03
7.499000000000000000e+03
7.529000000000000000e+03
7.530000000000000000e+03
7.534000000000000000e+03
7.537000000000000000e+03
7.548000000000000000e+03
7.550000000000000000e+03
7.612000000000000000e+03
7.648000000000000000e+03
7.680000000000000000e+03
7.684000000000000000e+03
7.716000000000000000e+03
7.720000000000000000e+03
7.724000000000000000e+03
7.730000000000000000e+03
7.734000000000000000e+03
7.736000000000000000e+03
7.740000000000000000e+03
7.751000000000000000e+03
7.766000000000000000e+03
7.793000000000000000e+03
7.800000000000000000e+03
7.807000000000000000e+03
7.823000000000000000e+03
7.841000000000000000e+03
7.843000000000000000e+03
7.874000000000000000e+03
7.875000000000000000e+03
7.888000000000000000e+03
7.893000000000000000e+03
7.902000000000000000e+03
7.909000000000000000e+03
7.914000000000000000e+03
7.917000000000000000e+03
7.934000000000000000e+03
7.941000000000000000e+03
7.943000000000000000e+03
7.956000000000000000e+03
7.971000000000000000e+03
7.977000000000000000e+03
7.996000000000000000e+03
8.032000000000000000e+03
8.055000000000000000e+03
8.080000000000000000e+03
8.136000000000000000e+03
8.152000000000000000e+03
8.153000000000000000e+03
8.169000000000000000e+03
8.189000000000000000e+03
8.204000000000000000e+03
8.213000000000000000e+03
8.215000000000000000e+03
8.224000000000000000e+03
8.247000000000000000e+03
8.267000000000000000e+03
8.307000000000000000e+03
8.310000000000000000e+03
8.320000000000000000e+03
8.348000000000000000e+03
8.349000000000000000e+03
8.356000000000000000e+03
8.372000000000000000e+03
8.385000000000000000e+03
8.399000000000000000e+03
8.435000000000000000e+03
8.445000000000000000e+03
8.454000000000000000e+03
8.457000000000000000e+03
8.476000000000000000e+03
8.482000000000000000e+03
8.488000000000000000e+03
8.492000000000000000e+03
8.503000000000000000e+03
8.520000000000000000e+03
8.524000000000000000e+03
8.531000000000000000e+03
8.551000000000000000e+03
8.563000000000000000e+03
8.569000000000000000e+03
8.608000000000000000e+03
8.615000000000000000e+03
8.618000000000000000e+03
8.631000000000000000e+03
8.637000000000000000e+03
8.641000000000000000e+03
8.642000000000000000e+03
8.646000000000000000e+03
8.649000000000000000e+03
8.666000000000000000e+03
8.676000000000000000e+03
8.685000000000000000e+03
8.687000000000000000e+03
8.716000000000000000e+03
8.730000000000000000e+03
8.767000000000000000e+03
8.772000000000000000e+03
8.773000000000000000e+03
8.784000000000000000e+03
8.791000000000000000e+03
8.798000000000000000e+03
8.803000000000000000e+03
8.830000000000000000e+03
8.832000000000000000e+03
8.856000000000000000e+03
8.865000000000000000e+03
8.875000000000000000e+03
8.876000000000000000e+03
8.882000000000000000e+03
8.884000000000000000e+03
8.899000000000000000e+03
8.915000000000000000e+03
8.967000000000000000e+03
8.968000000000000000e+03
8.972000000000000000e+03
8.985000000000000000e+03
8.987000000000000000e+03
9.045000000000000000e+03
9.058000000000000000e+03
9.069000000000000000e+03
9.076000000000000000e+03
9.094000000000000000e+03
9.101000000000000000e+03
9.103000000000000000e+03
9.113000000000000000e+03
9.115000000000000000e+03
9.150000000000000000e+03
9.190000000000000000e+03
9.201000000000000000e+03
9.216000000000000000e+03
9.217000000000000000e+03
9.222000000000000000e+03
9.228000000000000000e+03
9.251000000000000000e+03
9.259000000000000000e+03
9.266000000000000000e+03
9.267000000000000000e+03
9.293000000000000000e+03
9.297000000000000000e+03
9.300000000000000000e+03
9.305000000000000000e+03
9.312000000000000000e+03
9.354000000000000000e+03
9.360000000000000000e+03
9.450000000000000000e+03
9.457000000000000000e+03
9.478000000000000000e+03
9.487000000000000000e+03
9.498000000000000000e+03
9.524000000000000000e+03
9.593000000000000000e+03
9.599000000000000000e+03
9.604000000000000000e+03
9.605000000000000000e+03
9.629000000000000000e+03
9.630000000000000000e+03
9.653000000000000000e+03
9.660000000000000000e+03
9.666000000000000000e+03
9.669000000000000000e+03
9.673000000000000000e+03
9.689000000000000000e+03
9.716000000000000000e+03
9.733000000000000000e+03
9.755000000000000000e+03
9.769000000000000000e+03
9.774000000000000000e+03
9.808000000000000000e+03
9.819000000000000000e+03
9.827000000000000000e+03
9.835000000000000000e+03
9.868000000000000000e+03
9.869000000000000000e+03
9.891000000000000000e+03
9.908000000000000000e+03
9.914000000000000000e+03
9.930000000000000000e+03
9.933000000000000000e+03
9.952000000000000000e+03
9.958000000000000000e+03
9.982000000000000000e+03
1.002700000000000000e+04
1.003300000000000000e+04
1.003500000000000000e+04
1.007700000000000000e+04
1.012900000000000000e+04
1.013600000000000000e+04
1.013800000000000000e+04
1.014900000000000000e+04
1.016600000000000000e+04
1.017700000000000000e+04
1.019200000000000000e+04
1.021000000000000000e+04
1.028300000000000000e+04
1.028800000000000000e+04
1.029100000000000000e+04
1.032200000000000000e+04
1.035000000000000000e+04
1.040100000000000000e+04
1.040300000000000000e+04
1.040400000000000000e+04
1.042100000000000000e+04
1.043800000000000000e+04
1.045100000000000000e+04
1.046300000000000000e+04
1.046700000000000000e+04
1.051100000000000000e+04
1.051400000000000000e+04
1.051500000000000000e+04
1.054800000000000000e+04
1.055000000000000000e+04
1.056000000000000000e+04
1.056200000000000000e+04
1.058200000000000000e+04
1.060200000000000000e+04
1.062500000000000000e+04
1.062900000000000000e+04
1.063000000000000000e+04
1.063400000000000000e+04
1.067900000000000000e+04
1.068100000000000000e+04
1.068400000000000000e+04
1.068900000000000000e+04
1.070500000000000000e+04
1.071900000000000000e+04
1.072000000000000000e+04
1.072300000000000000e+04
1.072700000000000000e+04
1.074200000000000000e+04
1.075500000000000000e+04
1.076100000000000000e+04
1.076800000000000000e+04
1.078900000000000000e+04
1.079000000000000000e+04
1.081500000000000000e+04
1.082200000000000000e+04
1.082500000000000000e+04
1.083700000000000000e+04
1.083800000000000000e+04
1.084600000000000000e+04
1.085800000000000000e+04
1.087500000000000000e+04
1.087900000000000000e+04
1.088900000000000000e+04
1.091100000000000000e+04
1.099900000000000000e+04
1.100100000000000000e+04
1.100800000000000000e+04
1.101600000000000000e+04
1.102100000000000000e+04
1.103100000000000000e+04
1.103400000000000000e+04
1.104900000000000000e+04
1.105200000000000000e+04
1.105300000000000000e+04
1.105400000000000000e+04
1.106500000000000000e+04
1.107000000000000000e+04
1.108600000000000000e+04
1.108700000000000000e+04
1.109700000000000000e+04
1.110200000000000000e+04
1.110300000000000000e+04
1.115400000000000000e+04
1.116000000000000000e+04
1.117500000000000000e+04
1.117800000000000000e+04
1.118000000000000000e+04
1.118300000000000000e+04
1.118600000000000000e+04
1.118900000000000000e+04
1.122000000000000000e+04
1.124400000000000000e+04
1.127100000000000000e+04
1.129800000000000000e+04
1.130000000000000000e+04
1.131300000000000000e+04
1.132600000000000000e+04
1.133100000000000000e+04
1.133800000000000000e+04
1.136500000000000000e+04
1.136700000000000000e+04
1.137200000000000000e+04
1.138700000000000000e+04
1.139000000000000000e+04
1.142100000000000000e+04
1.142200000000000000e+04
1.142400000000000000e+04
1.143000000000000000e+04
1.143100000000000000e+04
1.147300000000000000e+04
1.148600000000000000e+04
1.149600000000000000e+04
1.150500000000000000e+04
1.153400000000000000e+04
1.153700000000000000e+04
1.157000000000000000e+04
1.158200000000000000e+04
1.165200000000000000e+04
1.165700000000000000e+04
1.166700000000000000e+04
1.166900000000000000e+04
1.168500000000000000e+04
1.168600000000000000e+04
1.173400000000000000e+04
1.174800000000000000e+04
1.176800000000000000e+04
1.177400000000000000e+04
1.179400000000000000e+04
1.180500000000000000e+04
1.182100000000000000e+04
1.183800000000000000e+04
1.184900000000000000e+04
1.185000000000000000e+04
1.187700000000000000e+04
1.188100000000000000e+04
1.188900000000000000e+04
1.189200000000000000e+04
1.189400000000000000e+04
1.193000000000000000e+04
1.193100000000000000e+04
1.196300000000000000e+04
1.199900000000000000e+04
1.201800000000000000e+04
1.201900000000000000e+04
1.205600000000000000e+04
1.208500000000000000e+04
1.208900000000000000e+04
1.210500000000000000e+04
1.214400000000000000e+04
1.218300000000000000e+04
1.219200000000000000e+04
1.219600000000000000e+04
1.224700000000000000e+04
1.226200000000000000e+04
1.230000000000000000e+04
1.230200000000000000e+04
1.231700000000000000e+04
1.232500000000000000e+04
1.234400000000000000e+04
1.236200000000000000e+04
1.239900000000000000e+04
1.242900000000000000e+04
1.243100000000000000e+04
1.244500000000000000e+04
1.244700000000000000e+04
1.245000000000000000e+04
1.247700000000000000e+04
1.249100000000000000e+04
1.249400000000000000e+04
1.252800000000000000e+04
1.253800000000000000e+04
1.257100000000000000e+04
1.257600000000000000e+04
1.258200000000000000e+04
1.258900000000000000e+04
1.261900000000000000e+04
1.262200000000000000e+04
1.263000000000000000e+04
1.266400000000000000e+04
1.268400000000000000e+04
1.269600000000000000e+04
1.273600000000000000e+04
1.275700000000000000e+04
1.278200000000000000e+04
1.278400000000000000e+04
1.279800000000000000e+04
1.280100000000000000e+04
1.280700000000000000e+04
1.283900000000000000e+04
1.285200000000000000e+04
1.285300000000000000e+04
1.288000000000000000e+04
1.289000000000000000e+04
1.290000000000000000e+04
1.290700000000000000e+04
1.292200000000000000e+04
1.294300000000000000e+04
1.294400000000000000e+04
1.295300000000000000e+04
1.296000000000000000e+04
1.297500000000000000e+04
1.297600000000000000e+04
1.299000000000000000e+04
1.299300000000000000e+04
1.299400000000000000e+04
1.300400000000000000e+04
1.302500000000000000e+04
1.302600000000000000e+04
1.302700000000000000e+04
1.305200000000000000e+04
1.305500000000000000e+04
1.305700000000000000e+04
1.307700000000000000e+04
1.308300000000000000e+04
1.308700000000000000e+04
1.310400000000000000e+04
1.312500000000000000e+04
1.315200000000000000e+04
1.318900000000000000e+04
1.320700000000000000e+04
1.321300000000000000e+04
1.322500000000000000e+04
1.323500000000000000e+04
1.327800000000000000e+04
1.328200000000000000e+04
1.331300000000000000e+04
1.333600000000000000e+04
1.338800000000000000e+04
1.339300000000000000e+04
1.343600000000000000e+04
1.344500000000000000e+04
1.345200000000000000e+04
1.347000000000000000e+04
1.347300000000000000e+04
1.347900000000000000e+04
1.349800000000000000e+04
1.351700000000000000e+04
1.354200000000000000e+04
1.354800000000000000e+04
1.355400000000000000e+04
1.355600000000000000e+04
1.358100000000000000e+04
1.360600000000000000e+04
1.361400000000000000e+04
1.361600000000000000e+04
1.361700000000000000e+04
1.361800000000000000e+04
1.362200000000000000e+04
1.362400000000000000e+04
1.366200000000000000e+04
1.366900000000000000e+04
1.368400000000000000e+04
1.369000000000000000e+04
1.369600000000000000e+04
1.369700000000000000e+04
1.370200000000000000e+04
1.370600000000000000e+04
1.371200000000000000e+04
1.371800000000000000e+04
1.376300000000000000e+04
1.377100000000000000e+04
1.379300000000000000e+04
1.379400000000000000e+04
1.380300000000000000e+04
1.386500000000000000e+04
1.389000000000000000e+04
1.389900000000000000e+04
1.390200000000000000e+04
1.392500000000000000e+04
1.394900000000000000e+04
1.395100000000000000e+04
1.396700000000000000e+04
1.397400000000000000e+04
1.398700000000000000e+04
1.400100000000000000e+04
1.400300000000000000e+04
1.403900000000000000e+04
1.406100000000000000e+04
1.409600000000000000e+04
1.409900000000000000e+04
1.412400000000000000e+04
1.413800000000000000e+04
1.416400000000000000e+04
1.416600000000000000e+04
1.417800000000000000e+04
1.418400000000000000e+04
1.418600000000000000e+04
1.421200000000000000e+04
1.422100000000000000e+04
1.423200000000000000e+04
1.423800000000000000e+04
1.424100000000000000e+04
1.424400000000000000e+04
1.429800000000000000e+04
1.430200000000000000e+04
1.432600000000000000e+04
1.434000000000000000e+04
1.434900000000000000e+04
1.439500000000000000e+04
1.441900000000000000e+04
1.442700000000000000e+04
1.443000000000000000e+04
1.443200000000000000e+04
1.443300000000000000e+04
1.443400000000000000e+04
1.444500000000000000e+04
1.446200000000000000e+04
1.451000000000000000e+04
1.451100000000000000e+04
1.451200000000000000e+04
1.451300000000000000e+04
1.453200000000000000e+04
1.453900000000000000e+04
1.455100000000000000e+04
1.455800000000000000e+04
1.455900000000000000e+04
1.457700000000000000e+04
1.460900000000000000e+04
1.461700000000000000e+04
1.463600000000000000e+04
1.465300000000000000e+04
1.465400000000000000e+04
1.465900000000000000e+04
1.468500000000000000e+04
1.469500000000000000e+04
1.469800000000000000e+04
1.470200000000000000e+04
1.473000000000000000e+04
1.473600000000000000e+04
1.473700000000000000e+04
1.476400000000000000e+04
1.477400000000000000e+04
1.477800000000000000e+04
1.478400000000000000e+04
1.479300000000000000e+04
1.479700000000000000e+04
1.480100000000000000e+04
1.480800000000000000e+04
1.481000000000000000e+04
1.482200000000000000e+04
1.482900000000000000e+04
1.484200000000000000e+04
1.485900000000000000e+04
1.486600000000000000e+04
1.486900000000000000e+04
1.487500000000000000e+04
1.491200000000000000e+04
1.494100000000000000e+04
1.495000000000000000e+04
1.496900000000000000e+04
1.498600000000000000e+04
1.498900000000000000e+04
1.499400000000000000e+04
1.500000000000000000e+04
1.500200000000000000e+04
1.500400000000000000e+04
1.506800000000000000e+04
1.507300000000000000e+04
1.508000000000000000e+04
1.508600000000000000e+04
1.510200000000000000e+04
1.512100000000000000e+04
1.514800000000000000e+04
1.518700000000000000e+04
1.520500000000000000e+04
1.520700000000000000e+04
1.520800000000000000e+04
1.522300000000000000e+04
1.523000000000000000e+04
1.523900000000000000e+04
1.527100000000000000e+04
1.527600000000000000e+04
1.527800000000000000e+04
1.528500000000000000e+04
1.529000000000000000e+04
1.529200000000000000e+04
1.530300000000000000e+04
1.530800000000000000e+04
1.533000000000000000e+04
1.534200000000000000e+04
1.535900000000000000e+04
1.537700000000000000e+04
1.543300000000000000e+04
1.543400000000000000e+04
1.548500000000000000e+04
1.549400000000000000e+04
1.551600000000000000e+04
1.556100000000000000e+04
1.560000000000000000e+04
1.560500000000000000e+04
1.561200000000000000e+04
1.563800000000000000e+04
1.566100000000000000e+04
1.566900000000000000e+04
1.567200000000000000e+04
1.567500000000000000e+04
1.567600000000000000e+04
1.568600000000000000e+04
1.570300000000000000e+04
1.571600000000000000e+04
1.576300000000000000e+04
1.577300000000000000e+04
1.581600000000000000e+04
1.583200000000000000e+04
1.584000000000000000e+04
1.585100000000000000e+04
1.586000000000000000e+04
1.586400000000000000e+04
1.586700000000000000e+04
1.587300000000000000e+04
1.590900000000000000e+04
1.591200000000000000e+04
1.591600000000000000e+04
1.592700000000000000e+04
1.593200000000000000e+04
1.593900000000000000e+04
1.596700000000000000e+04
1.599000000000000000e+04
1.600500000000000000e+04
1.602800000000000000e+04
1.603600000000000000e+04
1.604600000000000000e+04
1.604900000000000000e+04
1.605600000000000000e+04
1.609900000000000000e+04
1.610000000000000000e+04
1.610100000000000000e+04
1.613500000000000000e+04
1.614600000000000000e+04
1.615100000000000000e+04
1.616400000000000000e+04
1.617100000000000000e+04
1.618800000000000000e+04
1.620100000000000000e+04
1.620500000000000000e+04
1.621600000000000000e+04
1.629600000000000000e+04
1.630400000000000000e+04
1.630700000000000000e+04
1.632500000000000000e+04
1.632600000000000000e+04
1.632900000000000000e+04
1.633100000000000000e+04
1.633500000000000000e+04
1.634500000000000000e+04
1.634800000000000000e+04
1.643200000000000000e+04
1.644800000000000000e+04
1.645900000000000000e+04
1.646200000000000000e+04
1.646800000000000000e+04
1.646900000000000000e+04
1.647100000000000000e+04
1.649400000000000000e+04
1.655200000000000000e+04
1.655600000000000000e+04
1.656100000000000000e+04
1.656300000000000000e+04
1.656400000000000000e+04
1.656800000000000000e+04
1.659100000000000000e+04
1.659500000000000000e+04
1.662200000000000000e+04
1.662600000000000000e+04
1.663700000000000000e+04
1.664800000000000000e+04
1.667500000000000000e+04
1.668300000000000000e+04
1.668400000000000000e+04
1.670100000000000000e+04
1.672100000000000000e+04
1.673300000000000000e+04
1.674900000000000000e+04
1.678800000000000000e+04
1.679600000000000000e+04
1.679700000000000000e+04
1.679800000000000000e+04
1.680500000000000000e+04
1.683000000000000000e+04
1.683700000000000000e+04
1.684500000000000000e+04
1.684600000000000000e+04
1.685000000000000000e+04
1.693400000000000000e+04
1.695000000000000000e+04
1.695800000000000000e+04
1.696300000000000000e+04
1.696400000000000000e+04
1.696800000000000000e+04
1.697100000000000000e+04
1.701500000000000000e+04
1.702900000000000000e+04
1.705000000000000000e+04
1.706900000000000000e+04
1.707100000000000000e+04
1.707400000000000000e+04
1.707500000000000000e+04
1.711500000000000000e+04
1.712700000000000000e+04
1.714400000000000000e+04
1.714900000000000000e+04
1.715200000000000000e+04
1.715700000000000000e+04
1.716700000000000000e+04
1.719000000000000000e+04
1.719600000000000000e+04
1.720200000000000000e+04
1.722400000000000000e+04
1.723000000000000000e+04
1.723300000000000000e+04
1.726800000000000000e+04
1.729400000000000000e+04
1.730800000000000000e+04
1.731400000000000000e+04
1.731800000000000000e+04
1.732900000000000000e+04
1.733600000000000000e+04
1.736100000000000000e+04
1.736200000000000000e+04
1.736500000000000000e+04
1.741500000000000000e+04
1.741900000000000000e+04
1.742400000000000000e+04
1.743100000000000000e+04
1.744200000000000000e+04
1.747800000000000000e+04
1.748800000000000000e+04
1.749000000000000000e+04
1.749700000000000000e+04
1.751800000000000000e+04
1.755400000000000000e+04
1.756900000000000000e+04
1.758600000000000000e+04
1.758900000000000000e+04
1.763000000000000000e+04
1.764500000000000000e+04
1.764700000000000000e+04
1.765200000000000000e+04
1.766300000000000000e+04
1.769800000000000000e+04
1.770900000000000000e+04
1.771700000000000000e+04
1.772100000000000000e+04
1.772900000000000000e+04
1.774800000000000000e+04
1.777200000000000000e+04
1.777300000000000000e+04
1.781700000000000000e+04
1.783300000000000000e+04
1.784800000000000000e+04
1.786600000000000000e+04
1.787400000000000000e+04
1.789800000000000000e+04
1.791900000000000000e+04
1.792100000000000000e+04
1.794900000000000000e+04
1.796500000000000000e+04
1.797300000000000000e+04
1.798400000000000000e+04
1.805800000000000000e+04
1.809100000000000000e+04
1.813900000000000000e+04
1.814400000000000000e+04
1.815200000000000000e+04
1.816300000000000000e+04
1.816400000000000000e+04
1.818200000000000000e+04
1.819000000000000000e+04
1.819100000000000000e+04
1.820400000000000000e+04
1.821200000000000000e+04
1.821400000000000000e+04
1.823300000000000000e+04
1.825800000000000000e+04
1.828600000000000000e+04
1.830300000000000000e+04
1.833600000000000000e+04
1.834800000000000000e+04
1.835100000000000000e+04
1.836800000000000000e+04
1.837200000000000000e+04
1.837400000000000000e+04
1.837600000000000000e+04
1.838600000000000000e+04
1.843000000000000000e+04
1.843500000000000000e+04
1.847200000000000000e+04
1.847300000000000000e+04
1.848600000000000000e+04
1.849000000000000000e+04
1.849700000000000000e+04
1.850400000000000000e+04
1.850500000000000000e+04
1.850700000000000000e+04
1.850900000000000000e+04
1.851500000000000000e+04
1.852600000000000000e+04
1.854300000000000000e+04
1.854400000000000000e+04
1.855400000000000000e+04
1.859100000000000000e+04
1.859700000000000000e+04
1.859800000000000000e+04
1.861300000000000000e+04
1.862900000000000000e+04
1.863400000000000000e+04
1.865200000000000000e+04
1.866900000000000000e+04
1.870100000000000000e+04
1.872000000000000000e+04
1.874800000000000000e+04
1.877200000000000000e+04
1.881000000000000000e+04
1.882200000000000000e+04
1.883400000000000000e+04
1.885100000000000000e+04
1.890600000000000000e+04
1.890900000000000000e+04
1.891700000000000000e+04
1.892100000000000000e+04
1.894100000000000000e+04
1.895700000000000000e+04
1.896300000000000000e+04
1.898400000000000000e+04
1.900000000000000000e+04
1.901100000000000000e+04
1.902500000000000000e+04
1.903000000000000000e+04
1.903900000000000000e+04
1.904700000000000000e+04
1.906200000000000000e+04
1.908100000000000000e+04
1.908800000000000000e+04
1.909100000000000000e+04
1.909700000000000000e+04
1.910500000000000000e+04
1.911400000000000000e+04
1.911500000000000000e+04
1.913800000000000000e+04
1.914000000000000000e+04
1.914300000000000000e+04
1.914400000000000000e+04
1.915300000000000000e+04
1.918700000000000000e+04
1.921800000000000000e+04
1.922500000000000000e+04
1.923700000000000000e+04
1.925000000000000000e+04
1.925500000000000000e+04
1.926400000000000000e+04
1.927600000000000000e+04
1.928100000000000000e+04
1.929500000000000000e+04
1.930000000000000000e+04
1.932000000000000000e+04
1.932600000000000000e+04
1.935200000000000000e+04
1.936100000000000000e+04
1.942200000000000000e+04
1.943000000000000000e+04
1.943200000000000000e+04
1.943600000000000000e+04
1.944700000000000000e+04
1.947700000000000000e+04
1.952100000000000000e+04
1.953500000000000000e+04
1.953800000000000000e+04
1.954100000000000000e+04
1.954500000000000000e+04
1.955700000000000000e+04
1.956800000000000000e+04
1.958000000000000000e+04
1.958500000000000000e+04
1.958600000000000000e+04
1.960400000000000000e+04
1.961500000000000000e+04
1.961900000000000000e+04
1.962700000000000000e+04
1.963200000000000000e+04
1.966300000000000000e+04
1.966500000000000000e+04
1.966800000000000000e+04
1.968900000000000000e+04
1.969300000000000000e+04
1.969500000000000000e+04
1.970700000000000000e+04
