8.000000000000000000e+00
2.400000000000000000e+01
6.000000000000000000e+01
6.600000000000000000e+01
7.100000000000000000e+01
7.300000000000000000e+01
9.700000000000000000e+01
1.220000000000000000e+02
1.310000000000000000e+02
1.350000000000000000e+02
1.440000000000000000e+02
1.450000000000000000e+02
1.490000000000000000e+02
1.670000000000000000e+02
2.080000000000000000e+02
2.100000000000000000e+02
2.120000000000000000e+02
2.470000000000000000e+02
2.580000000000000000e+02
2.600000000000000000e+02
2.650000000000000000e+02
2.720000000000000000e+02
3.260000000000000000e+02
3.360000000000000000e+02
3.450000000000000000e+02
3.480000000000000000e+02
3.610000000000000000e+02
3.750000000000000000e+02
3.880000000000000000e+02
3.900000000000000000e+02
4.120000000000000000e+02
4.190000000000000000e+02
4.420000000000000000e+02
4.750000000000000000e+02
4.850000000000000000e+02
4.880000000000000000e+02
5.000000000000000000e+02
5.030000000000000000e+02
5.060000000000000000e+02
5.120000000000000000e+02
5.250000000000000000e+02
5.330000000000000000e+02
5.350000000000000000e+02
5.780000000000000000e+02
5.800000000000000000e+02
6.000000000000000000e+02
6.030000000000000000e+02
6.110000000000000000e+02
6.300000000000000000e+02
6.600000000000000000e+02
6.820000000000000000e+02
6.870000000000000000e+02
6.940000000000000000e+02
7.110000000000000000e+02
7.500000000000000000e+02
7.640000000000000000e+02
7.720000000000000000e+02
7.800000000000000000e+02
7.860000000000000000e+02
8.310000000000000000e+02
8.590000000000000000e+02
8.610000000000000000e+02
8.650000000000000000e+02
8.660000000000000000e+02
8.810000000000000000e+02
8.860000000000000000e+02
8.870000000000000000e+02
9.020000000000000000e+02
9.060000000000000000e+02
9.480000000000000000e+02
9.490000000000000000e+02
9.790000000000000000e+02
9.850000000000000000e+02
9.970000000000000000e+02
1.017000000000000000e+03
1.025000000000000000e+03
1.028000000000000000e+03
1.029000000000000000e+03
1.039000000000000000e+03
1.043000000000000000e+03
1.098000000000000000e+03
1.119000000000000000e+03
1.138000000000000000e+03
1.167000000000000000e+03
1.172000000000000000e+03
1.184000000000000000e+03
1.205000000000000000e+03
1.210000000000000000e+03
1.213000000000000000e+03
1.237000000000000000e+03
1.263000000000000000e+03
1.280000000000000000e+03
1.292000000000000000e+03
1.296000000000000000e+03
1.314000000000000000e+03
1.353000000000000000e+03
1.383000000000000000e+03
1.384000000000000000e+03
1.406000000000000000e+03
1.415000000000000000e+03
1.436000000000000000e+03
1.443000000000000000e+03
1.452000000000000000e+03
1.476000000000000000e+03
1.479000000000000000e+03
1.491000000000000000e+03
1.492000000000000000e+03
1.502000000000000000e+03
1.521000000000000000e+03
1.553000000000000000e+03
1.557000000000000000e+03
1.571000000000000000e+03
1.602000000000000000e+03
1.607000000000000000e+03
1.609000000000000000e+03
1.615000000000000000e+03
1.624000000000000000e+03
1.668000000000000000e+03
1.695000000000000000e+03
1.746000000000000000e+03
1.769000000000000000e+03
1.775000000000000000e+03
1.776000000000000000e+03
1.818000000000000000e+03
1.842000000000000000e+03
1.846000000000000000e+03
1.863000000000000000e+03
1.868000000000000000e+03
1.923000000000000000e+03
1.925000000000000000e+03
1.951000000000000000e+03
1.953000000000000000e+03
1.957000000000000000e+03
1.988000000000000000e+03
2.008000000000000000e+03
2.057000000000000000e+03
2.060000000000000000e+03
2.069000000000000000e+03
2.073000000000000000e+03
2.095000000000000000e+03
2.098000000000000000e+03
2.116000000000000000e+03
2.119000000000000000e+03
2.122000000000000000e+03
2.124000000000000000e+03
2.152000000000000000e+03
2.164000000000000000e+03
2.173000000000000000e+03
2.186000000000000000e+03
2.221000000000000000e+03
2.232000000000000000e+03
2.256000000000000000e+03
2.259000000000000000e+03
2.271000000000000000e+03
2.277000000000000000e+03
2.278000000000000000e+03
2.283000000000000000e+03
2.301000000000000000e+03
2.308000000000000000e+03
2.309000000000000000e+03
2.315000000000000000e+03
2.321000000000000000e+03
2.332000000000000000e+03
2.339000000000000000e+03
2.346000000000000000e+03
2.347000000000000000e+03
2.354000000000000000e+03
2.355000000000000000e+03
2.366000000000000000e+03
2.382000000000000000e+03
2.386000000000000000e+03
2.407000000000000000e+03
2.408000000000000000e+03
2.410000000000000000e+03
2.427000000000000000e+03
2.458000000000000000e+03
2.466000000000000000e+03
2.498000000000000000e+03
2.499000000000000000e+03
2.517000000000000000e+03
2.523000000000000000e+03
2.530000000000000000e+03
2.542000000000000000e+03
2.571000000000000000e+03
2.603000000000000000e+03
2.605000000000000000e+03
2.629000000000000000e+03
2.646000000000000000e+03
2.665000000000000000e+03
2.675000000000000000e+03
2.677000000000000000e+03
2.682000000000000000e+03
2.691000000000000000e+03
2.693000000000000000e+03
2.695000000000000000e+03
2.703000000000000000e+03
2.706000000000000000e+03
2.710000000000000000e+03
2.746000000000000000e+03
2.769000000000000000e+03
2.772000000000000000e+03
2.796000000000000000e+03
2.808000000000000000e+03
2.817000000000000000e+03
2.863000000000000000e+03
2.878000000000000000e+03
2.879000000000000000e+03
2.910000000000000000e+03
2.921000000000000000e+03
2.924000000000000000e+03
2.926000000000000000e+03
2.927000000000000000e+03
2.941000000000000000e+03
2.953000000000000000e+03
2.962000000000000000e+03
2.969000000000000000e+03
2.979000000000000000e+03
2.980000000000000000e+03
2.982000000000000000e+03
2.988000000000000000e+03
2.989000000000000000e+03
2.995000000000000000e+03
2.999000000000000000e+03
3.018000000000000000e+03
3.029000000000000000e+03
3.056000000000000000e+03
3.066000000000000000e+03
3.092000000000000000e+03
3.105000000000000000e+03
3.123000000000000000e+03
3.127000000000000000e+03
3.157000000000000000e+03
3.178000000000000000e+03
3.193000000000000000e+03
3.203000000000000000e+03
3.209000000000000000e+03
3.210000000000000000e+03
3.220000000000000000e+03
3.245000000000000000e+03
3.321000000000000000e+03
3.329000000000000000e+03
3.370000000000000000e+03
3.371000000000000000e+03
3.376000000000000000e+03
3.392000000000000000e+03
3.413000000000000000e+03
3.443000000000000000e+03
3.485000000000000000e+03
3.511000000000000000e+03
3.514000000000000000e+03
3.524000000000000000e+03
3.545000000000000000e+03
3.552000000000000000e+03
3.553000000000000000e+03
3.579000000000000000e+03
3.582000000000000000e+03
3.613000000000000000e+03
3.625000000000000000e+03
3.672000000000000000e+03
3.673000000000000000e+03
3.685000000000000000e+03
3.693000000000000000e+03
3.710000000000000000e+03
3.726000000000000000e+03
3.738000000000000000e+03
3.779000000000000000e+03
3.780000000000000000e+03
3.793000000000000000e+03
3.821000000000000000e+03
3.822000000000000000e+03
3.827000000000000000e+03
3.831000000000000000e+03
3.848000000000000000e+03
3.854000000000000000e+03
3.909000000000000000e+03
3.939000000000000000e+03
3.959000000000000000e+03
3.960000000000000000e+03
3.966000000000000000e+03
3.974000000000000000e+03
3.985000000000000000e+03
4.043000000000000000e+03
4.061000000000000000e+03
4.067000000000000000e+03
4.068000000000000000e+03
4.091000000000000000e+03
4.118000000000000000e+03
4.156000000000000000e+03
4.166000000000000000e+03
4.229000000000000000e+03
4.241000000000000000e+03
4.256000000000000000e+03
4.264000000000000000e+03
4.269000000000000000e+03
4.333000000000000000e+03
4.337000000000000000e+03
4.353000000000000000e+03
4.412000000000000000e+03
4.413000000000000000e+03
4.426000000000000000e+03
4.444000000000000000e+03
4.468000000000000000e+03
4.469000000000000000e+03
4.473000000000000000e+03
4.475000000000000000e+03
4.515000000000000000e+03
4.523000000000000000e+03
4.526000000000000000e+03
4.527000000000000000e+03
4.531000000000000000e+03
4.550000000000000000e+03
4.571000000000000000e+03
4.579000000000000000e+03
4.642000000000000000e+03
4.647000000000000000e+03
4.668000000000000000e+03
4.675000000000000000e+03
4.678000000000000000e+03
4.683000000000000000e+03
4.740000000000000000e+03
4.799000000000000000e+03
4.808000000000000000e+03
4.872000000000000000e+03
4.926000000000000000e+03
4.933000000000000000e+03
4.940000000000000000e+03
4.949000000000000000e+03
4.955000000000000000e+03
4.958000000000000000e+03
4.967000000000000000e+03
4.992000000000000000e+03
5.053000000000000000e+03
5.069000000000000000e+03
5.070000000000000000e+03
5.071000000000000000e+03
5.081000000000000000e+03
5.112000000000000000e+03
5.133000000000000000e+03
5.147000000000000000e+03
5.161000000000000000e+03
5.181000000000000000e+03
5.254000000000000000e+03
5.272000000000000000e+03
5.274000000000000000e+03
5.275000000000000000e+03
5.279000000000000000e+03
5.286000000000000000e+03
5.292000000000000000e+03
5.314000000000000000e+03
5.349000000000000000e+03
5.372000000000000000e+03
5.377000000000000000e+03
5.397000000000000000e+03
5.411000000000000000e+03
5.434000000000000000e+03
5.439000000000000000e+03
5.506000000000000000e+03
5.534000000000000000e+03
5.565000000000000000e+03
5.569000000000000000e+03
5.574000000000000000e+03
5.592000000000000000e+03
5.621000000000000000e+03
5.625000000000000000e+03
5.666000000000000000e+03
5.678000000000000000e+03
5.695000000000000000e+03
5.710000000000000000e+03
5.714000000000000000e+03
5.715000000000000000e+03
5.721000000000000000e+03
5.727000000000000000e+03
5.767000000000000000e+03
5.773000000000000000e+03
5.779000000000000000e+03
5.799000000000000000e+03
5.813000000000000000e+03
5.816000000000000000e+03
5.831000000000000000e+03
5.836000000000000000e+03
5.842000000000000000e+03
5.845000000000000000e+03
5.850000000000000000e+03
5.904000000000000000e+03
5.916000000000000000e+03
5.942000000000000000e+03
5.949000000000000000e+03
5.964000000000000000e+03
5.983000000000000000e+03
5.984000000000000000e+03
5.999000000000000000e+03
6.005000000000000000e+03
6.007000000000000000e+03
6.009000000000000000e+03
6.049000000000000000e+03
6.058000000000000000e+03
6.072000000000000000e+03
6.075000000000000000e+03
6.083000000000000000e+03
6.102000000000000000e+03
6.109000000000000000e+03
6.116000000000000000e+03
6.142000000000000000e+03
6.144000000000000000e+03
6.146000000000000000e+03
6.149000000000000000e+03
6.152000000000000000e+03
6.176000000000000000e+03
6.181000000000000000e+03
6.203000000000000000e+03
6.215000000000000000e+03
6.219000000000000000e+03
6.262000000000000000e+03
6.263000000000000000e+03
6.264000000000000000e+03
6.271000000000000000e+03
6.272000000000000000e+03
6.277000000000000000e+03
6.279000000000000000e+03
6.292000000000000000e+03
6.318000000000000000e+03
6.320000000000000000e+03
6.325000000000000000e+03
6.341000000000000000e+03
6.378000000000000000e+03
6.380000000000000000e+03
6.418000000000000000e+03
6.430000000000000000e+03
6.445000000000000000e+03
6.458000000000000000e+03
6.470000000000000000e+03
6.479000000000000000e+03
6.487000000000000000e+03
6.511000000000000000e+03
6.517000000000000000e+03
6.526000000000000000e+03
6.554000000000000000e+03
6.555000000000000000e+03
6.556000000000000000e+03
6.567000000000000000e+03
6.591000000000000000e+03
6.617000000000000000e+03
6.624000000000000000e+03
6.637000000000000000e+03
6.651000000000000000e+03
6.714000000000000000e+03
6.726000000000000000e+03
6.729000000000000000e+03
6.750000000000000000e+03
6.754000000000000000e+03
6.760000000000000000e+03
6.793000000000000000e+03
6.811000000000000000e+03
6.823000000000000000e+03
6.825000000000000000e+03
6.876000000000000000e+03
6.897000000000000000e+03
6.924000000000000000e+03
6.925000000000000000e+03
6.937000000000000000e+03
6.938000000000000000e+03
6.954000000000000000e+03
6.955000000000000000e+03
6.965000000000000000e+03
6.992000000000000000e+03
7.027000000000000000e+03
7.040000000000000000e+03
7.050000000000000000e+03
7.063000000000000000e+03
7.079000000000000000e+03
7.093000000000000000e+03
7.122000000000000000e+03
7.124000000000000000e+03
7.125000000000000000e+03
7.144000000000000000e+03
7.171000000000000000e+03
7.176000000000000000e+03
7.185000000000000000e+03
7.188000000000000000e+03
7.190000000000000000e+03
7.193000000000000000e+03
7.195000000000000000e+03
7.198000000000000000e+03
7.199000000000000000e+03
7.215000000000000000e+03
7.266000000000000000e+03
7.274000000000000000e+03
7.288000000000000000e+03
7.290000000000000000e+03
7.294000000000000000e+03
7.304000000000000000e+03
7.327000000000000000e+03
7.328000000000000000e+03
7.329000000000000000e+03
7.344000000000000000e+03
7.365000000000000000e+03
7.393000000000000000e+03
7.406000000000000000e+03
7.438000000000000000e+03
7.476000000000000000e+03
7.488000000000000000e+03
7.498000000000000000e+03
7.516000000000000000e+03
7.522000000000000000e+03
7.567000000000000000e+03
7.606000000000000000e+03
7.641000000000000000e+03
7.644000000000000000e+03
7.654000000000000000e+03
7.715000000000000000e+03
7.733000000000000000e+03
7.756000000000000000e+03
7.757000000000000000e+03
7.767000000000000000e+03
7.771000000000000000e+03
7.777000000000000000e+03
7.790000000000000000e+03
7.797000000000000000e+03
7.816000000000000000e+03
7.821000000000000000e+03
7.830000000000000000e+03
7.857000000000000000e+03
7.859000000000000000e+03
7.892000000000000000e+03
7.908000000000000000e+03
7.923000000000000000e+03
7.935000000000000000e+03
7.955000000000000000e+03
7.972000000000000000e+03
7.995000000000000000e+03
8.014000000000000000e+03
8.023000000000000000e+03
8.024000000000000000e+03
8.026000000000000000e+03
8.066000000000000000e+03
8.068000000000000000e+03
8.073000000000000000e+03
8.089000000000000000e+03
8.095000000000000000e+03
8.120000000000000000e+03
8.129000000000000000e+03
8.139000000000000000e+03
8.150000000000000000e+03
8.163000000000000000e+03
8.173000000000000000e+03
8.175000000000000000e+03
8.206000000000000000e+03
8.209000000000000000e+03
8.284000000000000000e+03
8.290000000000000000e+03
8.291000000000000000e+03
8.296000000000000000e+03
8.304000000000000000e+03
8.370000000000000000e+03
8.373000000000000000e+03
8.379000000000000000e+03
8.380000000000000000e+03
8.382000000000000000e+03
8.384000000000000000e+03
8.427000000000000000e+03
8.500000000000000000e+03
8.504000000000000000e+03
8.506000000000000000e+03
8.522000000000000000e+03
8.545000000000000000e+03
8.548000000000000000e+03
8.557000000000000000e+03
8.565000000000000000e+03
8.586000000000000000e+03
8.607000000000000000e+03
8.627000000000000000e+03
8.645000000000000000e+03
8.654000000000000000e+03
8.655000000000000000e+03
8.662000000000000000e+03
8.678000000000000000e+03
8.774000000000000000e+03
8.786000000000000000e+03
8.792000000000000000e+03
8.818000000000000000e+03
8.839000000000000000e+03
8.872000000000000000e+03
8.963000000000000000e+03
9.015000000000000000e+03
9.027000000000000000e+03
9.039000000000000000e+03
9.043000000000000000e+03
9.049000000000000000e+03
9.095000000000000000e+03
9.102000000000000000e+03
9.155000000000000000e+03
9.159000000000000000e+03
9.199000000000000000e+03
9.203000000000000000e+03
9.224000000000000000e+03
9.252000000000000000e+03
9.262000000000000000e+03
9.273000000000000000e+03
9.279000000000000000e+03
9.285000000000000000e+03
9.296000000000000000e+03
9.326000000000000000e+03
9.344000000000000000e+03
9.345000000000000000e+03
9.358000000000000000e+03
9.359000000000000000e+03
9.365000000000000000e+03
9.368000000000000000e+03
9.369000000000000000e+03
9.374000000000000000e+03
9.385000000000000000e+03
9.394000000000000000e+03
9.397000000000000000e+03
9.398000000000000000e+03
9.431000000000000000e+03
9.439000000000000000e+03
9.445000000000000000e+03
9.447000000000000000e+03
9.468000000000000000e+03
9.470000000000000000e+03
9.492000000000000000e+03
9.496000000000000000e+03
9.506000000000000000e+03
9.544000000000000000e+03
9.551000000000000000e+03
9.554000000000000000e+03
9.563000000000000000e+03
9.564000000000000000e+03
9.566000000000000000e+03
9.583000000000000000e+03
9.584000000000000000e+03
9.587000000000000000e+03
9.588000000000000000e+03
9.602000000000000000e+03
9.611000000000000000e+03
9.624000000000000000e+03
9.658000000000000000e+03
9.664000000000000000e+03
9.668000000000000000e+03
9.699000000000000000e+03
9.702000000000000000e+03
9.706000000000000000e+03
9.708000000000000000e+03
9.714000000000000000e+03
9.757000000000000000e+03
9.795000000000000000e+03
9.801000000000000000e+03
9.818000000000000000e+03
9.823000000000000000e+03
9.824000000000000000e+03
9.842000000000000000e+03
9.860000000000000000e+03
9.873000000000000000e+03
9.885000000000000000e+03
9.901000000000000000e+03
9.920000000000000000e+03
9.939000000000000000e+03
9.974000000000000000e+03
9.984000000000000000e+03
9.991000000000000000e+03
9.992000000000000000e+03
1.000200000000000000e+04
1.002600000000000000e+04
1.003100000000000000e+04
1.006800000000000000e+04
1.007500000000000000e+04
1.007600000000000000e+04
1.007800000000000000e+04
1.008900000000000000e+04
1.009000000000000000e+04
1.010000000000000000e+04
1.010200000000000000e+04
1.010900000000000000e+04
1.013500000000000000e+04
1.015300000000000000e+04
1.016000000000000000e+04
1.018000000000000000e+04
1.022200000000000000e+04
1.023700000000000000e+04
1.027200000000000000e+04
1.029300000000000000e+04
1.030800000000000000e+04
1.031300000000000000e+04
1.032500000000000000e+04
1.032900000000000000e+04
1.034500000000000000e+04
1.037700000000000000e+04
1.041200000000000000e+04
1.042600000000000000e+04
1.042900000000000000e+04
1.044000000000000000e+04
1.044800000000000000e+04
1.044900000000000000e+04
1.045400000000000000e+04
1.047500000000000000e+04
1.047700000000000000e+04
1.050000000000000000e+04
1.053600000000000000e+04
1.055700000000000000e+04
1.056700000000000000e+04
1.057400000000000000e+04
1.059200000000000000e+04
1.059700000000000000e+04
1.060600000000000000e+04
1.063700000000000000e+04
1.065400000000000000e+04
1.069800000000000000e+04
1.070300000000000000e+04
1.073000000000000000e+04
1.073100000000000000e+04
1.073700000000000000e+04
1.074300000000000000e+04
1.076300000000000000e+04
1.076900000000000000e+04
1.077600000000000000e+04
1.079900000000000000e+04
1.080200000000000000e+04
1.080400000000000000e+04
1.082600000000000000e+04
1.084800000000000000e+04
1.087100000000000000e+04
1.088500000000000000e+04
1.089500000000000000e+04
1.090700000000000000e+04
1.090800000000000000e+04
1.091600000000000000e+04
1.095600000000000000e+04
1.096800000000000000e+04
1.098100000000000000e+04
1.100900000000000000e+04
1.101300000000000000e+04
1.105100000000000000e+04
1.105700000000000000e+04
1.106900000000000000e+04
1.107900000000000000e+04
1.108500000000000000e+04
1.109100000000000000e+04
1.109500000000000000e+04
1.111000000000000000e+04
1.114700000000000000e+04
1.116300000000000000e+04
1.116500000000000000e+04
1.120700000000000000e+04
1.122600000000000000e+04
1.123000000000000000e+04
1.123100000000000000e+04
1.124200000000000000e+04
1.125100000000000000e+04
1.125900000000000000e+04
1.127900000000000000e+04
1.128000000000000000e+04
1.128700000000000000e+04
1.130200000000000000e+04
1.130300000000000000e+04
1.130500000000000000e+04
1.130800000000000000e+04
1.131000000000000000e+04
1.134400000000000000e+04
1.139100000000000000e+04
1.139200000000000000e+04
1.139500000000000000e+04
1.140200000000000000e+04
1.143200000000000000e+04
1.144000000000000000e+04
1.145700000000000000e+04
1.146400000000000000e+04
1.147000000000000000e+04
1.148300000000000000e+04
1.149500000000000000e+04
1.150700000000000000e+04
1.150800000000000000e+04
1.151700000000000000e+04
1.152500000000000000e+04
1.153500000000000000e+04
1.153800000000000000e+04
1.157600000000000000e+04
1.158300000000000000e+04
1.159100000000000000e+04
1.159200000000000000e+04
1.159400000000000000e+04
1.159800000000000000e+04
1.160000000000000000e+04
1.160600000000000000e+04
1.160700000000000000e+04
1.166000000000000000e+04
1.167700000000000000e+04
1.168100000000000000e+04
1.169500000000000000e+04
1.169900000000000000e+04
1.175100000000000000e+04
1.177300000000000000e+04
1.180800000000000000e+04
1.183600000000000000e+04
1.187800000000000000e+04
1.189000000000000000e+04
1.191000000000000000e+04
1.192400000000000000e+04
1.197600000000000000e+04
1.198500000000000000e+04
1.199600000000000000e+04
1.202200000000000000e+04
1.202800000000000000e+04
1.206200000000000000e+04
1.208600000000000000e+04
1.209000000000000000e+04
1.209200000000000000e+04
1.211000000000000000e+04
1.213100000000000000e+04
1.213200000000000000e+04
1.215900000000000000e+04
1.216400000000000000e+04
1.220700000000000000e+04
1.223200000000000000e+04
1.224500000000000000e+04
1.229800000000000000e+04
1.230500000000000000e+04
1.231100000000000000e+04
1.231300000000000000e+04
1.231400000000000000e+04
1.233300000000000000e+04
1.233600000000000000e+04
1.236500000000000000e+04
1.236700000000000000e+04
1.237900000000000000e+04
1.238300000000000000e+04
1.239100000000000000e+04
1.239300000000000000e+04
1.240100000000000000e+04
1.240400000000000000e+04
1.243200000000000000e+04
1.244400000000000000e+04
1.245300000000000000e+04
1.248700000000000000e+04
1.249500000000000000e+04
1.250400000000000000e+04
1.250800000000000000e+04
1.253100000000000000e+04
1.253200000000000000e+04
1.253700000000000000e+04
1.253900000000000000e+04
1.256200000000000000e+04
1.256700000000000000e+04
1.257300000000000000e+04
1.257700000000000000e+04
1.259400000000000000e+04
1.259600000000000000e+04
1.262300000000000000e+04
1.262900000000000000e+04
1.263900000000000000e+04
1.267300000000000000e+04
1.270000000000000000e+04
1.272700000000000000e+04
1.280900000000000000e+04
1.284100000000000000e+04
1.285100000000000000e+04
1.285700000000000000e+04
1.285800000000000000e+04
1.286600000000000000e+04
1.288300000000000000e+04
1.290900000000000000e+04
1.293800000000000000e+04
1.302200000000000000e+04
1.303800000000000000e+04
1.306100000000000000e+04
1.306200000000000000e+04
1.306300000000000000e+04
1.308200000000000000e+04
1.308400000000000000e+04
1.309200000000000000e+04
1.310000000000000000e+04
1.310600000000000000e+04
1.312000000000000000e+04
1.313300000000000000e+04
1.314800000000000000e+04
1.315600000000000000e+04
1.317900000000000000e+04
1.318300000000000000e+04
1.318500000000000000e+04
1.319900000000000000e+04
1.323900000000000000e+04
1.324000000000000000e+04
1.324400000000000000e+04
1.325500000000000000e+04
1.325900000000000000e+04
1.326500000000000000e+04
1.329900000000000000e+04
1.330200000000000000e+04
1.330400000000000000e+04
1.332600000000000000e+04
1.334800000000000000e+04
1.337000000000000000e+04
1.337600000000000000e+04
1.342800000000000000e+04
1.343500000000000000e+04
1.343700000000000000e+04
1.344300000000000000e+04
1.345100000000000000e+04
1.346200000000000000e+04
1.347700000000000000e+04
1.348800000000000000e+04
1.350200000000000000e+04
1.351200000000000000e+04
1.352400000000000000e+04
1.352900000000000000e+04
1.356200000000000000e+04
1.356600000000000000e+04
1.359400000000000000e+04
1.359600000000000000e+04
1.359900000000000000e+04
1.360300000000000000e+04
1.363300000000000000e+04
1.367000000000000000e+04
1.368500000000000000e+04
1.369300000000000000e+04
1.369400000000000000e+04
1.370100000000000000e+04
1.372500000000000000e+04
1.372600000000000000e+04
1.372900000000000000e+04
1.375100000000000000e+04
1.375800000000000000e+04
1.376800000000000000e+04
1.377400000000000000e+04
1.378100000000000000e+04
1.379900000000000000e+04
1.382500000000000000e+04
1.382800000000000000e+04
1.382900000000000000e+04
1.386900000000000000e+04
1.387200000000000000e+04
1.387400000000000000e+04
1.387800000000000000e+04
1.389400000000000000e+04
1.390400000000000000e+04
1.395400000000000000e+04
1.396100000000000000e+04
1.399700000000000000e+04
1.401300000000000000e+04
1.403400000000000000e+04
1.403800000000000000e+04
1.404100000000000000e+04
1.405100000000000000e+04
1.406800000000000000e+04
1.408300000000000000e+04
1.410800000000000000e+04
1.415900000000000000e+04
1.416100000000000000e+04
1.416200000000000000e+04
1.416300000000000000e+04
1.416500000000000000e+04
1.417300000000000000e+04
1.418800000000000000e+04
1.420500000000000000e+04
1.421100000000000000e+04
1.422900000000000000e+04
1.427800000000000000e+04
1.428300000000000000e+04
1.429700000000000000e+04
1.432800000000000000e+04
1.434100000000000000e+04
1.435500000000000000e+04
1.435800000000000000e+04
1.436300000000000000e+04
1.436600000000000000e+04
1.436700000000000000e+04
1.437100000000000000e+04
1.438500000000000000e+04
1.439400000000000000e+04
1.442100000000000000e+04
1.445000000000000000e+04
1.447800000000000000e+04
1.450300000000000000e+04
1.451400000000000000e+04
1.451800000000000000e+04
1.452800000000000000e+04
1.453400000000000000e+04
1.453800000000000000e+04
1.455500000000000000e+04
1.456900000000000000e+04
1.459500000000000000e+04
1.459600000000000000e+04
1.462600000000000000e+04
1.464200000000000000e+04
1.465100000000000000e+04
1.465800000000000000e+04
1.466700000000000000e+04
1.467700000000000000e+04
1.469600000000000000e+04
1.470400000000000000e+04
1.471200000000000000e+04
1.471300000000000000e+04
1.471500000000000000e+04
1.471900000000000000e+04
1.472800000000000000e+04
1.473900000000000000e+04
1.477200000000000000e+04
1.478300000000000000e+04
1.480200000000000000e+04
1.484600000000000000e+04
1.484900000000000000e+04
1.486200000000000000e+04
1.487300000000000000e+04
1.489200000000000000e+04
1.493400000000000000e+04
1.493500000000000000e+04
1.494200000000000000e+04
1.494700000000000000e+04
1.495400000000000000e+04
1.495900000000000000e+04
1.496600000000000000e+04
1.498100000000000000e+04
1.499000000000000000e+04
1.499500000000000000e+04
1.499600000000000000e+04
1.501900000000000000e+04
1.502900000000000000e+04
1.504900000000000000e+04
1.506200000000000000e+04
1.507900000000000000e+04
1.508900000000000000e+04
1.512700000000000000e+04
1.514300000000000000e+04
1.515500000000000000e+04
1.516700000000000000e+04
1.522200000000000000e+04
1.524300000000000000e+04
1.528000000000000000e+04
1.529900000000000000e+04
1.531600000000000000e+04
1.532000000000000000e+04
1.533400000000000000e+04
1.536700000000000000e+04
1.537200000000000000e+04
1.539200000000000000e+04
1.540100000000000000e+04
1.540200000000000000e+04
1.543900000000000000e+04
1.546900000000000000e+04
1.547100000000000000e+04
1.551400000000000000e+04
1.553600000000000000e+04
1.554300000000000000e+04
1.554800000000000000e+04
1.556200000000000000e+04
1.556600000000000000e+04
1.556700000000000000e+04
1.560200000000000000e+04
1.563400000000000000e+04
1.566500000000000000e+04
1.569200000000000000e+04
1.570000000000000000e+04
1.570400000000000000e+04
1.571900000000000000e+04
1.572500000000000000e+04
1.572600000000000000e+04
1.573400000000000000e+04
1.573700000000000000e+04
1.576000000000000000e+04
1.576200000000000000e+04
1.578300000000000000e+04
1.578600000000000000e+04
1.587800000000000000e+04
1.589300000000000000e+04
1.590600000000000000e+04
1.593600000000000000e+04
1.593700000000000000e+04
1.593800000000000000e+04
1.596300000000000000e+04
1.597900000000000000e+04
1.598800000000000000e+04
1.598900000000000000e+04
1.599300000000000000e+04
1.599400000000000000e+04
1.599500000000000000e+04
1.599600000000000000e+04
1.599800000000000000e+04
1.599900000000000000e+04
1.600900000000000000e+04
1.601600000000000000e+04
1.606400000000000000e+04
1.608300000000000000e+04
1.609600000000000000e+04
1.612600000000000000e+04
1.612800000000000000e+04
1.613400000000000000e+04
1.613800000000000000e+04
1.614400000000000000e+04
1.615500000000000000e+04
1.616100000000000000e+04
1.616300000000000000e+04
1.618400000000000000e+04
1.618900000000000000e+04
1.621900000000000000e+04
1.623400000000000000e+04
1.623500000000000000e+04
1.625400000000000000e+04
1.626600000000000000e+04
1.626700000000000000e+04
1.627700000000000000e+04
1.628600000000000000e+04
1.629800000000000000e+04
1.631500000000000000e+04
1.632100000000000000e+04
1.635800000000000000e+04
1.636100000000000000e+04
1.636600000000000000e+04
1.637000000000000000e+04
1.638700000000000000e+04
1.639400000000000000e+04
1.639500000000000000e+04
1.639900000000000000e+04
1.642800000000000000e+04
1.643500000000000000e+04
1.645300000000000000e+04
1.645500000000000000e+04
1.650200000000000000e+04
1.650900000000000000e+04
1.651000000000000000e+04
1.652400000000000000e+04
1.656200000000000000e+04
1.657000000000000000e+04
1.658500000000000000e+04
1.659200000000000000e+04
1.660900000000000000e+04
1.662700000000000000e+04
1.664200000000000000e+04
1.665300000000000000e+04
1.667400000000000000e+04
1.668500000000000000e+04
1.668800000000000000e+04
1.671300000000000000e+04
1.671800000000000000e+04
1.673600000000000000e+04
1.673800000000000000e+04
1.676400000000000000e+04
1.677300000000000000e+04
1.683200000000000000e+04
1.686700000000000000e+04
1.687600000000000000e+04
1.688200000000000000e+04
1.689400000000000000e+04
1.690100000000000000e+04
1.692600000000000000e+04
1.692700000000000000e+04
1.692800000000000000e+04
1.693500000000000000e+04
1.695400000000000000e+04
1.697200000000000000e+04
1.697300000000000000e+04
1.697900000000000000e+04
1.699100000000000000e+04
1.700100000000000000e+04
1.705200000000000000e+04
1.705700000000000000e+04
1.706400000000000000e+04
1.706500000000000000e+04
1.707800000000000000e+04
1.708000000000000000e+04
1.710400000000000000e+04
1.710700000000000000e+04
1.711000000000000000e+04
1.711800000000000000e+04
1.712100000000000000e+04
1.712800000000000000e+04
1.714200000000000000e+04
1.715900000000000000e+04
1.717100000000000000e+04
1.718100000000000000e+04
1.719500000000000000e+04
1.721700000000000000e+04
1.721900000000000000e+04
1.728000000000000000e+04
1.729900000000000000e+04
1.732700000000000000e+04
1.735500000000000000e+04
1.737300000000000000e+04
1.738100000000000000e+04
1.738900000000000000e+04
1.739600000000000000e+04
1.748100000000000000e+04
1.751900000000000000e+04
1.755200000000000000e+04
1.756500000000000000e+04
1.757200000000000000e+04
1.757800000000000000e+04
1.758100000000000000e+04
1.759600000000000000e+04
1.767400000000000000e+04
1.767700000000000000e+04
1.772800000000000000e+04
1.773100000000000000e+04
1.773700000000000000e+04
1.775900000000000000e+04
1.776500000000000000e+04
1.777500000000000000e+04
1.778400000000000000e+04
1.780700000000000000e+04
1.781400000000000000e+04
1.781500000000000000e+04
1.781600000000000000e+04
1.781800000000000000e+04
1.781900000000000000e+04
1.782000000000000000e+04
1.782400000000000000e+04
1.785600000000000000e+04
1.788400000000000000e+04
1.790800000000000000e+04
1.795400000000000000e+04
1.795800000000000000e+04
1.797700000000000000e+04
1.797900000000000000e+04
1.799500000000000000e+04
1.802100000000000000e+04
1.802200000000000000e+04
1.802700000000000000e+04
1.802900000000000000e+04
1.804700000000000000e+04
1.807100000000000000e+04
1.809400000000000000e+04
1.809800000000000000e+04
1.810500000000000000e+04
1.813000000000000000e+04
1.814800000000000000e+04
1.815900000000000000e+04
1.818700000000000000e+04
1.820800000000000000e+04
1.823200000000000000e+04
1.823800000000000000e+04
1.824400000000000000e+04
1.825400000000000000e+04
1.826200000000000000e+04
1.826400000000000000e+04
1.829500000000000000e+04
1.830100000000000000e+04
1.832700000000000000e+04
1.833900000000000000e+04
1.835200000000000000e+04
1.836300000000000000e+04
1.837700000000000000e+04
1.837800000000000000e+04
1.839400000000000000e+04
1.840500000000000000e+04
1.841300000000000000e+04
1.841800000000000000e+04
1.844500000000000000e+04
1.846000000000000000e+04
1.846900000000000000e+04
1.847100000000000000e+04
1.847400000000000000e+04
1.856400000000000000e+04
1.856500000000000000e+04
1.858600000000000000e+04
1.858800000000000000e+04
1.860000000000000000e+04
1.861700000000000000e+04
1.862700000000000000e+04
1.862800000000000000e+04
1.863100000000000000e+04
1.863900000000000000e+04
1.865800000000000000e+04
1.866400000000000000e+04
1.869900000000000000e+04
1.872500000000000000e+04
1.873800000000000000e+04
1.875300000000000000e+04
1.877100000000000000e+04
1.877900000000000000e+04
1.880400000000000000e+04
1.880800000000000000e+04
1.885700000000000000e+04
1.886800000000000000e+04
1.887600000000000000e+04
1.890800000000000000e+04
1.892900000000000000e+04
1.893300000000000000e+04
1.893400000000000000e+04
1.895500000000000000e+04
1.895800000000000000e+04
1.896200000000000000e+04
1.897900000000000000e+04
1.899200000000000000e+04
1.900100000000000000e+04
1.900900000000000000e+04
1.901600000000000000e+04
1.902200000000000000e+04
1.906000000000000000e+04
1.906500000000000000e+04
1.906700000000000000e+04
1.907900000000000000e+04
1.908300000000000000e+04
1.909400000000000000e+04
1.909800000000000000e+04
1.911600000000000000e+04
1.914800000000000000e+04
1.916800000000000000e+04
1.920700000000000000e+04
1.921400000000000000e+04
1.922800000000000000e+04
1.924500000000000000e+04
1.924800000000000000e+04
1.927500000000000000e+04
1.928400000000000000e+04
1.928700000000000000e+04
1.928900000000000000e+04
1.932400000000000000e+04
1.934000000000000000e+04
1.934100000000000000e+04
1.934400000000000000e+04
1.935400000000000000e+04
1.938600000000000000e+04
1.938700000000000000e+04
1.942800000000000000e+04
1.944200000000000000e+04
1.944300000000000000e+04
1.945700000000000000e+04
1.946100000000000000e+04
1.946200000000000000e+04
1.948300000000000000e+04
1.951100000000000000e+04
1.951400000000000000e+04
1.952400000000000000e+04
1.952600000000000000e+04
1.954300000000000000e+04
1.957600000000000000e+04
1.959900000000000000e+04
1.961600000000000000e+04
1.962500000000000000e+04
1.963000000000000000e+04
1.964300000000000000e+04
1.964800000000000000e+04
1.965300000000000000e+04
1.969100000000000000e+04
1.970800000000000000e+04
