2.300000000000000000e+01
2.500000000000000000e+01
4.500000000000000000e+01
8.000000000000000000e+01
1.070000000000000000e+02
1.160000000000000000e+02
1.180000000000000000e+02
1.290000000000000000e+02
1.370000000000000000e+02
1.430000000000000000e+02
1.520000000000000000e+02
1.760000000000000000e+02
1.790000000000000000e+02
1.820000000000000000e+02
1.900000000000000000e+02
1.920000000000000000e+02
1.980000000000000000e+02
2.010000000000000000e+02
2.450000000000000000e+02
2.660000000000000000e+02
2.770000000000000000e+02
2.900000000000000000e+02
2.920000000000000000e+02
3.060000000000000000e+02
3.120000000000000000e+02
3.210000000000000000e+02
3.220000000000000000e+02
3.420000000000000000e+02
3.830000000000000000e+02
3.950000000000000000e+02
3.960000000000000000e+02
4.050000000000000000e+02
4.080000000000000000e+02
4.220000000000000000e+02
4.230000000000000000e+02
4.410000000000000000e+02
4.440000000000000000e+02
4.460000000000000000e+02
4.480000000000000000e+02
4.740000000000000000e+02
4.830000000000000000e+02
4.930000000000000000e+02
4.980000000000000000e+02
5.150000000000000000e+02
5.230000000000000000e+02
5.480000000000000000e+02
5.600000000000000000e+02
5.660000000000000000e+02
5.670000000000000000e+02
5.710000000000000000e+02
5.930000000000000000e+02
6.020000000000000000e+02
6.080000000000000000e+02
6.130000000000000000e+02
6.290000000000000000e+02
6.430000000000000000e+02
6.450000000000000000e+02
6.460000000000000000e+02
6.630000000000000000e+02
6.740000000000000000e+02
6.750000000000000000e+02
7.030000000000000000e+02
7.050000000000000000e+02
7.100000000000000000e+02
7.280000000000000000e+02
7.330000000000000000e+02
7.530000000000000000e+02
7.650000000000000000e+02
8.130000000000000000e+02
8.140000000000000000e+02
8.150000000000000000e+02
8.170000000000000000e+02
8.190000000000000000e+02
8.260000000000000000e+02
8.570000000000000000e+02
8.680000000000000000e+02
8.710000000000000000e+02
8.790000000000000000e+02
8.970000000000000000e+02
9.110000000000000000e+02
9.140000000000000000e+02
9.260000000000000000e+02
9.370000000000000000e+02
9.510000000000000000e+02
9.690000000000000000e+02
9.860000000000000000e+02
1.013000000000000000e+03
1.019000000000000000e+03
1.023000000000000000e+03
1.026000000000000000e+03
1.044000000000000000e+03
1.047000000000000000e+03
1.053000000000000000e+03
1.054000000000000000e+03
1.069000000000000000e+03
1.071000000000000000e+03
1.100000000000000000e+03
1.102000000000000000e+03
1.104000000000000000e+03
1.111000000000000000e+03
1.112000000000000000e+03
1.123000000000000000e+03
1.135000000000000000e+03
1.144000000000000000e+03
1.154000000000000000e+03
1.209000000000000000e+03
1.214000000000000000e+03
1.250000000000000000e+03
1.270000000000000000e+03
1.276000000000000000e+03
1.305000000000000000e+03
1.309000000000000000e+03
1.331000000000000000e+03
1.366000000000000000e+03
1.386000000000000000e+03
1.409000000000000000e+03
1.413000000000000000e+03
1.416000000000000000e+03
1.439000000000000000e+03
1.444000000000000000e+03
1.447000000000000000e+03
1.458000000000000000e+03
1.465000000000000000e+03
1.466000000000000000e+03
1.494000000000000000e+03
1.528000000000000000e+03
1.531000000000000000e+03
1.542000000000000000e+03
1.586000000000000000e+03
1.597000000000000000e+03
1.619000000000000000e+03
1.646000000000000000e+03
1.662000000000000000e+03
1.665000000000000000e+03
1.670000000000000000e+03
1.674000000000000000e+03
1.699000000000000000e+03
1.733000000000000000e+03
1.761000000000000000e+03
1.763000000000000000e+03
1.764000000000000000e+03
1.777000000000000000e+03
1.784000000000000000e+03
1.789000000000000000e+03
1.792000000000000000e+03
1.824000000000000000e+03
1.826000000000000000e+03
1.832000000000000000e+03
1.834000000000000000e+03
1.836000000000000000e+03
1.866000000000000000e+03
1.874000000000000000e+03
1.885000000000000000e+03
1.893000000000000000e+03
1.918000000000000000e+03
1.919000000000000000e+03
1.937000000000000000e+03
1.938000000000000000e+03
1.941000000000000000e+03
1.948000000000000000e+03
1.963000000000000000e+03
1.966000000000000000e+03
1.967000000000000000e+03
1.979000000000000000e+03
1.982000000000000000e+03
1.997000000000000000e+03
2.005000000000000000e+03
2.010000000000000000e+03
2.023000000000000000e+03
2.028000000000000000e+03
2.030000000000000000e+03
2.051000000000000000e+03
2.066000000000000000e+03
2.089000000000000000e+03
2.093000000000000000e+03
2.104000000000000000e+03
2.127000000000000000e+03
2.129000000000000000e+03
2.133000000000000000e+03
2.136000000000000000e+03
2.145000000000000000e+03
2.147000000000000000e+03
2.148000000000000000e+03
2.180000000000000000e+03
2.187000000000000000e+03
2.194000000000000000e+03
2.209000000000000000e+03
2.210000000000000000e+03
2.226000000000000000e+03
2.237000000000000000e+03
2.249000000000000000e+03
2.263000000000000000e+03
2.297000000000000000e+03
2.312000000000000000e+03
2.313000000000000000e+03
2.319000000000000000e+03
2.352000000000000000e+03
2.356000000000000000e+03
2.378000000000000000e+03
2.389000000000000000e+03
2.394000000000000000e+03
2.400000000000000000e+03
2.409000000000000000e+03
2.424000000000000000e+03
2.455000000000000000e+03
2.472000000000000000e+03
2.479000000000000000e+03
2.512000000000000000e+03
2.526000000000000000e+03
2.534000000000000000e+03
2.539000000000000000e+03
2.541000000000000000e+03
2.579000000000000000e+03
2.581000000000000000e+03
2.587000000000000000e+03
2.594000000000000000e+03
2.609000000000000000e+03
2.612000000000000000e+03
2.613000000000000000e+03
2.638000000000000000e+03
2.655000000000000000e+03
2.657000000000000000e+03
2.661000000000000000e+03
2.670000000000000000e+03
2.672000000000000000e+03
2.689000000000000000e+03
2.690000000000000000e+03
2.729000000000000000e+03
2.739000000000000000e+03
2.741000000000000000e+03
2.747000000000000000e+03
2.751000000000000000e+03
2.755000000000000000e+03
2.767000000000000000e+03
2.770000000000000000e+03
2.771000000000000000e+03
2.782000000000000000e+03
2.786000000000000000e+03
2.802000000000000000e+03
2.803000000000000000e+03
2.821000000000000000e+03
2.825000000000000000e+03
2.835000000000000000e+03
2.836000000000000000e+03
2.838000000000000000e+03
2.847000000000000000e+03
2.861000000000000000e+03
2.870000000000000000e+03
2.919000000000000000e+03
2.931000000000000000e+03
2.970000000000000000e+03
3.005000000000000000e+03
3.031000000000000000e+03
3.036000000000000000e+03
3.040000000000000000e+03
3.044000000000000000e+03
3.058000000000000000e+03
3.065000000000000000e+03
3.067000000000000000e+03
3.087000000000000000e+03
3.099000000000000000e+03
3.108000000000000000e+03
3.109000000000000000e+03
3.111000000000000000e+03
3.195000000000000000e+03
3.200000000000000000e+03
3.246000000000000000e+03
3.250000000000000000e+03
3.256000000000000000e+03
3.264000000000000000e+03
3.301000000000000000e+03
3.305000000000000000e+03
3.312000000000000000e+03
3.313000000000000000e+03
3.323000000000000000e+03
3.354000000000000000e+03
3.366000000000000000e+03
3.373000000000000000e+03
3.377000000000000000e+03
3.384000000000000000e+03
3.390000000000000000e+03
3.396000000000000000e+03
3.406000000000000000e+03
3.423000000000000000e+03
3.440000000000000000e+03
3.449000000000000000e+03
3.460000000000000000e+03
3.465000000000000000e+03
3.468000000000000000e+03
3.476000000000000000e+03
3.488000000000000000e+03
3.499000000000000000e+03
3.502000000000000000e+03
3.504000000000000000e+03
3.516000000000000000e+03
3.564000000000000000e+03
3.585000000000000000e+03
3.603000000000000000e+03
3.612000000000000000e+03
3.621000000000000000e+03
3.636000000000000000e+03
3.649000000000000000e+03
3.655000000000000000e+03
3.668000000000000000e+03
3.671000000000000000e+03
3.675000000000000000e+03
3.697000000000000000e+03
3.702000000000000000e+03
3.706000000000000000e+03
3.712000000000000000e+03
3.734000000000000000e+03
3.743000000000000000e+03
3.747000000000000000e+03
3.752000000000000000e+03
3.753000000000000000e+03
3.755000000000000000e+03
3.765000000000000000e+03
3.768000000000000000e+03
3.769000000000000000e+03
3.781000000000000000e+03
3.814000000000000000e+03
3.819000000000000000e+03
3.845000000000000000e+03
3.908000000000000000e+03
3.919000000000000000e+03
3.924000000000000000e+03
3.953000000000000000e+03
3.961000000000000000e+03
3.971000000000000000e+03
3.975000000000000000e+03
3.994000000000000000e+03
4.002000000000000000e+03
4.014000000000000000e+03
4.021000000000000000e+03
4.026000000000000000e+03
4.035000000000000000e+03
4.038000000000000000e+03
4.053000000000000000e+03
4.073000000000000000e+03
4.074000000000000000e+03
4.078000000000000000e+03
4.079000000000000000e+03
4.096000000000000000e+03
4.101000000000000000e+03
4.112000000000000000e+03
4.148000000000000000e+03
4.150000000000000000e+03
4.168000000000000000e+03
4.176000000000000000e+03
4.177000000000000000e+03
4.206000000000000000e+03
4.208000000000000000e+03
4.213000000000000000e+03
4.216000000000000000e+03
4.233000000000000000e+03
4.240000000000000000e+03
4.242000000000000000e+03
4.274000000000000000e+03
4.276000000000000000e+03
4.277000000000000000e+03
4.278000000000000000e+03
4.288000000000000000e+03
4.300000000000000000e+03
4.301000000000000000e+03
4.319000000000000000e+03
4.344000000000000000e+03
4.356000000000000000e+03
4.358000000000000000e+03
4.359000000000000000e+03
4.368000000000000000e+03
4.370000000000000000e+03
4.375000000000000000e+03
4.378000000000000000e+03
4.379000000000000000e+03
4.383000000000000000e+03
4.385000000000000000e+03
4.386000000000000000e+03
4.392000000000000000e+03
4.414000000000000000e+03
4.425000000000000000e+03
4.450000000000000000e+03
4.452000000000000000e+03
4.453000000000000000e+03
4.456000000000000000e+03
4.467000000000000000e+03
4.477000000000000000e+03
4.480000000000000000e+03
4.488000000000000000e+03
4.490000000000000000e+03
4.505000000000000000e+03
4.517000000000000000e+03
4.518000000000000000e+03
4.521000000000000000e+03
4.530000000000000000e+03
4.539000000000000000e+03
4.558000000000000000e+03
4.566000000000000000e+03
4.569000000000000000e+03
4.578000000000000000e+03
4.580000000000000000e+03
4.581000000000000000e+03
4.584000000000000000e+03
4.587000000000000000e+03
4.610000000000000000e+03
4.611000000000000000e+03
4.623000000000000000e+03
4.634000000000000000e+03
4.637000000000000000e+03
4.662000000000000000e+03
4.665000000000000000e+03
4.691000000000000000e+03
4.710000000000000000e+03
4.714000000000000000e+03
4.728000000000000000e+03
4.730000000000000000e+03
4.738000000000000000e+03
4.742000000000000000e+03
4.743000000000000000e+03
4.750000000000000000e+03
4.752000000000000000e+03
4.758000000000000000e+03
4.772000000000000000e+03
4.776000000000000000e+03
4.803000000000000000e+03
4.812000000000000000e+03
4.829000000000000000e+03
4.834000000000000000e+03
4.843000000000000000e+03
4.865000000000000000e+03
4.866000000000000000e+03
4.868000000000000000e+03
4.875000000000000000e+03
4.890000000000000000e+03
4.891000000000000000e+03
4.931000000000000000e+03
4.937000000000000000e+03
4.946000000000000000e+03
4.960000000000000000e+03
4.964000000000000000e+03
4.982000000000000000e+03
4.997000000000000000e+03
5.002000000000000000e+03
5.019000000000000000e+03
5.041000000000000000e+03
5.045000000000000000e+03
5.048000000000000000e+03
5.059000000000000000e+03
5.083000000000000000e+03
5.092000000000000000e+03
5.124000000000000000e+03
5.141000000000000000e+03
5.149000000000000000e+03
5.171000000000000000e+03
5.172000000000000000e+03
5.212000000000000000e+03
5.232000000000000000e+03
5.239000000000000000e+03
5.304000000000000000e+03
5.319000000000000000e+03
5.324000000000000000e+03
5.329000000000000000e+03
5.336000000000000000e+03
5.338000000000000000e+03
5.339000000000000000e+03
5.363000000000000000e+03
5.379000000000000000e+03
5.381000000000000000e+03
5.408000000000000000e+03
5.424000000000000000e+03
5.452000000000000000e+03
5.453000000000000000e+03
5.455000000000000000e+03
5.458000000000000000e+03
5.464000000000000000e+03
5.473000000000000000e+03
5.477000000000000000e+03
5.481000000000000000e+03
5.497000000000000000e+03
5.500000000000000000e+03
5.528000000000000000e+03
5.538000000000000000e+03
5.544000000000000000e+03
5.582000000000000000e+03
5.591000000000000000e+03
5.594000000000000000e+03
5.614000000000000000e+03
5.618000000000000000e+03
5.629000000000000000e+03
5.637000000000000000e+03
5.645000000000000000e+03
5.647000000000000000e+03
5.676000000000000000e+03
5.680000000000000000e+03
5.704000000000000000e+03
5.705000000000000000e+03
5.730000000000000000e+03
5.762000000000000000e+03
5.778000000000000000e+03
5.780000000000000000e+03
5.788000000000000000e+03
5.795000000000000000e+03
5.800000000000000000e+03
5.806000000000000000e+03
5.823000000000000000e+03
5.827000000000000000e+03
5.838000000000000000e+03
5.859000000000000000e+03
5.864000000000000000e+03
5.872000000000000000e+03
5.878000000000000000e+03
5.888000000000000000e+03
5.892000000000000000e+03
5.893000000000000000e+03
5.898000000000000000e+03
5.899000000000000000e+03
5.900000000000000000e+03
5.907000000000000000e+03
5.911000000000000000e+03
5.932000000000000000e+03
5.939000000000000000e+03
5.954000000000000000e+03
5.955000000000000000e+03
5.996000000000000000e+03
6.017000000000000000e+03
6.023000000000000000e+03
6.028000000000000000e+03
6.031000000000000000e+03
6.032000000000000000e+03
6.037000000000000000e+03
6.046000000000000000e+03
6.055000000000000000e+03
6.066000000000000000e+03
6.068000000000000000e+03
6.071000000000000000e+03
6.096000000000000000e+03
6.100000000000000000e+03
6.107000000000000000e+03
6.108000000000000000e+03
6.121000000000000000e+03
6.158000000000000000e+03
6.159000000000000000e+03
6.160000000000000000e+03
6.162000000000000000e+03
6.165000000000000000e+03
6.179000000000000000e+03
6.191000000000000000e+03
6.210000000000000000e+03
6.220000000000000000e+03
6.225000000000000000e+03
6.236000000000000000e+03
6.243000000000000000e+03
6.248000000000000000e+03
6.254000000000000000e+03
6.255000000000000000e+03
6.260000000000000000e+03
6.283000000000000000e+03
6.284000000000000000e+03
6.291000000000000000e+03
6.294000000000000000e+03
6.303000000000000000e+03
6.307000000000000000e+03
6.309000000000000000e+03
6.360000000000000000e+03
6.396000000000000000e+03
6.402000000000000000e+03
6.422000000000000000e+03
6.457000000000000000e+03
6.469000000000000000e+03
6.471000000000000000e+03
6.477000000000000000e+03
6.483000000000000000e+03
6.485000000000000000e+03
6.491000000000000000e+03
6.504000000000000000e+03
6.538000000000000000e+03
6.547000000000000000e+03
6.622000000000000000e+03
6.658000000000000000e+03
6.676000000000000000e+03
6.679000000000000000e+03
6.693000000000000000e+03
6.696000000000000000e+03
6.698000000000000000e+03
6.703000000000000000e+03
6.716000000000000000e+03
6.736000000000000000e+03
6.766000000000000000e+03
6.815000000000000000e+03
6.819000000000000000e+03
6.820000000000000000e+03
6.827000000000000000e+03
6.846000000000000000e+03
6.869000000000000000e+03
6.875000000000000000e+03
6.878000000000000000e+03
6.879000000000000000e+03
6.886000000000000000e+03
6.957000000000000000e+03
6.969000000000000000e+03
6.971000000000000000e+03
6.974000000000000000e+03
6.979000000000000000e+03
7.011000000000000000e+03
7.014000000000000000e+03
7.018000000000000000e+03
7.029000000000000000e+03
7.033000000000000000e+03
7.051000000000000000e+03
7.052000000000000000e+03
7.054000000000000000e+03
7.060000000000000000e+03
7.062000000000000000e+03
7.072000000000000000e+03
7.089000000000000000e+03
7.094000000000000000e+03
7.109000000000000000e+03
7.114000000000000000e+03
7.117000000000000000e+03
7.118000000000000000e+03
7.119000000000000000e+03
7.121000000000000000e+03
7.133000000000000000e+03
7.135000000000000000e+03
7.138000000000000000e+03
7.149000000000000000e+03
7.160000000000000000e+03
7.167000000000000000e+03
7.196000000000000000e+03
7.204000000000000000e+03
7.208000000000000000e+03
7.213000000000000000e+03
7.238000000000000000e+03
7.242000000000000000e+03
7.247000000000000000e+03
7.253000000000000000e+03
7.254000000000000000e+03
7.261000000000000000e+03
7.293000000000000000e+03
7.313000000000000000e+03
7.315000000000000000e+03
7.331000000000000000e+03
7.353000000000000000e+03
7.367000000000000000e+03
7.368000000000000000e+03
7.369000000000000000e+03
7.385000000000000000e+03
7.387000000000000000e+03
7.388000000000000000e+03
7.389000000000000000e+03
7.390000000000000000e+03
7.432000000000000000e+03
7.436000000000000000e+03
7.448000000000000000e+03
7.481000000000000000e+03
7.482000000000000000e+03
7.486000000000000000e+03
7.509000000000000000e+03
7.510000000000000000e+03
7.511000000000000000e+03
7.535000000000000000e+03
7.541000000000000000e+03
7.545000000000000000e+03
7.546000000000000000e+03
7.558000000000000000e+03
7.560000000000000000e+03
7.568000000000000000e+03
7.573000000000000000e+03
7.575000000000000000e+03
7.585000000000000000e+03
7.590000000000000000e+03
7.596000000000000000e+03
7.619000000000000000e+03
7.625000000000000000e+03
7.642000000000000000e+03
7.643000000000000000e+03
7.688000000000000000e+03
7.721000000000000000e+03
7.732000000000000000e+03
7.752000000000000000e+03
7.760000000000000000e+03
7.762000000000000000e+03
7.776000000000000000e+03
7.799000000000000000e+03
7.804000000000000000e+03
7.811000000000000000e+03
7.812000000000000000e+03
7.825000000000000000e+03
7.828000000000000000e+03
7.838000000000000000e+03
7.840000000000000000e+03
7.848000000000000000e+03
7.856000000000000000e+03
7.864000000000000000e+03
7.865000000000000000e+03
7.869000000000000000e+03
7.870000000000000000e+03
7.880000000000000000e+03
7.881000000000000000e+03
7.904000000000000000e+03
7.924000000000000000e+03
7.936000000000000000e+03
7.967000000000000000e+03
7.968000000000000000e+03
7.975000000000000000e+03
7.985000000000000000e+03
8.017000000000000000e+03
8.018000000000000000e+03
8.040000000000000000e+03
8.045000000000000000e+03
8.063000000000000000e+03
8.064000000000000000e+03
8.077000000000000000e+03
8.091000000000000000e+03
8.097000000000000000e+03
8.149000000000000000e+03
8.176000000000000000e+03
8.177000000000000000e+03
8.178000000000000000e+03
8.181000000000000000e+03
8.185000000000000000e+03
8.220000000000000000e+03
8.221000000000000000e+03
8.227000000000000000e+03
8.238000000000000000e+03
8.248000000000000000e+03
8.259000000000000000e+03
8.265000000000000000e+03
8.266000000000000000e+03
8.271000000000000000e+03
8.282000000000000000e+03
8.287000000000000000e+03
8.293000000000000000e+03
8.306000000000000000e+03
8.308000000000000000e+03
8.322000000000000000e+03
8.328000000000000000e+03
8.331000000000000000e+03
8.339000000000000000e+03
8.347000000000000000e+03
8.358000000000000000e+03
8.362000000000000000e+03
8.366000000000000000e+03
8.375000000000000000e+03
8.386000000000000000e+03
8.389000000000000000e+03
8.390000000000000000e+03
8.419000000000000000e+03
8.431000000000000000e+03
8.441000000000000000e+03
8.450000000000000000e+03
8.456000000000000000e+03
8.466000000000000000e+03
8.501000000000000000e+03
8.502000000000000000e+03
8.517000000000000000e+03
8.521000000000000000e+03
8.526000000000000000e+03
8.540000000000000000e+03
8.556000000000000000e+03
8.562000000000000000e+03
8.568000000000000000e+03
8.570000000000000000e+03
8.571000000000000000e+03
8.577000000000000000e+03
8.590000000000000000e+03
8.593000000000000000e+03
8.614000000000000000e+03
8.630000000000000000e+03
8.634000000000000000e+03
8.643000000000000000e+03
8.684000000000000000e+03
8.692000000000000000e+03
8.712000000000000000e+03
8.731000000000000000e+03
8.733000000000000000e+03
8.734000000000000000e+03
8.744000000000000000e+03
8.750000000000000000e+03
8.755000000000000000e+03
8.765000000000000000e+03
8.800000000000000000e+03
8.805000000000000000e+03
8.806000000000000000e+03
8.811000000000000000e+03
8.812000000000000000e+03
8.813000000000000000e+03
8.827000000000000000e+03
8.838000000000000000e+03
8.847000000000000000e+03
8.869000000000000000e+03
8.893000000000000000e+03
8.895000000000000000e+03
8.925000000000000000e+03
8.941000000000000000e+03
8.942000000000000000e+03
8.954000000000000000e+03
8.979000000000000000e+03
9.011000000000000000e+03
9.013000000000000000e+03
9.025000000000000000e+03
9.033000000000000000e+03
9.034000000000000000e+03
9.041000000000000000e+03
9.048000000000000000e+03
9.070000000000000000e+03
9.096000000000000000e+03
9.098000000000000000e+03
9.125000000000000000e+03
9.131000000000000000e+03
9.133000000000000000e+03
9.136000000000000000e+03
9.146000000000000000e+03
9.148000000000000000e+03
9.158000000000000000e+03
9.163000000000000000e+03
9.168000000000000000e+03
9.174000000000000000e+03
9.187000000000000000e+03
9.218000000000000000e+03
9.231000000000000000e+03
9.233000000000000000e+03
9.244000000000000000e+03
9.277000000000000000e+03
9.298000000000000000e+03
9.307000000000000000e+03
9.335000000000000000e+03
9.361000000000000000e+03
9.362000000000000000e+03
9.372000000000000000e+03
9.380000000000000000e+03
9.390000000000000000e+03
9.391000000000000000e+03
9.393000000000000000e+03
9.404000000000000000e+03
9.406000000000000000e+03
9.407000000000000000e+03
9.408000000000000000e+03
9.416000000000000000e+03
9.421000000000000000e+03
9.424000000000000000e+03
9.455000000000000000e+03
9.458000000000000000e+03
9.472000000000000000e+03
9.486000000000000000e+03
9.493000000000000000e+03
9.497000000000000000e+03
9.540000000000000000e+03
9.549000000000000000e+03
9.559000000000000000e+03
9.606000000000000000e+03
9.616000000000000000e+03
9.618000000000000000e+03
9.661000000000000000e+03
9.676000000000000000e+03
9.684000000000000000e+03
9.711000000000000000e+03
9.722000000000000000e+03
9.723000000000000000e+03
9.726000000000000000e+03
9.734000000000000000e+03
9.744000000000000000e+03
9.753000000000000000e+03
9.783000000000000000e+03
9.813000000000000000e+03
9.814000000000000000e+03
9.822000000000000000e+03
9.854000000000000000e+03
9.859000000000000000e+03
9.864000000000000000e+03
9.880000000000000000e+03
9.887000000000000000e+03
9.889000000000000000e+03
9.895000000000000000e+03
9.898000000000000000e+03
9.904000000000000000e+03
9.919000000000000000e+03
9.929000000000000000e+03
9.934000000000000000e+03
9.935000000000000000e+03
9.936000000000000000e+03
9.943000000000000000e+03
9.945000000000000000e+03
9.970000000000000000e+03
9.973000000000000000e+03
1.002500000000000000e+04
1.003200000000000000e+04
1.005500000000000000e+04
1.006500000000000000e+04
1.009100000000000000e+04
1.009900000000000000e+04
1.010700000000000000e+04
1.011200000000000000e+04
1.014600000000000000e+04
1.015200000000000000e+04
1.017400000000000000e+04
1.018400000000000000e+04
1.019400000000000000e+04
1.019500000000000000e+04
1.019700000000000000e+04
1.020300000000000000e+04
1.021900000000000000e+04
1.022400000000000000e+04
1.024500000000000000e+04
1.028900000000000000e+04
1.029700000000000000e+04
1.030400000000000000e+04
1.031100000000000000e+04
1.032800000000000000e+04
1.033200000000000000e+04
1.033600000000000000e+04
1.033800000000000000e+04
1.036200000000000000e+04
1.038100000000000000e+04
1.038500000000000000e+04
1.041300000000000000e+04
1.041600000000000000e+04
1.042700000000000000e+04
1.045700000000000000e+04
1.047600000000000000e+04
1.050400000000000000e+04
1.051700000000000000e+04
1.051900000000000000e+04
1.052100000000000000e+04
1.053100000000000000e+04
1.053400000000000000e+04
1.054200000000000000e+04
1.055400000000000000e+04
1.055600000000000000e+04
1.057700000000000000e+04
1.058000000000000000e+04
1.058700000000000000e+04
1.059000000000000000e+04
1.059100000000000000e+04
1.060100000000000000e+04
1.062700000000000000e+04
1.063200000000000000e+04
1.064300000000000000e+04
1.064900000000000000e+04
1.066800000000000000e+04
1.070700000000000000e+04
1.072400000000000000e+04
1.073300000000000000e+04
1.074400000000000000e+04
1.075300000000000000e+04
1.076000000000000000e+04
1.078200000000000000e+04
1.079200000000000000e+04
1.081000000000000000e+04
1.081300000000000000e+04
1.081400000000000000e+04
1.084400000000000000e+04
1.088200000000000000e+04
1.089400000000000000e+04
1.089700000000000000e+04
1.090200000000000000e+04
1.090500000000000000e+04
1.091000000000000000e+04
1.091400000000000000e+04
1.092800000000000000e+04
1.093000000000000000e+04
1.093400000000000000e+04
1.094500000000000000e+04
1.094600000000000000e+04
1.094700000000000000e+04
1.094800000000000000e+04
1.094900000000000000e+04
1.095000000000000000e+04
1.095200000000000000e+04
1.095400000000000000e+04
1.096400000000000000e+04
1.096700000000000000e+04
1.097000000000000000e+04
1.097400000000000000e+04
1.097500000000000000e+04
1.097800000000000000e+04
1.098600000000000000e+04
1.102400000000000000e+04
1.102700000000000000e+04
1.103200000000000000e+04
1.103900000000000000e+04
1.105900000000000000e+04
1.106200000000000000e+04
1.106700000000000000e+04
1.107700000000000000e+04
1.108000000000000000e+04
1.110100000000000000e+04
1.110800000000000000e+04
1.110900000000000000e+04
1.111400000000000000e+04
1.111900000000000000e+04
1.112800000000000000e+04
1.113000000000000000e+04
1.113800000000000000e+04
1.114000000000000000e+04
1.117400000000000000e+04
1.117600000000000000e+04
1.119000000000000000e+04
1.119500000000000000e+04
1.120800000000000000e+04
1.122400000000000000e+04
1.123400000000000000e+04
1.123900000000000000e+04
1.124800000000000000e+04
1.124900000000000000e+04
1.126900000000000000e+04
1.129300000000000000e+04
1.129400000000000000e+04
1.130600000000000000e+04
1.132500000000000000e+04
1.134000000000000000e+04
1.134300000000000000e+04
1.134600000000000000e+04
1.135500000000000000e+04
1.136200000000000000e+04
1.136800000000000000e+04
1.138600000000000000e+04
1.139700000000000000e+04
1.140000000000000000e+04
1.141900000000000000e+04
1.144700000000000000e+04
1.145300000000000000e+04
1.145900000000000000e+04
1.146300000000000000e+04
1.147400000000000000e+04
1.148000000000000000e+04
1.148800000000000000e+04
1.153000000000000000e+04
1.153100000000000000e+04
1.154500000000000000e+04
1.156900000000000000e+04
1.158500000000000000e+04
1.159900000000000000e+04
1.160100000000000000e+04
1.160800000000000000e+04
1.163800000000000000e+04
1.164300000000000000e+04
1.167200000000000000e+04
1.167600000000000000e+04
1.170000000000000000e+04
1.170800000000000000e+04
1.171200000000000000e+04
1.171400000000000000e+04
1.172200000000000000e+04
1.173100000000000000e+04
1.173800000000000000e+04
1.173900000000000000e+04
1.174600000000000000e+04
1.175800000000000000e+04
1.176400000000000000e+04
1.177900000000000000e+04
1.178200000000000000e+04
1.178500000000000000e+04
1.179600000000000000e+04
1.182200000000000000e+04
1.184500000000000000e+04
1.185100000000000000e+04
1.186300000000000000e+04
1.188800000000000000e+04
1.190600000000000000e+04
1.190700000000000000e+04
1.192000000000000000e+04
1.194800000000000000e+04
1.195300000000000000e+04
1.195700000000000000e+04
1.198800000000000000e+04
1.198900000000000000e+04
1.200500000000000000e+04
1.200600000000000000e+04
1.200800000000000000e+04
1.202300000000000000e+04
1.203600000000000000e+04
1.203700000000000000e+04
1.204800000000000000e+04
1.205300000000000000e+04
1.206000000000000000e+04
1.206900000000000000e+04
1.208700000000000000e+04
1.208800000000000000e+04
1.209300000000000000e+04
1.210100000000000000e+04
1.211600000000000000e+04
1.212000000000000000e+04
1.213000000000000000e+04
1.213900000000000000e+04
1.214100000000000000e+04
1.214200000000000000e+04
1.214300000000000000e+04
1.215000000000000000e+04
1.216600000000000000e+04
1.218500000000000000e+04
1.218900000000000000e+04
1.221200000000000000e+04
1.222600000000000000e+04
1.222700000000000000e+04
1.223600000000000000e+04
1.223700000000000000e+04
1.224600000000000000e+04
1.225700000000000000e+04
1.226300000000000000e+04
1.229000000000000000e+04
1.229900000000000000e+04
1.230400000000000000e+04
1.231000000000000000e+04
1.232100000000000000e+04
1.235200000000000000e+04
1.237600000000000000e+04
1.238900000000000000e+04
1.241100000000000000e+04
1.241500000000000000e+04
1.241900000000000000e+04
1.243400000000000000e+04
1.244100000000000000e+04
1.244200000000000000e+04
1.245700000000000000e+04
1.247800000000000000e+04
1.248000000000000000e+04
1.248300000000000000e+04
1.252600000000000000e+04
1.254800000000000000e+04
1.255900000000000000e+04
1.256500000000000000e+04
1.258000000000000000e+04
1.258300000000000000e+04
1.259300000000000000e+04
1.261300000000000000e+04
1.262400000000000000e+04
1.263700000000000000e+04
1.264800000000000000e+04
1.265300000000000000e+04
1.266100000000000000e+04
1.266500000000000000e+04
1.266700000000000000e+04
1.266800000000000000e+04
1.267100000000000000e+04
1.267600000000000000e+04
1.267900000000000000e+04
1.268000000000000000e+04
1.269800000000000000e+04
1.270900000000000000e+04
1.271900000000000000e+04
1.273000000000000000e+04
1.273100000000000000e+04
1.274300000000000000e+04
1.276600000000000000e+04
1.278900000000000000e+04
1.280500000000000000e+04
1.281400000000000000e+04
1.284000000000000000e+04
1.288200000000000000e+04
1.289700000000000000e+04
1.290100000000000000e+04
1.290200000000000000e+04
1.292900000000000000e+04
1.293300000000000000e+04
1.293500000000000000e+04
1.293600000000000000e+04
1.293900000000000000e+04
1.294600000000000000e+04
1.295100000000000000e+04
1.296200000000000000e+04
1.296600000000000000e+04
1.298300000000000000e+04
1.300100000000000000e+04
1.300600000000000000e+04
1.301000000000000000e+04
1.301400000000000000e+04
1.302800000000000000e+04
1.303200000000000000e+04
1.304400000000000000e+04
1.305300000000000000e+04
1.305800000000000000e+04
1.306000000000000000e+04
1.309700000000000000e+04
1.309900000000000000e+04
1.313900000000000000e+04
1.315800000000000000e+04
1.317700000000000000e+04
1.317800000000000000e+04
1.319000000000000000e+04
1.321700000000000000e+04
1.322000000000000000e+04
1.324200000000000000e+04
1.325100000000000000e+04
1.325300000000000000e+04
1.329100000000000000e+04
1.330300000000000000e+04
1.331600000000000000e+04
1.331900000000000000e+04
1.333900000000000000e+04
1.334000000000000000e+04
1.335600000000000000e+04
1.337300000000000000e+04
1.338300000000000000e+04
1.339100000000000000e+04
1.340400000000000000e+04
1.342200000000000000e+04
1.343300000000000000e+04
1.347100000000000000e+04
1.348400000000000000e+04
1.349700000000000000e+04
1.349900000000000000e+04
1.350300000000000000e+04
1.351400000000000000e+04
1.352100000000000000e+04
1.356800000000000000e+04
1.357100000000000000e+04
1.358500000000000000e+04
1.362500000000000000e+04
1.363000000000000000e+04
1.367300000000000000e+04
1.368300000000000000e+04
1.369900000000000000e+04
1.373500000000000000e+04
1.374400000000000000e+04
1.374700000000000000e+04
1.375200000000000000e+04
1.376000000000000000e+04
1.376200000000000000e+04
1.376400000000000000e+04
1.378600000000000000e+04
1.379100000000000000e+04
1.379600000000000000e+04
1.383300000000000000e+04
1.383600000000000000e+04
1.384200000000000000e+04
1.384600000000000000e+04
1.385600000000000000e+04
1.385900000000000000e+04
1.386600000000000000e+04
1.386800000000000000e+04
1.387100000000000000e+04
1.387700000000000000e+04
1.388100000000000000e+04
1.388700000000000000e+04
1.389800000000000000e+04
1.390600000000000000e+04
1.392800000000000000e+04
1.393600000000000000e+04
1.396000000000000000e+04
1.396500000000000000e+04
1.398500000000000000e+04
1.399600000000000000e+04
1.399900000000000000e+04
1.403100000000000000e+04
1.403200000000000000e+04
1.405200000000000000e+04
1.407000000000000000e+04
1.407600000000000000e+04
1.408100000000000000e+04
1.408200000000000000e+04
1.408700000000000000e+04
1.408800000000000000e+04
1.409400000000000000e+04
1.409700000000000000e+04
1.411100000000000000e+04
1.413700000000000000e+04
1.415800000000000000e+04
1.418900000000000000e+04
1.419000000000000000e+04
1.425200000000000000e+04
1.426400000000000000e+04
1.428100000000000000e+04
1.429000000000000000e+04
1.429200000000000000e+04
1.430300000000000000e+04
1.432900000000000000e+04
1.433400000000000000e+04
1.436100000000000000e+04
1.437000000000000000e+04
1.438200000000000000e+04
1.439700000000000000e+04
1.440600000000000000e+04
1.440700000000000000e+04
1.440800000000000000e+04
1.441200000000000000e+04
1.441300000000000000e+04
1.442000000000000000e+04
1.442400000000000000e+04
1.444600000000000000e+04
1.444900000000000000e+04
1.445300000000000000e+04
1.446000000000000000e+04
1.447600000000000000e+04
1.449400000000000000e+04
1.449800000000000000e+04
1.452500000000000000e+04
1.452700000000000000e+04
1.453100000000000000e+04
1.453300000000000000e+04
1.456400000000000000e+04
1.458200000000000000e+04
1.458500000000000000e+04
1.458800000000000000e+04
1.459800000000000000e+04
1.461000000000000000e+04
1.461300000000000000e+04
1.462800000000000000e+04
1.462900000000000000e+04
1.463100000000000000e+04
1.464300000000000000e+04
1.464600000000000000e+04
1.464700000000000000e+04
1.465600000000000000e+04
1.466200000000000000e+04
1.466900000000000000e+04
1.468700000000000000e+04
1.471000000000000000e+04
1.472200000000000000e+04
1.473800000000000000e+04
1.474400000000000000e+04
1.475700000000000000e+04
1.476000000000000000e+04
1.476700000000000000e+04
1.479200000000000000e+04
1.481100000000000000e+04
1.481700000000000000e+04
1.482000000000000000e+04
1.482400000000000000e+04
1.483400000000000000e+04
1.483800000000000000e+04
1.485100000000000000e+04
1.485200000000000000e+04
1.485600000000000000e+04
1.485700000000000000e+04
1.486000000000000000e+04
1.486100000000000000e+04
1.486800000000000000e+04
1.487100000000000000e+04
1.487800000000000000e+04
1.488100000000000000e+04
1.488500000000000000e+04
1.491100000000000000e+04
1.491900000000000000e+04
1.494500000000000000e+04
1.500300000000000000e+04
1.501000000000000000e+04
1.501500000000000000e+04
1.505600000000000000e+04
1.506100000000000000e+04
1.507400000000000000e+04
1.510600000000000000e+04
1.511100000000000000e+04
1.515200000000000000e+04
1.515900000000000000e+04
1.517700000000000000e+04
1.518800000000000000e+04
1.519100000000000000e+04
1.519300000000000000e+04
1.519500000000000000e+04
1.519700000000000000e+04
1.520300000000000000e+04
1.521100000000000000e+04
1.522400000000000000e+04
1.524700000000000000e+04
1.524800000000000000e+04
1.525800000000000000e+04
1.527700000000000000e+04
1.528100000000000000e+04
1.529400000000000000e+04
1.530600000000000000e+04
1.532100000000000000e+04
1.532500000000000000e+04
1.533900000000000000e+04
1.535400000000000000e+04
1.536900000000000000e+04
1.537800000000000000e+04
1.538100000000000000e+04
1.538400000000000000e+04
1.538500000000000000e+04
1.542900000000000000e+04
1.544500000000000000e+04
1.545900000000000000e+04
1.546000000000000000e+04
1.547600000000000000e+04
1.548000000000000000e+04
1.550100000000000000e+04
1.550200000000000000e+04
1.550700000000000000e+04
1.551500000000000000e+04
1.551700000000000000e+04
1.554200000000000000e+04
1.554900000000000000e+04
1.555100000000000000e+04
1.555400000000000000e+04
1.555700000000000000e+04
1.557700000000000000e+04
1.560100000000000000e+04
1.562200000000000000e+04
1.562400000000000000e+04
1.562600000000000000e+04
1.563900000000000000e+04
1.564400000000000000e+04
1.565200000000000000e+04
1.567800000000000000e+04
1.568400000000000000e+04
1.569700000000000000e+04
1.570100000000000000e+04
1.570600000000000000e+04
1.571200000000000000e+04
1.571700000000000000e+04
1.571800000000000000e+04
1.573300000000000000e+04
1.574100000000000000e+04
1.575800000000000000e+04
1.576100000000000000e+04
1.576400000000000000e+04
1.577700000000000000e+04
1.577900000000000000e+04
1.578400000000000000e+04
1.578700000000000000e+04
1.579800000000000000e+04
1.579900000000000000e+04
1.580000000000000000e+04
1.580100000000000000e+04
1.580400000000000000e+04
1.580500000000000000e+04
1.580800000000000000e+04
1.581200000000000000e+04
1.581800000000000000e+04
1.583100000000000000e+04
1.583700000000000000e+04
1.584200000000000000e+04
1.586200000000000000e+04
1.586900000000000000e+04
1.587500000000000000e+04
1.588300000000000000e+04
1.588800000000000000e+04
1.589100000000000000e+04
1.589200000000000000e+04
1.589600000000000000e+04
1.592200000000000000e+04
1.592300000000000000e+04
1.592400000000000000e+04
1.595400000000000000e+04
1.600700000000000000e+04
1.603800000000000000e+04
1.604500000000000000e+04
1.605800000000000000e+04
1.607400000000000000e+04
1.608600000000000000e+04
1.608900000000000000e+04
1.609700000000000000e+04
1.611200000000000000e+04
1.612100000000000000e+04
1.613300000000000000e+04
1.614700000000000000e+04
1.616600000000000000e+04
1.617900000000000000e+04
1.621000000000000000e+04
1.622700000000000000e+04
1.622800000000000000e+04
1.625100000000000000e+04
1.628800000000000000e+04
1.630500000000000000e+04
1.630800000000000000e+04
1.631700000000000000e+04
1.635700000000000000e+04
1.636000000000000000e+04
1.636800000000000000e+04
1.639200000000000000e+04
1.640700000000000000e+04
1.641700000000000000e+04
1.642500000000000000e+04
1.642700000000000000e+04
1.644300000000000000e+04
1.645800000000000000e+04
1.647300000000000000e+04
1.647600000000000000e+04
1.647900000000000000e+04
1.648300000000000000e+04
1.648800000000000000e+04
1.649500000000000000e+04
1.655500000000000000e+04
1.659300000000000000e+04
1.660700000000000000e+04
1.661900000000000000e+04
1.663100000000000000e+04
1.663900000000000000e+04
1.664400000000000000e+04
1.665100000000000000e+04
1.665700000000000000e+04
1.666300000000000000e+04
1.666800000000000000e+04
1.667900000000000000e+04
1.669200000000000000e+04
1.669300000000000000e+04
1.669600000000000000e+04
1.671000000000000000e+04
1.672800000000000000e+04
1.674100000000000000e+04
1.674400000000000000e+04
1.676500000000000000e+04
1.678400000000000000e+04
1.678600000000000000e+04
1.678900000000000000e+04
1.681700000000000000e+04
1.683400000000000000e+04
1.684000000000000000e+04
1.684200000000000000e+04
1.685200000000000000e+04
1.685400000000000000e+04
1.685700000000000000e+04
1.686400000000000000e+04
1.688000000000000000e+04
1.688400000000000000e+04
1.689800000000000000e+04
1.690400000000000000e+04
1.693200000000000000e+04
1.693700000000000000e+04
1.693800000000000000e+04
1.697400000000000000e+04
1.697500000000000000e+04
1.698200000000000000e+04
1.698600000000000000e+04
1.701600000000000000e+04
1.704800000000000000e+04
1.706100000000000000e+04
1.707000000000000000e+04
1.707300000000000000e+04
1.707700000000000000e+04
1.709900000000000000e+04
1.713400000000000000e+04
1.714000000000000000e+04
1.716100000000000000e+04
1.716200000000000000e+04
1.716600000000000000e+04
1.716800000000000000e+04
1.717300000000000000e+04
1.717600000000000000e+04
1.717700000000000000e+04
1.718600000000000000e+04
1.720600000000000000e+04
1.722300000000000000e+04
1.723600000000000000e+04
1.724100000000000000e+04
1.724200000000000000e+04
1.724400000000000000e+04
1.725300000000000000e+04
1.726000000000000000e+04
1.726700000000000000e+04
1.728700000000000000e+04
1.729000000000000000e+04
1.729200000000000000e+04
1.731600000000000000e+04
1.731900000000000000e+04
1.733000000000000000e+04
1.733900000000000000e+04
1.734000000000000000e+04
1.735600000000000000e+04
1.736800000000000000e+04
1.738600000000000000e+04
1.738700000000000000e+04
1.740200000000000000e+04
1.740600000000000000e+04
1.741700000000000000e+04
1.742100000000000000e+04
1.742200000000000000e+04
1.743600000000000000e+04
1.745800000000000000e+04
1.746800000000000000e+04
1.747200000000000000e+04
1.750500000000000000e+04
1.751700000000000000e+04
1.753800000000000000e+04
1.754200000000000000e+04
1.754600000000000000e+04
1.760000000000000000e+04
1.760500000000000000e+04
1.760800000000000000e+04
1.761400000000000000e+04
1.762500000000000000e+04
1.763100000000000000e+04
1.763800000000000000e+04
1.765000000000000000e+04
1.765400000000000000e+04
1.766000000000000000e+04
1.766700000000000000e+04
1.768600000000000000e+04
1.769900000000000000e+04
1.770000000000000000e+04
1.770500000000000000e+04
1.771600000000000000e+04
1.773200000000000000e+04
1.775200000000000000e+04
1.777000000000000000e+04
1.778100000000000000e+04
1.780900000000000000e+04
1.782700000000000000e+04
1.782900000000000000e+04
1.783700000000000000e+04
1.784000000000000000e+04
1.785800000000000000e+04
1.785900000000000000e+04
1.786300000000000000e+04
1.786400000000000000e+04
1.788300000000000000e+04
1.789400000000000000e+04
1.790700000000000000e+04
1.792200000000000000e+04
1.794000000000000000e+04
1.794500000000000000e+04
1.794600000000000000e+04
1.797100000000000000e+04
1.797400000000000000e+04
1.798100000000000000e+04
1.799200000000000000e+04
1.799300000000000000e+04
1.800200000000000000e+04
1.802500000000000000e+04
1.802600000000000000e+04
1.806200000000000000e+04
1.812700000000000000e+04
1.812800000000000000e+04
1.813400000000000000e+04
1.813600000000000000e+04
1.814700000000000000e+04
1.815100000000000000e+04
1.815500000000000000e+04
1.816000000000000000e+04
1.816500000000000000e+04
1.817600000000000000e+04
1.819200000000000000e+04
1.822100000000000000e+04
1.822400000000000000e+04
1.822600000000000000e+04
1.824700000000000000e+04
1.824800000000000000e+04
1.826700000000000000e+04
1.827000000000000000e+04
1.827500000000000000e+04
1.827600000000000000e+04
1.829100000000000000e+04
1.831000000000000000e+04
1.831100000000000000e+04
1.832900000000000000e+04
1.833200000000000000e+04
1.833400000000000000e+04
1.833700000000000000e+04
1.833800000000000000e+04
1.836900000000000000e+04
1.838900000000000000e+04
1.840800000000000000e+04
1.842400000000000000e+04
1.843200000000000000e+04
1.846100000000000000e+04
1.847800000000000000e+04
1.848100000000000000e+04
1.848400000000000000e+04
1.850100000000000000e+04
1.851900000000000000e+04
1.852000000000000000e+04
1.853100000000000000e+04
1.853400000000000000e+04
1.854100000000000000e+04
1.854800000000000000e+04
1.857100000000000000e+04
1.864500000000000000e+04
1.865600000000000000e+04
1.866800000000000000e+04
1.868700000000000000e+04
1.869200000000000000e+04
1.869300000000000000e+04
1.870700000000000000e+04
1.871700000000000000e+04
1.872300000000000000e+04
1.873600000000000000e+04
1.874300000000000000e+04
1.875100000000000000e+04
1.875200000000000000e+04
1.875500000000000000e+04
1.875600000000000000e+04
1.878200000000000000e+04
1.879300000000000000e+04
1.880500000000000000e+04
1.881700000000000000e+04
1.883000000000000000e+04
1.884000000000000000e+04
1.885200000000000000e+04
1.885800000000000000e+04
1.885900000000000000e+04
1.886200000000000000e+04
1.891300000000000000e+04
1.894500000000000000e+04
1.895400000000000000e+04
1.896600000000000000e+04
1.897000000000000000e+04
1.899800000000000000e+04
1.901900000000000000e+04
1.902600000000000000e+04
1.904200000000000000e+04
1.904400000000000000e+04
1.905400000000000000e+04
1.905500000000000000e+04
1.906600000000000000e+04
1.906800000000000000e+04
1.908000000000000000e+04
1.908400000000000000e+04
1.910300000000000000e+04
1.912900000000000000e+04
1.915600000000000000e+04
1.917800000000000000e+04
1.918800000000000000e+04
1.919300000000000000e+04
1.920500000000000000e+04
1.922200000000000000e+04
1.923000000000000000e+04
1.923400000000000000e+04
1.923500000000000000e+04
1.925600000000000000e+04
1.926500000000000000e+04
1.928500000000000000e+04
1.929600000000000000e+04
1.931900000000000000e+04
1.933300000000000000e+04
1.933700000000000000e+04
1.933800000000000000e+04
1.934700000000000000e+04
1.936000000000000000e+04
1.936500000000000000e+04
1.937600000000000000e+04
1.937800000000000000e+04
1.939300000000000000e+04
1.940500000000000000e+04
1.940800000000000000e+04
1.941600000000000000e+04
1.942000000000000000e+04
1.943400000000000000e+04
1.944400000000000000e+04
1.946300000000000000e+04
1.946600000000000000e+04
1.947600000000000000e+04
1.948700000000000000e+04
1.949200000000000000e+04
1.949800000000000000e+04
1.950100000000000000e+04
1.953000000000000000e+04
1.953200000000000000e+04
1.953400000000000000e+04
1.955100000000000000e+04
1.955500000000000000e+04
1.956600000000000000e+04
1.957400000000000000e+04
1.958200000000000000e+04
1.960300000000000000e+04
1.960600000000000000e+04
1.963500000000000000e+04
1.964000000000000000e+04
1.964200000000000000e+04
1.965500000000000000e+04
1.967700000000000000e+04
1.968200000000000000e+04
1.969200000000000000e+04
1.969800000000000000e+04
1.969900000000000000e+04
