1.000000000000000000e+00
7.000000000000000000e+00
1.000000000000000000e+01
3.200000000000000000e+01
3.700000000000000000e+01
4.400000000000000000e+01
6.200000000000000000e+01
7.400000000000000000e+01
8.200000000000000000e+01
8.900000000000000000e+01
1.000000000000000000e+02
1.200000000000000000e+02
1.650000000000000000e+02
1.700000000000000000e+02
1.800000000000000000e+02
1.810000000000000000e+02
1.840000000000000000e+02
2.020000000000000000e+02
2.040000000000000000e+02
2.290000000000000000e+02
2.310000000000000000e+02
2.320000000000000000e+02
2.630000000000000000e+02
2.980000000000000000e+02
3.020000000000000000e+02
3.270000000000000000e+02
3.400000000000000000e+02
3.510000000000000000e+02
3.600000000000000000e+02
3.710000000000000000e+02
3.770000000000000000e+02
3.920000000000000000e+02
4.020000000000000000e+02
4.280000000000000000e+02
4.300000000000000000e+02
4.320000000000000000e+02
4.340000000000000000e+02
4.390000000000000000e+02
4.500000000000000000e+02
4.550000000000000000e+02
4.600000000000000000e+02
4.620000000000000000e+02
4.780000000000000000e+02
4.810000000000000000e+02
4.910000000000000000e+02
4.990000000000000000e+02
5.110000000000000000e+02
5.240000000000000000e+02
5.380000000000000000e+02
5.390000000000000000e+02
5.470000000000000000e+02
5.610000000000000000e+02
5.640000000000000000e+02
5.720000000000000000e+02
5.840000000000000000e+02
6.160000000000000000e+02
6.210000000000000000e+02
6.260000000000000000e+02
6.370000000000000000e+02
6.400000000000000000e+02
6.420000000000000000e+02
6.520000000000000000e+02
6.650000000000000000e+02
6.690000000000000000e+02
6.830000000000000000e+02
7.010000000000000000e+02
7.130000000000000000e+02
7.170000000000000000e+02
7.180000000000000000e+02
7.380000000000000000e+02
7.480000000000000000e+02
7.590000000000000000e+02
7.730000000000000000e+02
7.830000000000000000e+02
7.910000000000000000e+02
7.970000000000000000e+02
8.110000000000000000e+02
8.280000000000000000e+02
8.290000000000000000e+02
8.520000000000000000e+02
8.550000000000000000e+02
8.600000000000000000e+02
8.770000000000000000e+02
8.800000000000000000e+02
8.900000000000000000e+02
8.920000000000000000e+02
9.040000000000000000e+02
9.180000000000000000e+02
9.190000000000000000e+02
9.230000000000000000e+02
9.410000000000000000e+02
9.450000000000000000e+02
9.460000000000000000e+02
9.620000000000000000e+02
9.640000000000000000e+02
9.670000000000000000e+02
9.680000000000000000e+02
9.800000000000000000e+02
1.001000000000000000e+03
1.002000000000000000e+03
1.016000000000000000e+03
1.021000000000000000e+03
1.046000000000000000e+03
1.051000000000000000e+03
1.052000000000000000e+03
1.057000000000000000e+03
1.068000000000000000e+03
1.080000000000000000e+03
1.088000000000000000e+03
1.090000000000000000e+03
1.110000000000000000e+03
1.117000000000000000e+03
1.121000000000000000e+03
1.133000000000000000e+03
1.145000000000000000e+03
1.159000000000000000e+03
1.161000000000000000e+03
1.168000000000000000e+03
1.173000000000000000e+03
1.175000000000000000e+03
1.182000000000000000e+03
1.185000000000000000e+03
1.192000000000000000e+03
1.204000000000000000e+03
1.215000000000000000e+03
1.227000000000000000e+03
1.228000000000000000e+03
1.238000000000000000e+03
1.242000000000000000e+03
1.246000000000000000e+03
1.257000000000000000e+03
1.260000000000000000e+03
1.264000000000000000e+03
1.265000000000000000e+03
1.274000000000000000e+03
1.275000000000000000e+03
1.286000000000000000e+03
1.288000000000000000e+03
1.293000000000000000e+03
1.300000000000000000e+03
1.301000000000000000e+03
1.302000000000000000e+03
1.304000000000000000e+03
1.324000000000000000e+03
1.336000000000000000e+03
1.337000000000000000e+03
1.360000000000000000e+03
1.369000000000000000e+03
1.374000000000000000e+03
1.388000000000000000e+03
1.389000000000000000e+03
1.397000000000000000e+03
1.399000000000000000e+03
1.404000000000000000e+03
1.421000000000000000e+03
1.441000000000000000e+03
1.454000000000000000e+03
1.480000000000000000e+03
1.485000000000000000e+03
1.488000000000000000e+03
1.489000000000000000e+03
1.493000000000000000e+03
1.496000000000000000e+03
1.518000000000000000e+03
1.533000000000000000e+03
1.536000000000000000e+03
1.551000000000000000e+03
1.568000000000000000e+03
1.584000000000000000e+03
1.593000000000000000e+03
1.594000000000000000e+03
1.630000000000000000e+03
1.635000000000000000e+03
1.640000000000000000e+03
1.641000000000000000e+03
1.644000000000000000e+03
1.653000000000000000e+03
1.666000000000000000e+03
1.680000000000000000e+03
1.682000000000000000e+03
1.691000000000000000e+03
1.693000000000000000e+03
1.694000000000000000e+03
1.708000000000000000e+03
1.709000000000000000e+03
1.712000000000000000e+03
1.714000000000000000e+03
1.717000000000000000e+03
1.726000000000000000e+03
1.748000000000000000e+03
1.765000000000000000e+03
1.767000000000000000e+03
1.786000000000000000e+03
1.794000000000000000e+03
1.799000000000000000e+03
1.804000000000000000e+03
1.809000000000000000e+03
1.841000000000000000e+03
1.844000000000000000e+03
1.889000000000000000e+03
1.892000000000000000e+03
1.921000000000000000e+03
1.954000000000000000e+03
1.961000000000000000e+03
1.978000000000000000e+03
1.985000000000000000e+03
1.993000000000000000e+03
2.019000000000000000e+03
2.034000000000000000e+03
2.049000000000000000e+03
2.058000000000000000e+03
2.064000000000000000e+03
2.070000000000000000e+03
2.072000000000000000e+03
2.074000000000000000e+03
2.080000000000000000e+03
2.082000000000000000e+03
2.110000000000000000e+03
2.130000000000000000e+03
2.131000000000000000e+03
2.134000000000000000e+03
2.139000000000000000e+03
2.142000000000000000e+03
2.153000000000000000e+03
2.159000000000000000e+03
2.192000000000000000e+03
2.193000000000000000e+03
2.235000000000000000e+03
2.240000000000000000e+03
2.255000000000000000e+03
2.261000000000000000e+03
2.265000000000000000e+03
2.291000000000000000e+03
2.292000000000000000e+03
2.294000000000000000e+03
2.299000000000000000e+03
2.316000000000000000e+03
2.328000000000000000e+03
2.330000000000000000e+03
2.334000000000000000e+03
2.342000000000000000e+03
2.349000000000000000e+03
2.351000000000000000e+03
2.371000000000000000e+03
2.384000000000000000e+03
2.387000000000000000e+03
2.398000000000000000e+03
2.417000000000000000e+03
2.428000000000000000e+03
2.431000000000000000e+03
2.438000000000000000e+03
2.445000000000000000e+03
2.447000000000000000e+03
2.449000000000000000e+03
2.453000000000000000e+03
2.459000000000000000e+03
2.461000000000000000e+03
2.463000000000000000e+03
2.464000000000000000e+03
2.470000000000000000e+03
2.488000000000000000e+03
2.496000000000000000e+03
2.520000000000000000e+03
2.521000000000000000e+03
2.532000000000000000e+03
2.535000000000000000e+03
2.549000000000000000e+03
2.552000000000000000e+03
2.563000000000000000e+03
2.566000000000000000e+03
2.573000000000000000e+03
2.575000000000000000e+03
2.592000000000000000e+03
2.610000000000000000e+03
2.640000000000000000e+03
2.667000000000000000e+03
2.678000000000000000e+03
2.696000000000000000e+03
2.716000000000000000e+03
2.721000000000000000e+03
2.724000000000000000e+03
2.738000000000000000e+03
2.754000000000000000e+03
2.800000000000000000e+03
2.805000000000000000e+03
2.816000000000000000e+03
2.834000000000000000e+03
2.842000000000000000e+03
2.844000000000000000e+03
2.882000000000000000e+03
2.892000000000000000e+03
2.907000000000000000e+03
2.942000000000000000e+03
2.943000000000000000e+03
2.955000000000000000e+03
2.966000000000000000e+03
2.972000000000000000e+03
2.977000000000000000e+03
2.992000000000000000e+03
2.997000000000000000e+03
3.002000000000000000e+03
3.019000000000000000e+03
3.043000000000000000e+03
3.048000000000000000e+03
3.061000000000000000e+03
3.104000000000000000e+03
3.107000000000000000e+03
3.136000000000000000e+03
3.141000000000000000e+03
3.146000000000000000e+03
3.151000000000000000e+03
3.158000000000000000e+03
3.167000000000000000e+03
3.170000000000000000e+03
3.180000000000000000e+03
3.183000000000000000e+03
3.224000000000000000e+03
3.225000000000000000e+03
3.226000000000000000e+03
3.233000000000000000e+03
3.234000000000000000e+03
3.251000000000000000e+03
3.267000000000000000e+03
3.281000000000000000e+03
3.287000000000000000e+03
3.289000000000000000e+03
3.296000000000000000e+03
3.298000000000000000e+03
3.314000000000000000e+03
3.318000000000000000e+03
3.332000000000000000e+03
3.334000000000000000e+03
3.344000000000000000e+03
3.346000000000000000e+03
3.353000000000000000e+03
3.355000000000000000e+03
3.363000000000000000e+03
3.380000000000000000e+03
3.386000000000000000e+03
3.397000000000000000e+03
3.404000000000000000e+03
3.453000000000000000e+03
3.475000000000000000e+03
3.513000000000000000e+03
3.529000000000000000e+03
3.532000000000000000e+03
3.547000000000000000e+03
3.587000000000000000e+03
3.600000000000000000e+03
3.608000000000000000e+03
3.610000000000000000e+03
3.658000000000000000e+03
3.661000000000000000e+03
3.664000000000000000e+03
3.674000000000000000e+03
3.677000000000000000e+03
3.711000000000000000e+03
3.732000000000000000e+03
3.763000000000000000e+03
3.777000000000000000e+03
3.790000000000000000e+03
3.796000000000000000e+03
3.801000000000000000e+03
3.812000000000000000e+03
3.815000000000000000e+03
3.861000000000000000e+03
3.870000000000000000e+03
3.872000000000000000e+03
3.880000000000000000e+03
3.882000000000000000e+03
3.910000000000000000e+03
3.912000000000000000e+03
3.917000000000000000e+03
3.923000000000000000e+03
3.928000000000000000e+03
3.952000000000000000e+03
3.954000000000000000e+03
3.963000000000000000e+03
3.967000000000000000e+03
3.987000000000000000e+03
3.989000000000000000e+03
4.040000000000000000e+03
4.041000000000000000e+03
4.051000000000000000e+03
4.052000000000000000e+03
4.057000000000000000e+03
4.058000000000000000e+03
4.059000000000000000e+03
4.071000000000000000e+03
4.077000000000000000e+03
4.085000000000000000e+03
4.087000000000000000e+03
4.106000000000000000e+03
4.109000000000000000e+03
4.138000000000000000e+03
4.139000000000000000e+03
4.145000000000000000e+03
4.146000000000000000e+03
4.187000000000000000e+03
4.201000000000000000e+03
4.202000000000000000e+03
4.231000000000000000e+03
4.238000000000000000e+03
4.249000000000000000e+03
4.253000000000000000e+03
4.280000000000000000e+03
4.313000000000000000e+03
4.318000000000000000e+03
4.332000000000000000e+03
4.338000000000000000e+03
4.349000000000000000e+03
4.407000000000000000e+03
4.409000000000000000e+03
4.415000000000000000e+03
4.416000000000000000e+03
4.418000000000000000e+03
4.430000000000000000e+03
4.434000000000000000e+03
4.435000000000000000e+03
4.459000000000000000e+03
4.470000000000000000e+03
4.483000000000000000e+03
4.487000000000000000e+03
4.503000000000000000e+03
4.506000000000000000e+03
4.522000000000000000e+03
4.532000000000000000e+03
4.553000000000000000e+03
4.556000000000000000e+03
4.562000000000000000e+03
4.564000000000000000e+03
4.568000000000000000e+03
4.572000000000000000e+03
4.574000000000000000e+03
4.577000000000000000e+03
4.590000000000000000e+03
4.601000000000000000e+03
4.602000000000000000e+03
4.607000000000000000e+03
4.615000000000000000e+03
4.627000000000000000e+03
4.631000000000000000e+03
4.632000000000000000e+03
4.633000000000000000e+03
4.671000000000000000e+03
4.692000000000000000e+03
4.717000000000000000e+03
4.722000000000000000e+03
4.761000000000000000e+03
4.766000000000000000e+03
4.779000000000000000e+03
4.796000000000000000e+03
4.836000000000000000e+03
4.837000000000000000e+03
4.839000000000000000e+03
4.878000000000000000e+03
4.899000000000000000e+03
4.903000000000000000e+03
4.916000000000000000e+03
4.930000000000000000e+03
4.947000000000000000e+03
4.961000000000000000e+03
4.981000000000000000e+03
4.984000000000000000e+03
4.995000000000000000e+03
5.006000000000000000e+03
5.015000000000000000e+03
5.018000000000000000e+03
5.020000000000000000e+03
5.024000000000000000e+03
5.025000000000000000e+03
5.027000000000000000e+03
5.037000000000000000e+03
5.039000000000000000e+03
5.051000000000000000e+03
5.097000000000000000e+03
5.115000000000000000e+03
5.132000000000000000e+03
5.136000000000000000e+03
5.140000000000000000e+03
5.183000000000000000e+03
5.202000000000000000e+03
5.217000000000000000e+03
5.222000000000000000e+03
5.226000000000000000e+03
5.230000000000000000e+03
5.236000000000000000e+03
5.237000000000000000e+03
5.248000000000000000e+03
5.251000000000000000e+03
5.259000000000000000e+03
5.283000000000000000e+03
5.297000000000000000e+03
5.301000000000000000e+03
5.302000000000000000e+03
5.317000000000000000e+03
5.331000000000000000e+03
5.352000000000000000e+03
5.390000000000000000e+03
5.416000000000000000e+03
5.446000000000000000e+03
5.459000000000000000e+03
5.490000000000000000e+03
5.507000000000000000e+03
5.511000000000000000e+03
5.519000000000000000e+03
5.522000000000000000e+03
5.531000000000000000e+03
5.536000000000000000e+03
5.543000000000000000e+03
5.546000000000000000e+03
5.549000000000000000e+03
5.567000000000000000e+03
5.570000000000000000e+03
5.576000000000000000e+03
5.580000000000000000e+03
5.593000000000000000e+03
5.610000000000000000e+03
5.639000000000000000e+03
5.661000000000000000e+03
5.662000000000000000e+03
5.677000000000000000e+03
5.697000000000000000e+03
5.720000000000000000e+03
5.725000000000000000e+03
5.731000000000000000e+03
5.751000000000000000e+03
5.753000000000000000e+03
5.760000000000000000e+03
5.771000000000000000e+03
5.775000000000000000e+03
5.784000000000000000e+03
5.785000000000000000e+03
5.804000000000000000e+03
5.812000000000000000e+03
5.820000000000000000e+03
5.821000000000000000e+03
5.828000000000000000e+03
5.829000000000000000e+03
5.832000000000000000e+03
5.870000000000000000e+03
5.882000000000000000e+03
5.910000000000000000e+03
5.930000000000000000e+03
5.966000000000000000e+03
6.002000000000000000e+03
6.004000000000000000e+03
6.011000000000000000e+03
6.014000000000000000e+03
6.022000000000000000e+03
6.030000000000000000e+03
6.039000000000000000e+03
6.040000000000000000e+03
6.041000000000000000e+03
6.042000000000000000e+03
6.048000000000000000e+03
6.052000000000000000e+03
6.060000000000000000e+03
6.079000000000000000e+03
6.103000000000000000e+03
6.111000000000000000e+03
6.126000000000000000e+03
6.132000000000000000e+03
6.136000000000000000e+03
6.164000000000000000e+03
6.169000000000000000e+03
6.170000000000000000e+03
6.186000000000000000e+03
6.201000000000000000e+03
6.205000000000000000e+03
6.216000000000000000e+03
6.222000000000000000e+03
6.228000000000000000e+03
6.233000000000000000e+03
6.241000000000000000e+03
6.242000000000000000e+03
6.250000000000000000e+03
6.251000000000000000e+03
6.252000000000000000e+03
6.259000000000000000e+03
6.261000000000000000e+03
6.266000000000000000e+03
6.298000000000000000e+03
6.312000000000000000e+03
6.323000000000000000e+03
6.327000000000000000e+03
6.333000000000000000e+03
6.334000000000000000e+03
6.335000000000000000e+03
6.348000000000000000e+03
6.355000000000000000e+03
6.356000000000000000e+03
6.358000000000000000e+03
6.368000000000000000e+03
6.389000000000000000e+03
6.391000000000000000e+03
6.395000000000000000e+03
6.410000000000000000e+03
6.417000000000000000e+03
6.423000000000000000e+03
6.425000000000000000e+03
6.443000000000000000e+03
6.448000000000000000e+03
6.451000000000000000e+03
6.452000000000000000e+03
6.453000000000000000e+03
6.488000000000000000e+03
6.490000000000000000e+03
6.507000000000000000e+03
6.512000000000000000e+03
6.513000000000000000e+03
6.542000000000000000e+03
6.545000000000000000e+03
6.561000000000000000e+03
6.573000000000000000e+03
6.580000000000000000e+03
6.601000000000000000e+03
6.610000000000000000e+03
6.631000000000000000e+03
6.641000000000000000e+03
6.662000000000000000e+03
6.671000000000000000e+03
6.677000000000000000e+03
6.683000000000000000e+03
6.685000000000000000e+03
6.690000000000000000e+03
6.701000000000000000e+03
6.712000000000000000e+03
6.713000000000000000e+03
6.715000000000000000e+03
6.747000000000000000e+03
6.748000000000000000e+03
6.751000000000000000e+03
6.753000000000000000e+03
6.758000000000000000e+03
6.784000000000000000e+03
6.795000000000000000e+03
6.796000000000000000e+03
6.802000000000000000e+03
6.812000000000000000e+03
6.844000000000000000e+03
6.845000000000000000e+03
6.862000000000000000e+03
6.868000000000000000e+03
6.898000000000000000e+03
6.914000000000000000e+03
6.916000000000000000e+03
6.931000000000000000e+03
6.932000000000000000e+03
6.935000000000000000e+03
6.959000000000000000e+03
6.960000000000000000e+03
6.962000000000000000e+03
6.972000000000000000e+03
6.975000000000000000e+03
7.010000000000000000e+03
7.020000000000000000e+03
7.022000000000000000e+03
7.036000000000000000e+03
7.064000000000000000e+03
7.073000000000000000e+03
7.080000000000000000e+03
7.090000000000000000e+03
7.091000000000000000e+03
7.092000000000000000e+03
7.116000000000000000e+03
7.143000000000000000e+03
7.163000000000000000e+03
7.168000000000000000e+03
7.189000000000000000e+03
7.194000000000000000e+03
7.206000000000000000e+03
7.230000000000000000e+03
7.278000000000000000e+03
7.292000000000000000e+03
7.298000000000000000e+03
7.302000000000000000e+03
7.305000000000000000e+03
7.310000000000000000e+03
7.326000000000000000e+03
7.340000000000000000e+03
7.342000000000000000e+03
7.359000000000000000e+03
7.377000000000000000e+03
7.403000000000000000e+03
7.422000000000000000e+03
7.425000000000000000e+03
7.442000000000000000e+03
7.453000000000000000e+03
7.470000000000000000e+03
7.471000000000000000e+03
7.484000000000000000e+03
7.491000000000000000e+03
7.502000000000000000e+03
7.525000000000000000e+03
7.555000000000000000e+03
7.565000000000000000e+03
7.584000000000000000e+03
7.614000000000000000e+03
7.618000000000000000e+03
7.621000000000000000e+03
7.628000000000000000e+03
7.631000000000000000e+03
7.634000000000000000e+03
7.650000000000000000e+03
7.705000000000000000e+03
7.717000000000000000e+03
7.726000000000000000e+03
7.738000000000000000e+03
7.746000000000000000e+03
7.765000000000000000e+03
7.770000000000000000e+03
7.773000000000000000e+03
7.780000000000000000e+03
7.824000000000000000e+03
7.850000000000000000e+03
7.871000000000000000e+03
7.877000000000000000e+03
7.886000000000000000e+03
7.901000000000000000e+03
7.913000000000000000e+03
7.915000000000000000e+03
7.919000000000000000e+03
7.921000000000000000e+03
7.931000000000000000e+03
7.939000000000000000e+03
7.951000000000000000e+03
7.959000000000000000e+03
7.965000000000000000e+03
7.981000000000000000e+03
7.991000000000000000e+03
8.004000000000000000e+03
8.011000000000000000e+03
8.020000000000000000e+03
8.022000000000000000e+03
8.035000000000000000e+03
8.039000000000000000e+03
8.048000000000000000e+03
8.067000000000000000e+03
8.087000000000000000e+03
8.093000000000000000e+03
8.113000000000000000e+03
8.115000000000000000e+03
8.118000000000000000e+03
8.131000000000000000e+03
8.132000000000000000e+03
8.133000000000000000e+03
8.134000000000000000e+03
8.135000000000000000e+03
8.145000000000000000e+03
8.166000000000000000e+03
8.167000000000000000e+03
8.174000000000000000e+03
8.193000000000000000e+03
8.194000000000000000e+03
8.196000000000000000e+03
8.205000000000000000e+03
8.211000000000000000e+03
8.212000000000000000e+03
8.226000000000000000e+03
8.250000000000000000e+03
8.252000000000000000e+03
8.253000000000000000e+03
8.277000000000000000e+03
8.279000000000000000e+03
8.285000000000000000e+03
8.301000000000000000e+03
8.316000000000000000e+03
8.317000000000000000e+03
8.325000000000000000e+03
8.334000000000000000e+03
8.336000000000000000e+03
8.351000000000000000e+03
8.359000000000000000e+03
8.374000000000000000e+03
8.377000000000000000e+03
8.397000000000000000e+03
8.414000000000000000e+03
8.420000000000000000e+03
8.429000000000000000e+03
8.436000000000000000e+03
8.440000000000000000e+03
8.446000000000000000e+03
8.448000000000000000e+03
8.453000000000000000e+03
8.455000000000000000e+03
8.459000000000000000e+03
8.462000000000000000e+03
8.470000000000000000e+03
8.483000000000000000e+03
8.484000000000000000e+03
8.493000000000000000e+03
8.508000000000000000e+03
8.509000000000000000e+03
8.515000000000000000e+03
8.529000000000000000e+03
8.539000000000000000e+03
8.547000000000000000e+03
8.554000000000000000e+03
8.566000000000000000e+03
8.574000000000000000e+03
8.581000000000000000e+03
8.595000000000000000e+03
8.609000000000000000e+03
8.639000000000000000e+03
8.644000000000000000e+03
8.653000000000000000e+03
8.672000000000000000e+03
8.674000000000000000e+03
8.679000000000000000e+03
8.698000000000000000e+03
8.703000000000000000e+03
8.705000000000000000e+03
8.706000000000000000e+03
8.710000000000000000e+03
8.713000000000000000e+03
8.715000000000000000e+03
8.717000000000000000e+03
8.746000000000000000e+03
8.747000000000000000e+03
8.777000000000000000e+03
8.789000000000000000e+03
8.808000000000000000e+03
8.809000000000000000e+03
8.815000000000000000e+03
8.816000000000000000e+03
8.820000000000000000e+03
8.840000000000000000e+03
8.851000000000000000e+03
8.871000000000000000e+03
8.878000000000000000e+03
8.889000000000000000e+03
8.897000000000000000e+03
8.901000000000000000e+03
8.916000000000000000e+03
8.918000000000000000e+03
8.924000000000000000e+03
8.934000000000000000e+03
8.943000000000000000e+03
8.980000000000000000e+03
8.990000000000000000e+03
9.000000000000000000e+03
9.001000000000000000e+03
9.022000000000000000e+03
9.032000000000000000e+03
9.035000000000000000e+03
9.040000000000000000e+03
9.051000000000000000e+03
9.072000000000000000e+03
9.077000000000000000e+03
9.097000000000000000e+03
9.119000000000000000e+03
9.122000000000000000e+03
9.128000000000000000e+03
9.143000000000000000e+03
9.165000000000000000e+03
9.208000000000000000e+03
9.227000000000000000e+03
9.257000000000000000e+03
9.309000000000000000e+03
9.320000000000000000e+03
9.330000000000000000e+03
9.333000000000000000e+03
9.334000000000000000e+03
9.346000000000000000e+03
9.348000000000000000e+03
9.356000000000000000e+03
9.364000000000000000e+03
9.375000000000000000e+03
9.376000000000000000e+03
9.399000000000000000e+03
9.400000000000000000e+03
9.401000000000000000e+03
9.412000000000000000e+03
9.428000000000000000e+03
9.433000000000000000e+03
9.467000000000000000e+03
9.477000000000000000e+03
9.480000000000000000e+03
9.485000000000000000e+03
9.509000000000000000e+03
9.522000000000000000e+03
9.523000000000000000e+03
9.526000000000000000e+03
9.534000000000000000e+03
9.539000000000000000e+03
9.560000000000000000e+03
9.562000000000000000e+03
9.576000000000000000e+03
9.591000000000000000e+03
9.597000000000000000e+03
9.620000000000000000e+03
9.622000000000000000e+03
9.628000000000000000e+03
9.634000000000000000e+03
9.648000000000000000e+03
9.690000000000000000e+03
9.713000000000000000e+03
9.718000000000000000e+03
9.721000000000000000e+03
9.768000000000000000e+03
9.772000000000000000e+03
9.776000000000000000e+03
9.794000000000000000e+03
9.803000000000000000e+03
9.815000000000000000e+03
9.846000000000000000e+03
9.850000000000000000e+03
9.851000000000000000e+03
9.852000000000000000e+03
9.853000000000000000e+03
9.867000000000000000e+03
9.879000000000000000e+03
9.881000000000000000e+03
9.882000000000000000e+03
9.888000000000000000e+03
9.897000000000000000e+03
9.912000000000000000e+03
9.961000000000000000e+03
9.964000000000000000e+03
9.965000000000000000e+03
1.000100000000000000e+04
1.000600000000000000e+04
1.000800000000000000e+04
1.001100000000000000e+04
1.001200000000000000e+04
1.003000000000000000e+04
1.005100000000000000e+04
1.005200000000000000e+04
1.006200000000000000e+04
1.006700000000000000e+04
1.008100000000000000e+04
1.009800000000000000e+04
1.011000000000000000e+04
1.011100000000000000e+04
1.011400000000000000e+04
1.011600000000000000e+04
1.014000000000000000e+04
1.014400000000000000e+04
1.015500000000000000e+04
1.016200000000000000e+04
1.016500000000000000e+04
1.016800000000000000e+04
1.017900000000000000e+04
1.018300000000000000e+04
1.018600000000000000e+04
1.018700000000000000e+04
1.019900000000000000e+04
1.022000000000000000e+04
1.023600000000000000e+04
1.024300000000000000e+04
1.026700000000000000e+04
1.026800000000000000e+04
1.027300000000000000e+04
1.029600000000000000e+04
1.030500000000000000e+04
1.033500000000000000e+04
1.033900000000000000e+04
1.035300000000000000e+04
1.035400000000000000e+04
1.036500000000000000e+04
1.039000000000000000e+04
1.039600000000000000e+04
1.042400000000000000e+04
1.043700000000000000e+04
1.045300000000000000e+04
1.045800000000000000e+04
1.048700000000000000e+04
1.049000000000000000e+04
1.049200000000000000e+04
1.049500000000000000e+04
1.051300000000000000e+04
1.052300000000000000e+04
1.053700000000000000e+04
1.056800000000000000e+04
1.059500000000000000e+04
1.060700000000000000e+04
1.061800000000000000e+04
1.062200000000000000e+04
1.062600000000000000e+04
1.063600000000000000e+04
1.063800000000000000e+04
1.068000000000000000e+04
1.069900000000000000e+04
1.070400000000000000e+04
1.074700000000000000e+04
1.075700000000000000e+04
1.077300000000000000e+04
1.078300000000000000e+04
1.079400000000000000e+04
1.080000000000000000e+04
1.081200000000000000e+04
1.081700000000000000e+04
1.083500000000000000e+04
1.083900000000000000e+04
1.084200000000000000e+04
1.086100000000000000e+04
1.086200000000000000e+04
1.086800000000000000e+04
1.089900000000000000e+04
1.090400000000000000e+04
1.095300000000000000e+04
1.096600000000000000e+04
1.098300000000000000e+04
1.099600000000000000e+04
1.101100000000000000e+04
1.101800000000000000e+04
1.103000000000000000e+04
1.106100000000000000e+04
1.107200000000000000e+04
1.107800000000000000e+04
1.111800000000000000e+04
1.112000000000000000e+04
1.113300000000000000e+04
1.114600000000000000e+04
1.116100000000000000e+04
1.117100000000000000e+04
1.119700000000000000e+04
1.120000000000000000e+04
1.121300000000000000e+04
1.121400000000000000e+04
1.121500000000000000e+04
1.121600000000000000e+04
1.122100000000000000e+04
1.122300000000000000e+04
1.123500000000000000e+04
1.124100000000000000e+04
1.126200000000000000e+04
1.126500000000000000e+04
1.129200000000000000e+04
1.129900000000000000e+04
1.131700000000000000e+04
1.132000000000000000e+04
1.135800000000000000e+04
1.137500000000000000e+04
1.137700000000000000e+04
1.138000000000000000e+04
1.141200000000000000e+04
1.141300000000000000e+04
1.141800000000000000e+04
1.143400000000000000e+04
1.143600000000000000e+04
1.144900000000000000e+04
1.145000000000000000e+04
1.146700000000000000e+04
1.148700000000000000e+04
1.148900000000000000e+04
1.150100000000000000e+04
1.150200000000000000e+04
1.151100000000000000e+04
1.151900000000000000e+04
1.152200000000000000e+04
1.153900000000000000e+04
1.154000000000000000e+04
1.154700000000000000e+04
1.156300000000000000e+04
1.156800000000000000e+04
1.161500000000000000e+04
1.162700000000000000e+04
1.163100000000000000e+04
1.163300000000000000e+04
1.164700000000000000e+04
1.166100000000000000e+04
1.166600000000000000e+04
1.167900000000000000e+04
1.168200000000000000e+04
1.168700000000000000e+04
1.168800000000000000e+04
1.169000000000000000e+04
1.169300000000000000e+04
1.170100000000000000e+04
1.171000000000000000e+04
1.172000000000000000e+04
1.173200000000000000e+04
1.173500000000000000e+04
1.176100000000000000e+04
1.176700000000000000e+04
1.177600000000000000e+04
1.179500000000000000e+04
1.181400000000000000e+04
1.181900000000000000e+04
1.182500000000000000e+04
1.183000000000000000e+04
1.184000000000000000e+04
1.184600000000000000e+04
1.186000000000000000e+04
1.188000000000000000e+04
1.190000000000000000e+04
1.190900000000000000e+04
1.191100000000000000e+04
1.191600000000000000e+04
1.192500000000000000e+04
1.192600000000000000e+04
1.192800000000000000e+04
1.193300000000000000e+04
1.195000000000000000e+04
1.195100000000000000e+04
1.195200000000000000e+04
1.195500000000000000e+04
1.196500000000000000e+04
1.196600000000000000e+04
1.197000000000000000e+04
1.197100000000000000e+04
1.197900000000000000e+04
1.200400000000000000e+04
1.200900000000000000e+04
1.202000000000000000e+04
1.204300000000000000e+04
1.204600000000000000e+04
1.208400000000000000e+04
1.209500000000000000e+04
1.209700000000000000e+04
1.211700000000000000e+04
1.212600000000000000e+04
1.213300000000000000e+04
1.213700000000000000e+04
1.214000000000000000e+04
1.215500000000000000e+04
1.216700000000000000e+04
1.217600000000000000e+04
1.221700000000000000e+04
1.222100000000000000e+04
1.223000000000000000e+04
1.224400000000000000e+04
1.224900000000000000e+04
1.225600000000000000e+04
1.227500000000000000e+04
1.228300000000000000e+04
1.228400000000000000e+04
1.228700000000000000e+04
1.230100000000000000e+04
1.232700000000000000e+04
1.233700000000000000e+04
1.234100000000000000e+04
1.234300000000000000e+04
1.234700000000000000e+04
1.236800000000000000e+04
1.238800000000000000e+04
1.239000000000000000e+04
1.242400000000000000e+04
1.244000000000000000e+04
1.245600000000000000e+04
1.246400000000000000e+04
1.247000000000000000e+04
1.247900000000000000e+04
1.249700000000000000e+04
1.252200000000000000e+04
1.254300000000000000e+04
1.254600000000000000e+04
1.255000000000000000e+04
1.255200000000000000e+04
1.255300000000000000e+04
1.255700000000000000e+04
1.256300000000000000e+04
1.257000000000000000e+04
1.257200000000000000e+04
1.257400000000000000e+04
1.260100000000000000e+04
1.260800000000000000e+04
1.261000000000000000e+04
1.261400000000000000e+04
1.262800000000000000e+04
1.268600000000000000e+04
1.274500000000000000e+04
1.277500000000000000e+04
1.279400000000000000e+04
1.280000000000000000e+04
1.281800000000000000e+04
1.283100000000000000e+04
1.283600000000000000e+04
1.285000000000000000e+04
1.288400000000000000e+04
1.289200000000000000e+04
1.291300000000000000e+04
1.291400000000000000e+04
1.293000000000000000e+04
1.293400000000000000e+04
1.297300000000000000e+04
1.298700000000000000e+04
1.300000000000000000e+04
1.306600000000000000e+04
1.310300000000000000e+04
1.311100000000000000e+04
1.312300000000000000e+04
1.312700000000000000e+04
1.312900000000000000e+04
1.313000000000000000e+04
1.313700000000000000e+04
1.316800000000000000e+04
1.317500000000000000e+04
1.318700000000000000e+04
1.326000000000000000e+04
1.326700000000000000e+04
1.326800000000000000e+04
1.327500000000000000e+04
1.327600000000000000e+04
1.328500000000000000e+04
1.328700000000000000e+04
1.329500000000000000e+04
1.330600000000000000e+04
1.330900000000000000e+04
1.331700000000000000e+04
1.333200000000000000e+04
1.333800000000000000e+04
1.336500000000000000e+04
1.336600000000000000e+04
1.336900000000000000e+04
1.337700000000000000e+04
1.337900000000000000e+04
1.339000000000000000e+04
1.340000000000000000e+04
1.342000000000000000e+04
1.343400000000000000e+04
1.343900000000000000e+04
1.345000000000000000e+04
1.345900000000000000e+04
1.346800000000000000e+04
1.348100000000000000e+04
1.349000000000000000e+04
1.349400000000000000e+04
1.350700000000000000e+04
1.352500000000000000e+04
1.353200000000000000e+04
1.353500000000000000e+04
1.354000000000000000e+04
1.355000000000000000e+04
1.355200000000000000e+04
1.358900000000000000e+04
1.359000000000000000e+04
1.360500000000000000e+04
1.361300000000000000e+04
1.361900000000000000e+04
1.362300000000000000e+04
1.364200000000000000e+04
1.364300000000000000e+04
1.364500000000000000e+04
1.365900000000000000e+04
1.366100000000000000e+04
1.370500000000000000e+04
1.372200000000000000e+04
1.373100000000000000e+04
1.373900000000000000e+04
1.374800000000000000e+04
1.377500000000000000e+04
1.377800000000000000e+04
1.377900000000000000e+04
1.378400000000000000e+04
1.384100000000000000e+04
1.386100000000000000e+04
1.387300000000000000e+04
1.388900000000000000e+04
1.390000000000000000e+04
1.391500000000000000e+04
1.392300000000000000e+04
1.395200000000000000e+04
1.395900000000000000e+04
1.397200000000000000e+04
1.397800000000000000e+04
1.397900000000000000e+04
1.398400000000000000e+04
1.398600000000000000e+04
1.400700000000000000e+04
1.402600000000000000e+04
1.403600000000000000e+04
1.405500000000000000e+04
1.405600000000000000e+04
1.406200000000000000e+04
1.406300000000000000e+04
1.407300000000000000e+04
1.407400000000000000e+04
1.411200000000000000e+04
1.413300000000000000e+04
1.414700000000000000e+04
1.415000000000000000e+04
1.415100000000000000e+04
1.416000000000000000e+04
1.416900000000000000e+04
1.417900000000000000e+04
1.418500000000000000e+04
1.420700000000000000e+04
1.421000000000000000e+04
1.422000000000000000e+04
1.422800000000000000e+04
1.424500000000000000e+04
1.424700000000000000e+04
1.424800000000000000e+04
1.425300000000000000e+04
1.427400000000000000e+04
1.428800000000000000e+04
1.432000000000000000e+04
1.432200000000000000e+04
1.433500000000000000e+04
1.437400000000000000e+04
1.437500000000000000e+04
1.440200000000000000e+04
1.440300000000000000e+04
1.441000000000000000e+04
1.442200000000000000e+04
1.442500000000000000e+04
1.443100000000000000e+04
1.443800000000000000e+04
1.444700000000000000e+04
1.446600000000000000e+04
1.447100000000000000e+04
1.448200000000000000e+04
1.448400000000000000e+04
1.449000000000000000e+04
1.449700000000000000e+04
1.450800000000000000e+04
1.452100000000000000e+04
1.452300000000000000e+04
1.452400000000000000e+04
1.453500000000000000e+04
1.455600000000000000e+04
1.456600000000000000e+04
1.458700000000000000e+04
1.459000000000000000e+04
1.459300000000000000e+04
1.459400000000000000e+04
1.461500000000000000e+04
1.464000000000000000e+04
1.464100000000000000e+04
1.468100000000000000e+04
1.468300000000000000e+04
1.469900000000000000e+04
1.470000000000000000e+04
1.471100000000000000e+04
1.471700000000000000e+04
1.473300000000000000e+04
1.474600000000000000e+04
1.477100000000000000e+04
1.477600000000000000e+04
1.480000000000000000e+04
1.483600000000000000e+04
1.484700000000000000e+04
1.487700000000000000e+04
1.487900000000000000e+04
1.488300000000000000e+04
1.488600000000000000e+04
1.490100000000000000e+04
1.490300000000000000e+04
1.491400000000000000e+04
1.496000000000000000e+04
1.496300000000000000e+04
1.499300000000000000e+04
1.499700000000000000e+04
1.500900000000000000e+04
1.501800000000000000e+04
1.502300000000000000e+04
1.502700000000000000e+04
1.504800000000000000e+04
1.505000000000000000e+04
1.507700000000000000e+04
1.507800000000000000e+04
1.508300000000000000e+04
1.511200000000000000e+04
1.511600000000000000e+04
1.513300000000000000e+04
1.513500000000000000e+04
1.516200000000000000e+04
1.516600000000000000e+04
1.516800000000000000e+04
1.517100000000000000e+04
1.518600000000000000e+04
1.519900000000000000e+04
1.520200000000000000e+04
1.520600000000000000e+04
1.520900000000000000e+04
1.521900000000000000e+04
1.522000000000000000e+04
1.522500000000000000e+04
1.523400000000000000e+04
1.526400000000000000e+04
1.527000000000000000e+04
1.527300000000000000e+04
1.527500000000000000e+04
1.528900000000000000e+04
1.530000000000000000e+04
1.530900000000000000e+04
1.531100000000000000e+04
1.531500000000000000e+04
1.532300000000000000e+04
1.533200000000000000e+04
1.533700000000000000e+04
1.534400000000000000e+04
1.534800000000000000e+04
1.534900000000000000e+04
1.538700000000000000e+04
1.539700000000000000e+04
1.539900000000000000e+04
1.541200000000000000e+04
1.541600000000000000e+04
1.542500000000000000e+04
1.544600000000000000e+04
1.545600000000000000e+04
1.546200000000000000e+04
1.548200000000000000e+04
1.548900000000000000e+04
1.549700000000000000e+04
1.550900000000000000e+04
1.551900000000000000e+04
1.552700000000000000e+04
1.553900000000000000e+04
1.554100000000000000e+04
1.556300000000000000e+04
1.557000000000000000e+04
1.558900000000000000e+04
1.559000000000000000e+04
1.561100000000000000e+04
1.563500000000000000e+04
1.568100000000000000e+04
1.568200000000000000e+04
1.574500000000000000e+04
1.574600000000000000e+04
1.575000000000000000e+04
1.575100000000000000e+04
1.576600000000000000e+04
1.578100000000000000e+04
1.579100000000000000e+04
1.580700000000000000e+04
1.580900000000000000e+04
1.582200000000000000e+04
1.582600000000000000e+04
1.586300000000000000e+04
1.587600000000000000e+04
1.591000000000000000e+04
1.591100000000000000e+04
1.592000000000000000e+04
1.593100000000000000e+04
1.593300000000000000e+04
1.593500000000000000e+04
1.594500000000000000e+04
1.594900000000000000e+04
1.595000000000000000e+04
1.595300000000000000e+04
1.595700000000000000e+04
1.595900000000000000e+04
1.596000000000000000e+04
1.597400000000000000e+04
1.597600000000000000e+04
1.598500000000000000e+04
1.598600000000000000e+04
1.598700000000000000e+04
1.600100000000000000e+04
1.604800000000000000e+04
1.605300000000000000e+04
1.605700000000000000e+04
1.606600000000000000e+04
1.606700000000000000e+04
1.606800000000000000e+04
1.607500000000000000e+04
1.609800000000000000e+04
1.611800000000000000e+04
1.611900000000000000e+04
1.612300000000000000e+04
1.613100000000000000e+04
1.614300000000000000e+04
1.615400000000000000e+04
1.615600000000000000e+04
1.616000000000000000e+04
1.618600000000000000e+04
1.621200000000000000e+04
1.621800000000000000e+04
1.626400000000000000e+04
1.628900000000000000e+04
1.631100000000000000e+04
1.631300000000000000e+04
1.631800000000000000e+04
1.631900000000000000e+04
1.632000000000000000e+04
1.634600000000000000e+04
1.637300000000000000e+04
1.637800000000000000e+04
1.638000000000000000e+04
1.638500000000000000e+04
1.639800000000000000e+04
1.640800000000000000e+04
1.641000000000000000e+04
1.641100000000000000e+04
1.641200000000000000e+04
1.641500000000000000e+04
1.641600000000000000e+04
1.642400000000000000e+04
1.644100000000000000e+04
1.644500000000000000e+04
1.645000000000000000e+04
1.646400000000000000e+04
1.646600000000000000e+04
1.651400000000000000e+04
1.652600000000000000e+04
1.653200000000000000e+04
1.655000000000000000e+04
1.655800000000000000e+04
1.655900000000000000e+04
1.656700000000000000e+04
1.657700000000000000e+04
1.660200000000000000e+04
1.665200000000000000e+04
1.669900000000000000e+04
1.671200000000000000e+04
1.673000000000000000e+04
1.673400000000000000e+04
1.674500000000000000e+04
1.675600000000000000e+04
1.676700000000000000e+04
1.677200000000000000e+04
1.678000000000000000e+04
1.679500000000000000e+04
1.680200000000000000e+04
1.680600000000000000e+04
1.681300000000000000e+04
1.681400000000000000e+04
1.683100000000000000e+04
1.686300000000000000e+04
1.686800000000000000e+04
1.687300000000000000e+04
1.687500000000000000e+04
1.688100000000000000e+04
1.690200000000000000e+04
1.690700000000000000e+04
1.692500000000000000e+04
1.698300000000000000e+04
1.700200000000000000e+04
1.700400000000000000e+04
1.700600000000000000e+04
1.701000000000000000e+04
1.702700000000000000e+04
1.703400000000000000e+04
1.703900000000000000e+04
1.704000000000000000e+04
1.704300000000000000e+04
1.704600000000000000e+04
1.705600000000000000e+04
1.706600000000000000e+04
1.708900000000000000e+04
1.710500000000000000e+04
1.715300000000000000e+04
1.716400000000000000e+04
1.717400000000000000e+04
1.719200000000000000e+04
1.721200000000000000e+04
1.723900000000000000e+04
1.724000000000000000e+04
1.724700000000000000e+04
1.725700000000000000e+04
1.726100000000000000e+04
1.727500000000000000e+04
1.728300000000000000e+04
1.729500000000000000e+04
1.730600000000000000e+04
1.732800000000000000e+04
1.733500000000000000e+04
1.734600000000000000e+04
1.735400000000000000e+04
1.736400000000000000e+04
1.736600000000000000e+04
1.736900000000000000e+04
1.738000000000000000e+04
1.739000000000000000e+04
1.740100000000000000e+04
1.742000000000000000e+04
1.742700000000000000e+04
1.742800000000000000e+04
1.742900000000000000e+04
1.743000000000000000e+04
1.743200000000000000e+04
1.743400000000000000e+04
1.746700000000000000e+04
1.747000000000000000e+04
1.751600000000000000e+04
1.752000000000000000e+04
1.753200000000000000e+04
1.754400000000000000e+04
1.754500000000000000e+04
1.754800000000000000e+04
1.758200000000000000e+04
1.760300000000000000e+04
1.761500000000000000e+04
1.763400000000000000e+04
1.763500000000000000e+04
1.763900000000000000e+04
1.764300000000000000e+04
1.764800000000000000e+04
1.765100000000000000e+04
1.765300000000000000e+04
1.765700000000000000e+04
1.767600000000000000e+04
1.768000000000000000e+04
1.768100000000000000e+04
1.770200000000000000e+04
1.770700000000000000e+04
1.771900000000000000e+04
1.776200000000000000e+04
1.776400000000000000e+04
1.776900000000000000e+04
1.779300000000000000e+04
1.780000000000000000e+04
1.780500000000000000e+04
1.782200000000000000e+04
1.788000000000000000e+04
1.792300000000000000e+04
1.793600000000000000e+04
1.795500000000000000e+04
1.799100000000000000e+04
1.800100000000000000e+04
1.800900000000000000e+04
1.802000000000000000e+04
1.802800000000000000e+04
1.804900000000000000e+04
1.807400000000000000e+04
1.808600000000000000e+04
1.809000000000000000e+04
1.809600000000000000e+04
1.811400000000000000e+04
1.811700000000000000e+04
1.813700000000000000e+04
1.815400000000000000e+04
1.816100000000000000e+04
1.816200000000000000e+04
1.816700000000000000e+04
1.816900000000000000e+04
1.818300000000000000e+04
1.818400000000000000e+04
1.819800000000000000e+04
1.820500000000000000e+04
1.820700000000000000e+04
1.822300000000000000e+04
1.824300000000000000e+04
1.825100000000000000e+04
1.825200000000000000e+04
1.826100000000000000e+04
1.826500000000000000e+04
1.827200000000000000e+04
1.828100000000000000e+04
1.830800000000000000e+04
1.832600000000000000e+04
1.834000000000000000e+04
1.834900000000000000e+04
1.837500000000000000e+04
1.838200000000000000e+04
1.838400000000000000e+04
1.839800000000000000e+04
1.840900000000000000e+04
1.841000000000000000e+04
1.841200000000000000e+04
1.842300000000000000e+04
1.843400000000000000e+04
1.846200000000000000e+04
1.846400000000000000e+04
1.848300000000000000e+04
1.848700000000000000e+04
1.852200000000000000e+04
1.852400000000000000e+04
1.853500000000000000e+04
1.854000000000000000e+04
1.854700000000000000e+04
1.856800000000000000e+04
1.857700000000000000e+04
1.858100000000000000e+04
1.859000000000000000e+04
1.859600000000000000e+04
1.860200000000000000e+04
1.860300000000000000e+04
1.860900000000000000e+04
1.861200000000000000e+04
1.861800000000000000e+04
1.863600000000000000e+04
1.863700000000000000e+04
1.865900000000000000e+04
1.866200000000000000e+04
1.867400000000000000e+04
1.868100000000000000e+04
1.868900000000000000e+04
1.869100000000000000e+04
1.869600000000000000e+04
1.869800000000000000e+04
1.870400000000000000e+04
1.871300000000000000e+04
1.871400000000000000e+04
1.871800000000000000e+04
1.872900000000000000e+04
1.875400000000000000e+04
1.876100000000000000e+04
1.876200000000000000e+04
1.877300000000000000e+04
1.878900000000000000e+04
1.881600000000000000e+04
1.881900000000000000e+04
1.882700000000000000e+04
1.883600000000000000e+04
1.883700000000000000e+04
1.884200000000000000e+04
1.888300000000000000e+04
1.889100000000000000e+04
1.889200000000000000e+04
1.892000000000000000e+04
1.892200000000000000e+04
1.895900000000000000e+04
1.898700000000000000e+04
1.899700000000000000e+04
1.901200000000000000e+04
1.901500000000000000e+04
1.903100000000000000e+04
1.903800000000000000e+04
1.904800000000000000e+04
1.904900000000000000e+04
1.905700000000000000e+04
1.907200000000000000e+04
1.907400000000000000e+04
1.907700000000000000e+04
1.908900000000000000e+04
1.910000000000000000e+04
1.910200000000000000e+04
1.910400000000000000e+04
1.911300000000000000e+04
1.911700000000000000e+04
1.913000000000000000e+04
1.915800000000000000e+04
1.915900000000000000e+04
1.916400000000000000e+04
1.917300000000000000e+04
1.917700000000000000e+04
1.918300000000000000e+04
1.919200000000000000e+04
1.920200000000000000e+04
1.920400000000000000e+04
1.921600000000000000e+04
1.921900000000000000e+04
1.922600000000000000e+04
1.923200000000000000e+04
1.923300000000000000e+04
1.924900000000000000e+04
1.927400000000000000e+04
1.930300000000000000e+04
1.930800000000000000e+04
1.935100000000000000e+04
1.936600000000000000e+04
1.937000000000000000e+04
1.937200000000000000e+04
1.938100000000000000e+04
1.939700000000000000e+04
1.939900000000000000e+04
1.943100000000000000e+04
1.944000000000000000e+04
1.945200000000000000e+04
1.945300000000000000e+04
1.945400000000000000e+04
1.946400000000000000e+04
1.947000000000000000e+04
1.947500000000000000e+04
1.947900000000000000e+04
1.948200000000000000e+04
1.949600000000000000e+04
1.950300000000000000e+04
1.950500000000000000e+04
1.952000000000000000e+04
1.952500000000000000e+04
1.953100000000000000e+04
1.953600000000000000e+04
1.955000000000000000e+04
1.959600000000000000e+04
1.961400000000000000e+04
1.962400000000000000e+04
1.965200000000000000e+04
1.966000000000000000e+04
1.966900000000000000e+04
1.967500000000000000e+04
1.968500000000000000e+04
