0.000000000000000000e+00
1.700000000000000000e+01
1.800000000000000000e+01
3.900000000000000000e+01
4.200000000000000000e+01
5.400000000000000000e+01
7.900000000000000000e+01
9.400000000000000000e+01
1.100000000000000000e+02
1.540000000000000000e+02
1.700000000000000000e+02
2.530000000000000000e+02
2.650000000000000000e+02
2.720000000000000000e+02
3.070000000000000000e+02
3.540000000000000000e+02
3.680000000000000000e+02
3.820000000000000000e+02
4.050000000000000000e+02
4.480000000000000000e+02
4.540000000000000000e+02
4.670000000000000000e+02
4.900000000000000000e+02
5.260000000000000000e+02
5.300000000000000000e+02
5.390000000000000000e+02
5.490000000000000000e+02
5.540000000000000000e+02
5.580000000000000000e+02
5.600000000000000000e+02
5.790000000000000000e+02
5.900000000000000000e+02
6.240000000000000000e+02
6.480000000000000000e+02
6.620000000000000000e+02
6.850000000000000000e+02
6.960000000000000000e+02
7.240000000000000000e+02
7.350000000000000000e+02
7.500000000000000000e+02
7.540000000000000000e+02
7.750000000000000000e+02
8.320000000000000000e+02
9.110000000000000000e+02
9.220000000000000000e+02
9.400000000000000000e+02
9.560000000000000000e+02
9.700000000000000000e+02
9.820000000000000000e+02
1.001000000000000000e+03
1.004000000000000000e+03
1.008000000000000000e+03
1.021000000000000000e+03
1.023000000000000000e+03
1.032000000000000000e+03
1.048000000000000000e+03
1.102000000000000000e+03
1.104000000000000000e+03
1.166000000000000000e+03
1.201000000000000000e+03
1.217000000000000000e+03
1.224000000000000000e+03
1.227000000000000000e+03
1.238000000000000000e+03
1.239000000000000000e+03
1.259000000000000000e+03
1.262000000000000000e+03
1.293000000000000000e+03
1.358000000000000000e+03
1.362000000000000000e+03
1.400000000000000000e+03
1.415000000000000000e+03
1.421000000000000000e+03
1.423000000000000000e+03
1.507000000000000000e+03
1.539000000000000000e+03
1.551000000000000000e+03
1.559000000000000000e+03
1.560000000000000000e+03
1.612000000000000000e+03
1.628000000000000000e+03
1.663000000000000000e+03
1.678000000000000000e+03
1.680000000000000000e+03
1.704000000000000000e+03
1.705000000000000000e+03
1.740000000000000000e+03
1.759000000000000000e+03
1.765000000000000000e+03
1.817000000000000000e+03
1.831000000000000000e+03
1.840000000000000000e+03
1.870000000000000000e+03
1.885000000000000000e+03
1.935000000000000000e+03
1.948000000000000000e+03
1.968000000000000000e+03
1.996000000000000000e+03
2.004000000000000000e+03
2.052000000000000000e+03
2.170000000000000000e+03
2.217000000000000000e+03
2.220000000000000000e+03
2.263000000000000000e+03
2.267000000000000000e+03
2.268000000000000000e+03
2.280000000000000000e+03
2.284000000000000000e+03
2.328000000000000000e+03
2.385000000000000000e+03
2.486000000000000000e+03
2.487000000000000000e+03
2.496000000000000000e+03
2.504000000000000000e+03
2.515000000000000000e+03
2.543000000000000000e+03
2.592000000000000000e+03
2.613000000000000000e+03
2.641000000000000000e+03
2.689000000000000000e+03
2.694000000000000000e+03
2.696000000000000000e+03
2.703000000000000000e+03
2.720000000000000000e+03
2.765000000000000000e+03
2.795000000000000000e+03
2.842000000000000000e+03
2.855000000000000000e+03
2.923000000000000000e+03
2.940000000000000000e+03
2.944000000000000000e+03
2.965000000000000000e+03
2.970000000000000000e+03
3.042000000000000000e+03
3.057000000000000000e+03
3.086000000000000000e+03
3.121000000000000000e+03
3.143000000000000000e+03
3.190000000000000000e+03
3.232000000000000000e+03
3.236000000000000000e+03
3.302000000000000000e+03
3.327000000000000000e+03
3.355000000000000000e+03
3.365000000000000000e+03
3.366000000000000000e+03
3.376000000000000000e+03
3.405000000000000000e+03
3.428000000000000000e+03
3.432000000000000000e+03
3.434000000000000000e+03
3.479000000000000000e+03
3.502000000000000000e+03
3.510000000000000000e+03
3.531000000000000000e+03
3.568000000000000000e+03
3.584000000000000000e+03
3.614000000000000000e+03
3.627000000000000000e+03
3.632000000000000000e+03
3.634000000000000000e+03
3.638000000000000000e+03
3.655000000000000000e+03
3.660000000000000000e+03
3.661000000000000000e+03
3.686000000000000000e+03
3.690000000000000000e+03
3.692000000000000000e+03
3.696000000000000000e+03
3.773000000000000000e+03
3.794000000000000000e+03
3.800000000000000000e+03
3.819000000000000000e+03
3.822000000000000000e+03
3.870000000000000000e+03
3.913000000000000000e+03
3.925000000000000000e+03
3.989000000000000000e+03
3.993000000000000000e+03
4.126000000000000000e+03
4.142000000000000000e+03
4.154000000000000000e+03
4.176000000000000000e+03
4.193000000000000000e+03
4.194000000000000000e+03
4.197000000000000000e+03
4.199000000000000000e+03
4.215000000000000000e+03
4.234000000000000000e+03
4.236000000000000000e+03
4.260000000000000000e+03
4.288000000000000000e+03
4.289000000000000000e+03
4.290000000000000000e+03
4.363000000000000000e+03
4.372000000000000000e+03
4.377000000000000000e+03
4.388000000000000000e+03
4.401000000000000000e+03
4.428000000000000000e+03
4.429000000000000000e+03
4.470000000000000000e+03
4.574000000000000000e+03
4.618000000000000000e+03
4.621000000000000000e+03
4.623000000000000000e+03
4.655000000000000000e+03
4.700000000000000000e+03
4.710000000000000000e+03
4.754000000000000000e+03
4.761000000000000000e+03
4.802000000000000000e+03
4.869000000000000000e+03
4.950000000000000000e+03
4.954000000000000000e+03
4.958000000000000000e+03
4.964000000000000000e+03
4.970000000000000000e+03
4.977000000000000000e+03
4.987000000000000000e+03
5.017000000000000000e+03
5.159000000000000000e+03
5.202000000000000000e+03
5.210000000000000000e+03
5.224000000000000000e+03
5.268000000000000000e+03
5.295000000000000000e+03
5.296000000000000000e+03
5.313000000000000000e+03
5.338000000000000000e+03
5.370000000000000000e+03
5.371000000000000000e+03
5.394000000000000000e+03
5.398000000000000000e+03
5.461000000000000000e+03
5.489000000000000000e+03
5.499000000000000000e+03
5.504000000000000000e+03
5.528000000000000000e+03
5.535000000000000000e+03
5.553000000000000000e+03
5.587000000000000000e+03
5.599000000000000000e+03
5.650000000000000000e+03
5.660000000000000000e+03
5.662000000000000000e+03
5.666000000000000000e+03
5.681000000000000000e+03
5.689000000000000000e+03
5.718000000000000000e+03
5.728000000000000000e+03
5.732000000000000000e+03
5.737000000000000000e+03
5.750000000000000000e+03
5.770000000000000000e+03
5.787000000000000000e+03
5.791000000000000000e+03
5.797000000000000000e+03
5.832000000000000000e+03
5.838000000000000000e+03
5.842000000000000000e+03
5.848000000000000000e+03
5.876000000000000000e+03
5.950000000000000000e+03
5.951000000000000000e+03
5.958000000000000000e+03
5.960000000000000000e+03
5.966000000000000000e+03
5.994000000000000000e+03
6.010000000000000000e+03
6.018000000000000000e+03
6.027000000000000000e+03
6.073000000000000000e+03
6.089000000000000000e+03
6.111000000000000000e+03
6.153000000000000000e+03
6.185000000000000000e+03
6.190000000000000000e+03
6.217000000000000000e+03
6.255000000000000000e+03
6.259000000000000000e+03
6.260000000000000000e+03
6.280000000000000000e+03
6.286000000000000000e+03
6.307000000000000000e+03
6.327000000000000000e+03
6.348000000000000000e+03
6.367000000000000000e+03
6.376000000000000000e+03
6.419000000000000000e+03
6.429000000000000000e+03
6.435000000000000000e+03
6.444000000000000000e+03
6.507000000000000000e+03
6.514000000000000000e+03
6.530000000000000000e+03
6.565000000000000000e+03
6.571000000000000000e+03
6.580000000000000000e+03
6.600000000000000000e+03
6.618000000000000000e+03
6.619000000000000000e+03
6.623000000000000000e+03
6.692000000000000000e+03
6.703000000000000000e+03
6.711000000000000000e+03
6.729000000000000000e+03
6.737000000000000000e+03
6.785000000000000000e+03
6.796000000000000000e+03
6.833000000000000000e+03
6.851000000000000000e+03
6.853000000000000000e+03
6.856000000000000000e+03
6.891000000000000000e+03
6.929000000000000000e+03
6.932000000000000000e+03
6.999000000000000000e+03
7.043000000000000000e+03
7.054000000000000000e+03
7.060000000000000000e+03
7.081000000000000000e+03
7.112000000000000000e+03
7.129000000000000000e+03
7.138000000000000000e+03
7.149000000000000000e+03
7.238000000000000000e+03
7.248000000000000000e+03
7.280000000000000000e+03
7.352000000000000000e+03
7.357000000000000000e+03
7.381000000000000000e+03
7.389000000000000000e+03
7.393000000000000000e+03
7.397000000000000000e+03
7.415000000000000000e+03
7.417000000000000000e+03
7.419000000000000000e+03
7.433000000000000000e+03
7.434000000000000000e+03
7.447000000000000000e+03
7.476000000000000000e+03
7.489000000000000000e+03
7.493000000000000000e+03
7.512000000000000000e+03
7.532000000000000000e+03
7.537000000000000000e+03
7.628000000000000000e+03
7.637000000000000000e+03
7.642000000000000000e+03
7.660000000000000000e+03
7.677000000000000000e+03
7.685000000000000000e+03
7.718000000000000000e+03
7.721000000000000000e+03
7.790000000000000000e+03
7.822000000000000000e+03
7.874000000000000000e+03
7.891000000000000000e+03
7.905000000000000000e+03
7.937000000000000000e+03
7.953000000000000000e+03
8.044000000000000000e+03
8.123000000000000000e+03
8.128000000000000000e+03
8.164000000000000000e+03
8.181000000000000000e+03
8.191000000000000000e+03
8.239000000000000000e+03
8.255000000000000000e+03
8.269000000000000000e+03
8.271000000000000000e+03
8.307000000000000000e+03
8.314000000000000000e+03
8.346000000000000000e+03
8.376000000000000000e+03
8.412000000000000000e+03
8.416000000000000000e+03
8.446000000000000000e+03
8.451000000000000000e+03
8.457000000000000000e+03
8.465000000000000000e+03
8.475000000000000000e+03
8.495000000000000000e+03
8.515000000000000000e+03
8.520000000000000000e+03
8.536000000000000000e+03
8.555000000000000000e+03
8.566000000000000000e+03
8.571000000000000000e+03
8.581000000000000000e+03
8.592000000000000000e+03
8.660000000000000000e+03
8.817000000000000000e+03
8.826000000000000000e+03
8.845000000000000000e+03
8.875000000000000000e+03
8.897000000000000000e+03
8.903000000000000000e+03
8.921000000000000000e+03
8.934000000000000000e+03
8.962000000000000000e+03
8.983000000000000000e+03
8.986000000000000000e+03
9.025000000000000000e+03
9.059000000000000000e+03
9.094000000000000000e+03
9.104000000000000000e+03
9.116000000000000000e+03
9.134000000000000000e+03
9.140000000000000000e+03
9.202000000000000000e+03
9.228000000000000000e+03
9.252000000000000000e+03
9.261000000000000000e+03
9.297000000000000000e+03
9.305000000000000000e+03
9.314000000000000000e+03
9.347000000000000000e+03
9.378000000000000000e+03
9.396000000000000000e+03
9.401000000000000000e+03
9.414000000000000000e+03
9.421000000000000000e+03
9.449000000000000000e+03
9.484000000000000000e+03
9.530000000000000000e+03
9.562000000000000000e+03
9.584000000000000000e+03
9.595000000000000000e+03
9.601000000000000000e+03
9.613000000000000000e+03
9.632000000000000000e+03
9.650000000000000000e+03
9.675000000000000000e+03
9.678000000000000000e+03
9.682000000000000000e+03
9.754000000000000000e+03
9.766000000000000000e+03
9.772000000000000000e+03
9.797000000000000000e+03
9.805000000000000000e+03
9.842000000000000000e+03
9.906000000000000000e+03
9.925000000000000000e+03
9.961000000000000000e+03
9.974000000000000000e+03
9.995000000000000000e+03
1.002800000000000000e+04
1.003200000000000000e+04
1.003800000000000000e+04
1.005400000000000000e+04
1.007700000000000000e+04
1.008800000000000000e+04
1.009000000000000000e+04
1.009900000000000000e+04
1.012000000000000000e+04
1.013400000000000000e+04
1.014000000000000000e+04
1.015200000000000000e+04
1.016100000000000000e+04
1.016800000000000000e+04
1.018500000000000000e+04
1.019400000000000000e+04
1.020000000000000000e+04
1.021900000000000000e+04
1.024700000000000000e+04
1.026500000000000000e+04
1.035000000000000000e+04
1.042700000000000000e+04
1.045400000000000000e+04
1.050300000000000000e+04
1.050400000000000000e+04
1.050900000000000000e+04
1.051300000000000000e+04
1.051700000000000000e+04
1.052400000000000000e+04
1.061500000000000000e+04
1.062900000000000000e+04
1.068100000000000000e+04
1.070000000000000000e+04
1.071100000000000000e+04
1.071300000000000000e+04
1.073500000000000000e+04
1.074200000000000000e+04
1.077300000000000000e+04
1.078200000000000000e+04
1.078700000000000000e+04
1.082000000000000000e+04
1.082700000000000000e+04
1.087600000000000000e+04
1.088700000000000000e+04
1.089300000000000000e+04
1.091100000000000000e+04
1.091200000000000000e+04
1.092900000000000000e+04
1.094200000000000000e+04
1.101600000000000000e+04
1.103100000000000000e+04
1.103800000000000000e+04
1.107000000000000000e+04
1.109700000000000000e+04
1.110800000000000000e+04
1.111300000000000000e+04
1.111700000000000000e+04
1.115600000000000000e+04
1.115700000000000000e+04
1.117800000000000000e+04
1.119000000000000000e+04
1.120100000000000000e+04
1.126800000000000000e+04
1.128000000000000000e+04
1.136600000000000000e+04
1.137200000000000000e+04
1.137800000000000000e+04
1.139300000000000000e+04
1.142300000000000000e+04
1.144500000000000000e+04
1.146300000000000000e+04
1.148200000000000000e+04
1.150400000000000000e+04
1.151000000000000000e+04
1.154200000000000000e+04
1.154300000000000000e+04
1.155600000000000000e+04
1.158100000000000000e+04
1.159700000000000000e+04
1.163300000000000000e+04
1.164000000000000000e+04
1.164600000000000000e+04
1.168100000000000000e+04
1.168700000000000000e+04
1.169100000000000000e+04
1.169200000000000000e+04
