5.000000000000000000e+00
1.400000000000000000e+01
2.300000000000000000e+01
3.500000000000000000e+01
4.700000000000000000e+01
6.200000000000000000e+01
6.700000000000000000e+01
7.100000000000000000e+01
7.600000000000000000e+01
9.800000000000000000e+01
1.120000000000000000e+02
1.170000000000000000e+02
1.220000000000000000e+02
1.520000000000000000e+02
1.720000000000000000e+02
1.820000000000000000e+02
2.160000000000000000e+02
2.600000000000000000e+02
2.750000000000000000e+02
2.770000000000000000e+02
2.960000000000000000e+02
3.280000000000000000e+02
3.340000000000000000e+02
3.430000000000000000e+02
3.550000000000000000e+02
3.610000000000000000e+02
3.670000000000000000e+02
3.880000000000000000e+02
3.950000000000000000e+02
4.120000000000000000e+02
4.180000000000000000e+02
4.340000000000000000e+02
4.490000000000000000e+02
4.510000000000000000e+02
4.610000000000000000e+02
4.690000000000000000e+02
4.710000000000000000e+02
4.720000000000000000e+02
4.910000000000000000e+02
5.060000000000000000e+02
5.140000000000000000e+02
5.150000000000000000e+02
5.160000000000000000e+02
5.200000000000000000e+02
5.210000000000000000e+02
5.270000000000000000e+02
5.620000000000000000e+02
5.740000000000000000e+02
5.810000000000000000e+02
5.920000000000000000e+02
6.090000000000000000e+02
6.100000000000000000e+02
6.140000000000000000e+02
6.460000000000000000e+02
6.490000000000000000e+02
6.560000000000000000e+02
6.860000000000000000e+02
7.020000000000000000e+02
7.060000000000000000e+02
7.080000000000000000e+02
7.100000000000000000e+02
7.180000000000000000e+02
7.320000000000000000e+02
7.510000000000000000e+02
7.550000000000000000e+02
7.560000000000000000e+02
7.710000000000000000e+02
8.130000000000000000e+02
8.160000000000000000e+02
8.290000000000000000e+02
8.350000000000000000e+02
8.410000000000000000e+02
8.420000000000000000e+02
8.490000000000000000e+02
8.710000000000000000e+02
8.860000000000000000e+02
8.890000000000000000e+02
8.910000000000000000e+02
9.040000000000000000e+02
9.330000000000000000e+02
9.410000000000000000e+02
9.450000000000000000e+02
9.610000000000000000e+02
9.650000000000000000e+02
9.790000000000000000e+02
1.030000000000000000e+03
1.036000000000000000e+03
1.062000000000000000e+03
1.064000000000000000e+03
1.081000000000000000e+03
1.086000000000000000e+03
1.121000000000000000e+03
1.125000000000000000e+03
1.127000000000000000e+03
1.154000000000000000e+03
1.160000000000000000e+03
1.164000000000000000e+03
1.192000000000000000e+03
1.195000000000000000e+03
1.197000000000000000e+03
1.200000000000000000e+03
1.211000000000000000e+03
1.218000000000000000e+03
1.229000000000000000e+03
1.246000000000000000e+03
1.256000000000000000e+03
1.261000000000000000e+03
1.268000000000000000e+03
1.281000000000000000e+03
1.284000000000000000e+03
1.285000000000000000e+03
1.297000000000000000e+03
1.303000000000000000e+03
1.320000000000000000e+03
1.336000000000000000e+03
1.391000000000000000e+03
1.395000000000000000e+03
1.411000000000000000e+03
1.433000000000000000e+03
1.437000000000000000e+03
1.467000000000000000e+03
1.478000000000000000e+03
1.484000000000000000e+03
1.491000000000000000e+03
1.512000000000000000e+03
1.518000000000000000e+03
1.541000000000000000e+03
1.550000000000000000e+03
1.558000000000000000e+03
1.580000000000000000e+03
1.586000000000000000e+03
1.607000000000000000e+03
1.616000000000000000e+03
1.618000000000000000e+03
1.634000000000000000e+03
1.637000000000000000e+03
1.650000000000000000e+03
1.658000000000000000e+03
1.661000000000000000e+03
1.668000000000000000e+03
1.695000000000000000e+03
1.696000000000000000e+03
1.733000000000000000e+03
1.738000000000000000e+03
1.741000000000000000e+03
1.743000000000000000e+03
1.748000000000000000e+03
1.779000000000000000e+03
1.785000000000000000e+03
1.835000000000000000e+03
1.859000000000000000e+03
1.867000000000000000e+03
1.876000000000000000e+03
1.893000000000000000e+03
1.902000000000000000e+03
1.908000000000000000e+03
1.932000000000000000e+03
1.942000000000000000e+03
1.955000000000000000e+03
1.962000000000000000e+03
1.969000000000000000e+03
1.977000000000000000e+03
1.987000000000000000e+03
1.989000000000000000e+03
1.993000000000000000e+03
1.997000000000000000e+03
2.006000000000000000e+03
2.014000000000000000e+03
2.030000000000000000e+03
2.057000000000000000e+03
2.079000000000000000e+03
2.085000000000000000e+03
2.093000000000000000e+03
2.112000000000000000e+03
2.117000000000000000e+03
2.136000000000000000e+03
2.150000000000000000e+03
2.184000000000000000e+03
2.185000000000000000e+03
2.198000000000000000e+03
2.203000000000000000e+03
2.205000000000000000e+03
2.206000000000000000e+03
2.222000000000000000e+03
2.228000000000000000e+03
2.245000000000000000e+03
2.292000000000000000e+03
2.299000000000000000e+03
2.306000000000000000e+03
2.329000000000000000e+03
2.346000000000000000e+03
2.356000000000000000e+03
2.359000000000000000e+03
2.362000000000000000e+03
2.373000000000000000e+03
2.376000000000000000e+03
2.384000000000000000e+03
2.390000000000000000e+03
2.408000000000000000e+03
2.430000000000000000e+03
2.431000000000000000e+03
2.458000000000000000e+03
2.466000000000000000e+03
2.476000000000000000e+03
2.497000000000000000e+03
2.509000000000000000e+03
2.511000000000000000e+03
2.531000000000000000e+03
2.532000000000000000e+03
2.569000000000000000e+03
2.598000000000000000e+03
2.599000000000000000e+03
2.600000000000000000e+03
2.610000000000000000e+03
2.639000000000000000e+03
2.640000000000000000e+03
2.659000000000000000e+03
2.668000000000000000e+03
2.679000000000000000e+03
2.685000000000000000e+03
2.695000000000000000e+03
2.701000000000000000e+03
2.728000000000000000e+03
2.736000000000000000e+03
2.739000000000000000e+03
2.746000000000000000e+03
2.748000000000000000e+03
2.752000000000000000e+03
2.760000000000000000e+03
2.772000000000000000e+03
2.785000000000000000e+03
2.787000000000000000e+03
2.793000000000000000e+03
2.797000000000000000e+03
2.802000000000000000e+03
2.816000000000000000e+03
2.825000000000000000e+03
2.827000000000000000e+03
2.829000000000000000e+03
2.833000000000000000e+03
2.841000000000000000e+03
2.848000000000000000e+03
2.860000000000000000e+03
2.863000000000000000e+03
2.869000000000000000e+03
2.873000000000000000e+03
2.882000000000000000e+03
2.884000000000000000e+03
2.887000000000000000e+03
2.891000000000000000e+03
2.892000000000000000e+03
2.894000000000000000e+03
2.904000000000000000e+03
2.911000000000000000e+03
2.912000000000000000e+03
2.920000000000000000e+03
2.922000000000000000e+03
2.934000000000000000e+03
2.947000000000000000e+03
2.954000000000000000e+03
2.960000000000000000e+03
2.968000000000000000e+03
2.971000000000000000e+03
2.983000000000000000e+03
2.985000000000000000e+03
2.989000000000000000e+03
2.992000000000000000e+03
2.994000000000000000e+03
2.996000000000000000e+03
2.998000000000000000e+03
3.005000000000000000e+03
3.006000000000000000e+03
3.011000000000000000e+03
3.016000000000000000e+03
3.018000000000000000e+03
3.019000000000000000e+03
3.024000000000000000e+03
3.036000000000000000e+03
3.040000000000000000e+03
3.094000000000000000e+03
3.095000000000000000e+03
3.105000000000000000e+03
3.115000000000000000e+03
3.118000000000000000e+03
3.133000000000000000e+03
3.140000000000000000e+03
3.149000000000000000e+03
3.150000000000000000e+03
3.156000000000000000e+03
3.168000000000000000e+03
3.169000000000000000e+03
3.187000000000000000e+03
3.198000000000000000e+03
3.211000000000000000e+03
3.218000000000000000e+03
3.246000000000000000e+03
3.273000000000000000e+03
3.274000000000000000e+03
3.284000000000000000e+03
3.292000000000000000e+03
3.297000000000000000e+03
3.299000000000000000e+03
3.318000000000000000e+03
3.322000000000000000e+03
3.364000000000000000e+03
3.383000000000000000e+03
3.404000000000000000e+03
3.437000000000000000e+03
3.441000000000000000e+03
3.444000000000000000e+03
3.460000000000000000e+03
3.465000000000000000e+03
3.486000000000000000e+03
3.492000000000000000e+03
3.539000000000000000e+03
3.564000000000000000e+03
3.580000000000000000e+03
3.592000000000000000e+03
3.609000000000000000e+03
3.610000000000000000e+03
3.637000000000000000e+03
3.659000000000000000e+03
3.676000000000000000e+03
3.695000000000000000e+03
3.714000000000000000e+03
3.717000000000000000e+03
3.727000000000000000e+03
3.731000000000000000e+03
3.740000000000000000e+03
3.742000000000000000e+03
3.750000000000000000e+03
3.751000000000000000e+03
3.752000000000000000e+03
3.754000000000000000e+03
3.755000000000000000e+03
3.770000000000000000e+03
3.777000000000000000e+03
3.778000000000000000e+03
3.780000000000000000e+03
3.792000000000000000e+03
3.812000000000000000e+03
3.813000000000000000e+03
3.838000000000000000e+03
3.847000000000000000e+03
3.868000000000000000e+03
3.872000000000000000e+03
3.899000000000000000e+03
3.959000000000000000e+03
3.967000000000000000e+03
3.976000000000000000e+03
3.983000000000000000e+03
4.001000000000000000e+03
4.005000000000000000e+03
4.009000000000000000e+03
4.033000000000000000e+03
4.053000000000000000e+03
4.071000000000000000e+03
4.084000000000000000e+03
4.085000000000000000e+03
4.095000000000000000e+03
4.120000000000000000e+03
4.158000000000000000e+03
4.202000000000000000e+03
4.214000000000000000e+03
4.219000000000000000e+03
4.223000000000000000e+03
4.227000000000000000e+03
4.229000000000000000e+03
4.256000000000000000e+03
4.268000000000000000e+03
4.273000000000000000e+03
4.297000000000000000e+03
4.307000000000000000e+03
4.335000000000000000e+03
4.339000000000000000e+03
4.349000000000000000e+03
4.359000000000000000e+03
4.369000000000000000e+03
4.370000000000000000e+03
4.396000000000000000e+03
4.398000000000000000e+03
4.490000000000000000e+03
4.495000000000000000e+03
4.504000000000000000e+03
4.543000000000000000e+03
4.546000000000000000e+03
4.577000000000000000e+03
4.580000000000000000e+03
4.581000000000000000e+03
4.589000000000000000e+03
4.594000000000000000e+03
4.620000000000000000e+03
4.638000000000000000e+03
4.650000000000000000e+03
4.660000000000000000e+03
4.671000000000000000e+03
4.687000000000000000e+03
4.691000000000000000e+03
4.692000000000000000e+03
4.723000000000000000e+03
4.729000000000000000e+03
4.746000000000000000e+03
4.750000000000000000e+03
4.762000000000000000e+03
4.772000000000000000e+03
4.793000000000000000e+03
4.797000000000000000e+03
4.850000000000000000e+03
4.874000000000000000e+03
4.891000000000000000e+03
4.918000000000000000e+03
4.963000000000000000e+03
4.969000000000000000e+03
4.983000000000000000e+03
4.993000000000000000e+03
4.999000000000000000e+03
5.020000000000000000e+03
5.021000000000000000e+03
5.032000000000000000e+03
5.045000000000000000e+03
5.052000000000000000e+03
5.063000000000000000e+03
5.071000000000000000e+03
5.084000000000000000e+03
5.085000000000000000e+03
5.092000000000000000e+03
5.102000000000000000e+03
5.106000000000000000e+03
5.113000000000000000e+03
5.116000000000000000e+03
5.118000000000000000e+03
5.132000000000000000e+03
5.146000000000000000e+03
5.162000000000000000e+03
5.163000000000000000e+03
5.166000000000000000e+03
5.179000000000000000e+03
5.181000000000000000e+03
5.185000000000000000e+03
5.230000000000000000e+03
5.241000000000000000e+03
5.250000000000000000e+03
5.251000000000000000e+03
5.256000000000000000e+03
5.270000000000000000e+03
5.304000000000000000e+03
5.306000000000000000e+03
5.321000000000000000e+03
5.344000000000000000e+03
5.382000000000000000e+03
5.387000000000000000e+03
5.402000000000000000e+03
5.405000000000000000e+03
5.421000000000000000e+03
5.437000000000000000e+03
5.438000000000000000e+03
5.439000000000000000e+03
5.440000000000000000e+03
5.468000000000000000e+03
5.469000000000000000e+03
5.470000000000000000e+03
5.471000000000000000e+03
5.472000000000000000e+03
5.476000000000000000e+03
5.482000000000000000e+03
5.485000000000000000e+03
5.486000000000000000e+03
5.497000000000000000e+03
5.505000000000000000e+03
5.531000000000000000e+03
5.558000000000000000e+03
5.559000000000000000e+03
5.561000000000000000e+03
5.576000000000000000e+03
5.581000000000000000e+03
5.652000000000000000e+03
5.653000000000000000e+03
5.657000000000000000e+03
5.664000000000000000e+03
5.671000000000000000e+03
5.687000000000000000e+03
5.704000000000000000e+03
5.706000000000000000e+03
5.749000000000000000e+03
5.759000000000000000e+03
5.763000000000000000e+03
5.767000000000000000e+03
5.785000000000000000e+03
5.809000000000000000e+03
5.817000000000000000e+03
5.825000000000000000e+03
5.843000000000000000e+03
5.863000000000000000e+03
5.874000000000000000e+03
5.875000000000000000e+03
5.884000000000000000e+03
5.890000000000000000e+03
5.899000000000000000e+03
5.906000000000000000e+03
5.926000000000000000e+03
5.941000000000000000e+03
5.968000000000000000e+03
5.970000000000000000e+03
5.972000000000000000e+03
5.978000000000000000e+03
5.979000000000000000e+03
5.991000000000000000e+03
6.013000000000000000e+03
6.026000000000000000e+03
6.054000000000000000e+03
6.068000000000000000e+03
6.083000000000000000e+03
6.103000000000000000e+03
6.120000000000000000e+03
6.138000000000000000e+03
6.152000000000000000e+03
6.172000000000000000e+03
6.189000000000000000e+03
6.205000000000000000e+03
6.214000000000000000e+03
6.229000000000000000e+03
6.238000000000000000e+03
6.267000000000000000e+03
6.273000000000000000e+03
6.275000000000000000e+03
6.281000000000000000e+03
6.290000000000000000e+03
6.295000000000000000e+03
6.318000000000000000e+03
6.319000000000000000e+03
6.330000000000000000e+03
6.345000000000000000e+03
6.351000000000000000e+03
6.363000000000000000e+03
6.394000000000000000e+03
6.401000000000000000e+03
6.403000000000000000e+03
6.422000000000000000e+03
6.456000000000000000e+03
6.482000000000000000e+03
6.487000000000000000e+03
6.490000000000000000e+03
6.492000000000000000e+03
6.512000000000000000e+03
6.517000000000000000e+03
6.523000000000000000e+03
6.524000000000000000e+03
6.531000000000000000e+03
6.534000000000000000e+03
6.540000000000000000e+03
6.541000000000000000e+03
6.544000000000000000e+03
6.548000000000000000e+03
6.559000000000000000e+03
6.567000000000000000e+03
6.577000000000000000e+03
6.590000000000000000e+03
6.602000000000000000e+03
6.613000000000000000e+03
6.628000000000000000e+03
6.649000000000000000e+03
6.650000000000000000e+03
6.651000000000000000e+03
6.670000000000000000e+03
6.681000000000000000e+03
6.682000000000000000e+03
6.689000000000000000e+03
6.702000000000000000e+03
6.704000000000000000e+03
6.710000000000000000e+03
6.719000000000000000e+03
6.723000000000000000e+03
6.724000000000000000e+03
6.733000000000000000e+03
6.735000000000000000e+03
6.740000000000000000e+03
6.746000000000000000e+03
6.756000000000000000e+03
6.761000000000000000e+03
6.764000000000000000e+03
6.779000000000000000e+03
6.794000000000000000e+03
6.812000000000000000e+03
6.825000000000000000e+03
6.855000000000000000e+03
6.857000000000000000e+03
6.861000000000000000e+03
6.877000000000000000e+03
6.880000000000000000e+03
6.881000000000000000e+03
6.894000000000000000e+03
6.904000000000000000e+03
6.951000000000000000e+03
6.964000000000000000e+03
6.982000000000000000e+03
6.991000000000000000e+03
6.992000000000000000e+03
6.993000000000000000e+03
6.997000000000000000e+03
7.003000000000000000e+03
7.011000000000000000e+03
7.017000000000000000e+03
7.031000000000000000e+03
7.045000000000000000e+03
7.049000000000000000e+03
7.102000000000000000e+03
7.108000000000000000e+03
7.120000000000000000e+03
7.139000000000000000e+03
7.196000000000000000e+03
7.208000000000000000e+03
7.214000000000000000e+03
7.221000000000000000e+03
7.232000000000000000e+03
7.240000000000000000e+03
7.252000000000000000e+03
7.258000000000000000e+03
7.266000000000000000e+03
7.271000000000000000e+03
7.277000000000000000e+03
7.278000000000000000e+03
7.298000000000000000e+03
7.329000000000000000e+03
7.350000000000000000e+03
7.356000000000000000e+03
7.360000000000000000e+03
7.361000000000000000e+03
7.364000000000000000e+03
7.376000000000000000e+03
7.390000000000000000e+03
7.391000000000000000e+03
7.400000000000000000e+03
7.407000000000000000e+03
7.411000000000000000e+03
7.426000000000000000e+03
7.478000000000000000e+03
7.490000000000000000e+03
7.498000000000000000e+03
7.546000000000000000e+03
7.551000000000000000e+03
7.570000000000000000e+03
7.596000000000000000e+03
7.641000000000000000e+03
7.681000000000000000e+03
7.698000000000000000e+03
7.702000000000000000e+03
7.705000000000000000e+03
7.723000000000000000e+03
7.753000000000000000e+03
7.761000000000000000e+03
7.799000000000000000e+03
7.811000000000000000e+03
7.813000000000000000e+03
7.815000000000000000e+03
7.817000000000000000e+03
7.847000000000000000e+03
7.859000000000000000e+03
7.863000000000000000e+03
7.865000000000000000e+03
7.882000000000000000e+03
7.895000000000000000e+03
7.901000000000000000e+03
7.908000000000000000e+03
7.921000000000000000e+03
7.961000000000000000e+03
7.984000000000000000e+03
8.039000000000000000e+03
8.073000000000000000e+03
8.121000000000000000e+03
8.138000000000000000e+03
8.141000000000000000e+03
8.144000000000000000e+03
8.153000000000000000e+03
8.160000000000000000e+03
8.192000000000000000e+03
8.204000000000000000e+03
8.211000000000000000e+03
8.236000000000000000e+03
8.238000000000000000e+03
8.256000000000000000e+03
8.260000000000000000e+03
8.265000000000000000e+03
8.287000000000000000e+03
8.306000000000000000e+03
8.308000000000000000e+03
8.331000000000000000e+03
8.332000000000000000e+03
8.335000000000000000e+03
8.337000000000000000e+03
8.341000000000000000e+03
8.360000000000000000e+03
8.386000000000000000e+03
8.432000000000000000e+03
8.437000000000000000e+03
8.482000000000000000e+03
8.487000000000000000e+03
8.497000000000000000e+03
8.504000000000000000e+03
8.517000000000000000e+03
8.522000000000000000e+03
8.535000000000000000e+03
8.541000000000000000e+03
8.586000000000000000e+03
8.600000000000000000e+03
8.608000000000000000e+03
8.610000000000000000e+03
8.622000000000000000e+03
8.640000000000000000e+03
8.641000000000000000e+03
8.648000000000000000e+03
8.649000000000000000e+03
8.653000000000000000e+03
8.654000000000000000e+03
8.669000000000000000e+03
8.670000000000000000e+03
8.675000000000000000e+03
8.692000000000000000e+03
8.708000000000000000e+03
8.736000000000000000e+03
8.741000000000000000e+03
8.758000000000000000e+03
8.770000000000000000e+03
8.777000000000000000e+03
8.778000000000000000e+03
8.796000000000000000e+03
8.811000000000000000e+03
8.828000000000000000e+03
8.833000000000000000e+03
8.862000000000000000e+03
8.864000000000000000e+03
8.873000000000000000e+03
8.905000000000000000e+03
8.920000000000000000e+03
8.922000000000000000e+03
8.933000000000000000e+03
8.946000000000000000e+03
8.954000000000000000e+03
8.975000000000000000e+03
8.989000000000000000e+03
9.007000000000000000e+03
9.021000000000000000e+03
9.024000000000000000e+03
9.038000000000000000e+03
9.073000000000000000e+03
9.080000000000000000e+03
9.098000000000000000e+03
9.127000000000000000e+03
9.131000000000000000e+03
9.142000000000000000e+03
9.146000000000000000e+03
9.167000000000000000e+03
9.204000000000000000e+03
9.207000000000000000e+03
9.223000000000000000e+03
9.230000000000000000e+03
9.238000000000000000e+03
9.251000000000000000e+03
9.265000000000000000e+03
9.269000000000000000e+03
9.270000000000000000e+03
9.273000000000000000e+03
9.284000000000000000e+03
9.285000000000000000e+03
9.296000000000000000e+03
9.318000000000000000e+03
9.332000000000000000e+03
9.339000000000000000e+03
9.365000000000000000e+03
9.367000000000000000e+03
9.372000000000000000e+03
9.373000000000000000e+03
9.380000000000000000e+03
9.381000000000000000e+03
9.383000000000000000e+03
9.399000000000000000e+03
9.410000000000000000e+03
9.429000000000000000e+03
9.440000000000000000e+03
9.478000000000000000e+03
9.485000000000000000e+03
9.506000000000000000e+03
9.511000000000000000e+03
9.519000000000000000e+03
9.520000000000000000e+03
9.524000000000000000e+03
9.532000000000000000e+03
9.542000000000000000e+03
9.545000000000000000e+03
9.572000000000000000e+03
9.586000000000000000e+03
9.603000000000000000e+03
9.670000000000000000e+03
9.676000000000000000e+03
9.681000000000000000e+03
9.692000000000000000e+03
9.705000000000000000e+03
9.711000000000000000e+03
9.717000000000000000e+03
9.721000000000000000e+03
9.722000000000000000e+03
9.725000000000000000e+03
9.733000000000000000e+03
9.734000000000000000e+03
9.735000000000000000e+03
9.764000000000000000e+03
9.767000000000000000e+03
9.769000000000000000e+03
9.777000000000000000e+03
9.779000000000000000e+03
9.793000000000000000e+03
9.860000000000000000e+03
9.868000000000000000e+03
9.909000000000000000e+03
9.924000000000000000e+03
9.930000000000000000e+03
9.933000000000000000e+03
9.937000000000000000e+03
9.939000000000000000e+03
9.946000000000000000e+03
9.963000000000000000e+03
9.980000000000000000e+03
9.987000000000000000e+03
9.992000000000000000e+03
1.000500000000000000e+04
1.001400000000000000e+04
1.001700000000000000e+04
1.002100000000000000e+04
1.002500000000000000e+04
1.003300000000000000e+04
1.003500000000000000e+04
1.005500000000000000e+04
1.005800000000000000e+04
1.010000000000000000e+04
1.010500000000000000e+04
1.011200000000000000e+04
1.011500000000000000e+04
1.012400000000000000e+04
1.014400000000000000e+04
1.014700000000000000e+04
1.015900000000000000e+04
1.016700000000000000e+04
1.017100000000000000e+04
1.017500000000000000e+04
1.020600000000000000e+04
1.021000000000000000e+04
1.024200000000000000e+04
1.024800000000000000e+04
1.026900000000000000e+04
1.027000000000000000e+04
1.027100000000000000e+04
1.027400000000000000e+04
1.029900000000000000e+04
1.032900000000000000e+04
1.033200000000000000e+04
1.033400000000000000e+04
1.034100000000000000e+04
1.034300000000000000e+04
1.034400000000000000e+04
1.034600000000000000e+04
1.034900000000000000e+04
1.035400000000000000e+04
1.038100000000000000e+04
1.039900000000000000e+04
1.040200000000000000e+04
1.042900000000000000e+04
1.044400000000000000e+04
1.046100000000000000e+04
1.046200000000000000e+04
1.048400000000000000e+04
1.049000000000000000e+04
1.052200000000000000e+04
1.053800000000000000e+04
1.055800000000000000e+04
1.058900000000000000e+04
1.062600000000000000e+04
1.063100000000000000e+04
1.064700000000000000e+04
1.065100000000000000e+04
1.065300000000000000e+04
1.065900000000000000e+04
1.068600000000000000e+04
1.069800000000000000e+04
1.070500000000000000e+04
1.072300000000000000e+04
1.072700000000000000e+04
1.074800000000000000e+04
1.078800000000000000e+04
1.079200000000000000e+04
1.079900000000000000e+04
1.080700000000000000e+04
1.083000000000000000e+04
1.083300000000000000e+04
1.085000000000000000e+04
1.085300000000000000e+04
1.086300000000000000e+04
1.086400000000000000e+04
1.086600000000000000e+04
1.088900000000000000e+04
1.089700000000000000e+04
1.090500000000000000e+04
1.090700000000000000e+04
1.090800000000000000e+04
1.092300000000000000e+04
1.092400000000000000e+04
1.093200000000000000e+04
1.094700000000000000e+04
1.096700000000000000e+04
1.099000000000000000e+04
1.099200000000000000e+04
1.099500000000000000e+04
1.099600000000000000e+04
1.100100000000000000e+04
1.100200000000000000e+04
1.100600000000000000e+04
1.102900000000000000e+04
1.107700000000000000e+04
1.108600000000000000e+04
1.108800000000000000e+04
1.109200000000000000e+04
1.110900000000000000e+04
1.111200000000000000e+04
1.112200000000000000e+04
1.112600000000000000e+04
1.113300000000000000e+04
1.114700000000000000e+04
1.115800000000000000e+04
1.116200000000000000e+04
1.117000000000000000e+04
1.118100000000000000e+04
1.119200000000000000e+04
1.119600000000000000e+04
1.121000000000000000e+04
1.122400000000000000e+04
1.124000000000000000e+04
1.124600000000000000e+04
1.124800000000000000e+04
1.124900000000000000e+04
1.125000000000000000e+04
1.126000000000000000e+04
1.126700000000000000e+04
1.128600000000000000e+04
1.128800000000000000e+04
1.129200000000000000e+04
1.131900000000000000e+04
1.132100000000000000e+04
1.133200000000000000e+04
1.138700000000000000e+04
1.139900000000000000e+04
1.140400000000000000e+04
1.140700000000000000e+04
1.141300000000000000e+04
1.145600000000000000e+04
1.146100000000000000e+04
1.146400000000000000e+04
1.146800000000000000e+04
1.148300000000000000e+04
1.148600000000000000e+04
1.150000000000000000e+04
1.150900000000000000e+04
1.153200000000000000e+04
1.153600000000000000e+04
1.156000000000000000e+04
1.156300000000000000e+04
1.156600000000000000e+04
1.157900000000000000e+04
1.159100000000000000e+04
1.160600000000000000e+04
1.160700000000000000e+04
1.164700000000000000e+04
1.166300000000000000e+04
1.167100000000000000e+04
1.168600000000000000e+04
1.169600000000000000e+04
1.169900000000000000e+04
