1.000000000000000000e+00
1.300000000000000000e+01
6.100000000000000000e+01
8.300000000000000000e+01
9.300000000000000000e+01
1.350000000000000000e+02
1.940000000000000000e+02
2.000000000000000000e+02
2.060000000000000000e+02
2.140000000000000000e+02
2.150000000000000000e+02
2.380000000000000000e+02
2.540000000000000000e+02
2.590000000000000000e+02
3.190000000000000000e+02
3.210000000000000000e+02
3.640000000000000000e+02
4.300000000000000000e+02
4.400000000000000000e+02
4.520000000000000000e+02
4.600000000000000000e+02
4.780000000000000000e+02
5.370000000000000000e+02
5.400000000000000000e+02
5.420000000000000000e+02
5.820000000000000000e+02
6.010000000000000000e+02
6.030000000000000000e+02
6.080000000000000000e+02
6.170000000000000000e+02
6.220000000000000000e+02
6.360000000000000000e+02
6.390000000000000000e+02
6.410000000000000000e+02
6.510000000000000000e+02
6.530000000000000000e+02
7.360000000000000000e+02
7.400000000000000000e+02
7.820000000000000000e+02
8.080000000000000000e+02
8.200000000000000000e+02
8.440000000000000000e+02
9.290000000000000000e+02
9.600000000000000000e+02
9.690000000000000000e+02
1.043000000000000000e+03
1.055000000000000000e+03
1.065000000000000000e+03
1.077000000000000000e+03
1.098000000000000000e+03
1.148000000000000000e+03
1.209000000000000000e+03
1.252000000000000000e+03
1.334000000000000000e+03
1.347000000000000000e+03
1.348000000000000000e+03
1.366000000000000000e+03
1.418000000000000000e+03
1.438000000000000000e+03
1.487000000000000000e+03
1.498000000000000000e+03
1.575000000000000000e+03
1.577000000000000000e+03
1.581000000000000000e+03
1.630000000000000000e+03
1.632000000000000000e+03
1.647000000000000000e+03
1.656000000000000000e+03
1.671000000000000000e+03
1.676000000000000000e+03
1.703000000000000000e+03
1.757000000000000000e+03
1.770000000000000000e+03
1.791000000000000000e+03
1.832000000000000000e+03
1.900000000000000000e+03
1.904000000000000000e+03
1.916000000000000000e+03
1.966000000000000000e+03
1.978000000000000000e+03
2.027000000000000000e+03
2.042000000000000000e+03
2.046000000000000000e+03
2.083000000000000000e+03
2.101000000000000000e+03
2.124000000000000000e+03
2.145000000000000000e+03
2.146000000000000000e+03
2.183000000000000000e+03
2.196000000000000000e+03
2.221000000000000000e+03
2.244000000000000000e+03
2.279000000000000000e+03
2.309000000000000000e+03
2.361000000000000000e+03
2.382000000000000000e+03
2.391000000000000000e+03
2.402000000000000000e+03
2.406000000000000000e+03
2.443000000000000000e+03
2.493000000000000000e+03
2.495000000000000000e+03
2.568000000000000000e+03
2.589000000000000000e+03
2.593000000000000000e+03
2.663000000000000000e+03
2.713000000000000000e+03
2.749000000000000000e+03
2.778000000000000000e+03
2.782000000000000000e+03
2.783000000000000000e+03
2.854000000000000000e+03
2.919000000000000000e+03
2.943000000000000000e+03
2.959000000000000000e+03
3.064000000000000000e+03
3.102000000000000000e+03
3.109000000000000000e+03
3.122000000000000000e+03
3.170000000000000000e+03
3.224000000000000000e+03
3.235000000000000000e+03
3.250000000000000000e+03
3.283000000000000000e+03
3.287000000000000000e+03
3.303000000000000000e+03
3.308000000000000000e+03
3.344000000000000000e+03
3.351000000000000000e+03
3.378000000000000000e+03
3.394000000000000000e+03
3.425000000000000000e+03
3.463000000000000000e+03
3.471000000000000000e+03
3.496000000000000000e+03
3.527000000000000000e+03
3.535000000000000000e+03
3.538000000000000000e+03
3.569000000000000000e+03
3.570000000000000000e+03
3.573000000000000000e+03
3.576000000000000000e+03
3.605000000000000000e+03
3.648000000000000000e+03
3.715000000000000000e+03
3.723000000000000000e+03
3.821000000000000000e+03
3.827000000000000000e+03
3.840000000000000000e+03
3.856000000000000000e+03
3.857000000000000000e+03
3.860000000000000000e+03
3.864000000000000000e+03
3.875000000000000000e+03
3.881000000000000000e+03
3.890000000000000000e+03
3.922000000000000000e+03
3.935000000000000000e+03
3.958000000000000000e+03
3.965000000000000000e+03
3.970000000000000000e+03
3.997000000000000000e+03
4.010000000000000000e+03
4.051000000000000000e+03
4.074000000000000000e+03
4.104000000000000000e+03
4.127000000000000000e+03
4.130000000000000000e+03
4.138000000000000000e+03
4.141000000000000000e+03
4.143000000000000000e+03
4.146000000000000000e+03
4.148000000000000000e+03
4.162000000000000000e+03
4.170000000000000000e+03
4.173000000000000000e+03
4.174000000000000000e+03
4.178000000000000000e+03
4.210000000000000000e+03
4.231000000000000000e+03
4.248000000000000000e+03
4.261000000000000000e+03
4.300000000000000000e+03
4.316000000000000000e+03
4.321000000000000000e+03
4.326000000000000000e+03
4.338000000000000000e+03
4.347000000000000000e+03
4.353000000000000000e+03
4.356000000000000000e+03
4.384000000000000000e+03
4.402000000000000000e+03
4.439000000000000000e+03
4.447000000000000000e+03
4.458000000000000000e+03
4.505000000000000000e+03
4.515000000000000000e+03
4.542000000000000000e+03
4.590000000000000000e+03
4.597000000000000000e+03
4.624000000000000000e+03
4.647000000000000000e+03
4.704000000000000000e+03
4.731000000000000000e+03
4.771000000000000000e+03
4.776000000000000000e+03
4.816000000000000000e+03
4.836000000000000000e+03
4.926000000000000000e+03
5.003000000000000000e+03
5.004000000000000000e+03
5.027000000000000000e+03
5.082000000000000000e+03
5.103000000000000000e+03
5.104000000000000000e+03
5.119000000000000000e+03
5.193000000000000000e+03
5.221000000000000000e+03
5.225000000000000000e+03
5.243000000000000000e+03
5.259000000000000000e+03
5.287000000000000000e+03
5.300000000000000000e+03
5.320000000000000000e+03
5.324000000000000000e+03
5.401000000000000000e+03
5.454000000000000000e+03
5.465000000000000000e+03
5.500000000000000000e+03
5.517000000000000000e+03
5.526000000000000000e+03
5.594000000000000000e+03
5.600000000000000000e+03
5.643000000000000000e+03
5.673000000000000000e+03
5.754000000000000000e+03
5.761000000000000000e+03
5.765000000000000000e+03
5.799000000000000000e+03
5.904000000000000000e+03
5.913000000000000000e+03
5.928000000000000000e+03
5.952000000000000000e+03
6.060000000000000000e+03
6.088000000000000000e+03
6.114000000000000000e+03
6.115000000000000000e+03
6.139000000000000000e+03
6.150000000000000000e+03
6.240000000000000000e+03
6.265000000000000000e+03
6.340000000000000000e+03
6.370000000000000000e+03
6.375000000000000000e+03
6.396000000000000000e+03
6.441000000000000000e+03
6.462000000000000000e+03
6.500000000000000000e+03
6.506000000000000000e+03
6.584000000000000000e+03
6.614000000000000000e+03
6.637000000000000000e+03
6.641000000000000000e+03
6.674000000000000000e+03
6.686000000000000000e+03
6.697000000000000000e+03
6.709000000000000000e+03
6.744000000000000000e+03
6.797000000000000000e+03
6.820000000000000000e+03
6.827000000000000000e+03
6.869000000000000000e+03
6.927000000000000000e+03
6.972000000000000000e+03
6.984000000000000000e+03
6.987000000000000000e+03
6.990000000000000000e+03
7.000000000000000000e+03
7.064000000000000000e+03
7.087000000000000000e+03
7.088000000000000000e+03
7.100000000000000000e+03
7.106000000000000000e+03
7.207000000000000000e+03
7.209000000000000000e+03
7.215000000000000000e+03
7.236000000000000000e+03
7.290000000000000000e+03
7.351000000000000000e+03
7.405000000000000000e+03
7.456000000000000000e+03
7.473000000000000000e+03
7.484000000000000000e+03
7.519000000000000000e+03
7.615000000000000000e+03
7.629000000000000000e+03
7.664000000000000000e+03
7.672000000000000000e+03
7.701000000000000000e+03
7.754000000000000000e+03
7.760000000000000000e+03
7.763000000000000000e+03
7.796000000000000000e+03
7.838000000000000000e+03
7.846000000000000000e+03
7.875000000000000000e+03
7.906000000000000000e+03
7.962000000000000000e+03
7.970000000000000000e+03
7.973000000000000000e+03
8.015000000000000000e+03
8.040000000000000000e+03
8.080000000000000000e+03
8.098000000000000000e+03
8.103000000000000000e+03
8.118000000000000000e+03
8.132000000000000000e+03
8.157000000000000000e+03
8.159000000000000000e+03
8.161000000000000000e+03
8.174000000000000000e+03
8.227000000000000000e+03
8.246000000000000000e+03
8.275000000000000000e+03
8.296000000000000000e+03
8.299000000000000000e+03
8.315000000000000000e+03
8.328000000000000000e+03
8.374000000000000000e+03
8.391000000000000000e+03
8.417000000000000000e+03
8.418000000000000000e+03
8.422000000000000000e+03
8.473000000000000000e+03
8.500000000000000000e+03
8.576000000000000000e+03
8.578000000000000000e+03
8.604000000000000000e+03
8.607000000000000000e+03
8.659000000000000000e+03
8.681000000000000000e+03
8.740000000000000000e+03
8.757000000000000000e+03
8.798000000000000000e+03
8.804000000000000000e+03
8.834000000000000000e+03
8.841000000000000000e+03
8.856000000000000000e+03
8.913000000000000000e+03
8.959000000000000000e+03
8.976000000000000000e+03
8.985000000000000000e+03
8.988000000000000000e+03
9.033000000000000000e+03
9.066000000000000000e+03
9.070000000000000000e+03
9.114000000000000000e+03
9.173000000000000000e+03
9.194000000000000000e+03
9.196000000000000000e+03
9.205000000000000000e+03
9.216000000000000000e+03
9.234000000000000000e+03
9.263000000000000000e+03
9.328000000000000000e+03
9.340000000000000000e+03
9.348000000000000000e+03
9.362000000000000000e+03
9.377000000000000000e+03
9.434000000000000000e+03
9.442000000000000000e+03
9.448000000000000000e+03
9.491000000000000000e+03
9.498000000000000000e+03
9.505000000000000000e+03
9.525000000000000000e+03
9.539000000000000000e+03
9.585000000000000000e+03
9.593000000000000000e+03
9.609000000000000000e+03
9.612000000000000000e+03
9.620000000000000000e+03
9.654000000000000000e+03
9.655000000000000000e+03
9.694000000000000000e+03
9.695000000000000000e+03
9.709000000000000000e+03
9.726000000000000000e+03
9.728000000000000000e+03
9.755000000000000000e+03
9.808000000000000000e+03
9.812000000000000000e+03
9.813000000000000000e+03
9.819000000000000000e+03
9.839000000000000000e+03
9.869000000000000000e+03
9.874000000000000000e+03
9.903000000000000000e+03
9.910000000000000000e+03
9.936000000000000000e+03
9.943000000000000000e+03
1.002400000000000000e+04
1.002600000000000000e+04
1.002900000000000000e+04
1.003900000000000000e+04
1.007900000000000000e+04
1.008500000000000000e+04
1.011800000000000000e+04
1.015500000000000000e+04
1.015700000000000000e+04
1.015800000000000000e+04
1.022900000000000000e+04
1.024300000000000000e+04
1.028100000000000000e+04
1.028200000000000000e+04
1.031000000000000000e+04
1.032200000000000000e+04
1.033800000000000000e+04
1.036600000000000000e+04
1.037800000000000000e+04
1.038800000000000000e+04
1.041400000000000000e+04
1.042800000000000000e+04
1.047300000000000000e+04
1.048900000000000000e+04
1.062400000000000000e+04
1.065400000000000000e+04
1.067300000000000000e+04
1.067800000000000000e+04
1.074700000000000000e+04
1.075100000000000000e+04
1.076900000000000000e+04
1.081200000000000000e+04
1.082800000000000000e+04
1.083900000000000000e+04
1.087900000000000000e+04
1.088600000000000000e+04
1.089600000000000000e+04
1.090000000000000000e+04
1.090200000000000000e+04
1.095700000000000000e+04
1.098600000000000000e+04
1.098900000000000000e+04
1.099100000000000000e+04
1.099300000000000000e+04
1.106000000000000000e+04
1.107100000000000000e+04
1.110300000000000000e+04
1.114400000000000000e+04
1.114900000000000000e+04
1.124500000000000000e+04
1.124700000000000000e+04
1.127000000000000000e+04
1.128300000000000000e+04
1.128500000000000000e+04
1.130000000000000000e+04
1.130100000000000000e+04
1.131600000000000000e+04
1.135000000000000000e+04
1.136400000000000000e+04
1.141400000000000000e+04
1.149800000000000000e+04
1.151900000000000000e+04
1.152400000000000000e+04
1.154600000000000000e+04
1.154900000000000000e+04
1.155900000000000000e+04
1.157000000000000000e+04
1.157200000000000000e+04
1.160500000000000000e+04
1.161600000000000000e+04
1.167200000000000000e+04
1.167700000000000000e+04
1.168300000000000000e+04
