5.600000000000000000e+01
5.900000000000000000e+01
8.500000000000000000e+01
8.900000000000000000e+01
1.900000000000000000e+02
2.330000000000000000e+02
2.910000000000000000e+02
2.950000000000000000e+02
3.040000000000000000e+02
3.180000000000000000e+02
3.900000000000000000e+02
4.110000000000000000e+02
4.290000000000000000e+02
4.390000000000000000e+02
4.570000000000000000e+02
4.630000000000000000e+02
4.850000000000000000e+02
4.950000000000000000e+02
5.430000000000000000e+02
5.460000000000000000e+02
5.550000000000000000e+02
5.610000000000000000e+02
5.890000000000000000e+02
5.930000000000000000e+02
6.570000000000000000e+02
6.730000000000000000e+02
6.770000000000000000e+02
6.990000000000000000e+02
7.410000000000000000e+02
7.880000000000000000e+02
7.920000000000000000e+02
8.020000000000000000e+02
8.150000000000000000e+02
8.230000000000000000e+02
8.430000000000000000e+02
9.000000000000000000e+02
9.050000000000000000e+02
9.120000000000000000e+02
9.160000000000000000e+02
9.260000000000000000e+02
9.300000000000000000e+02
9.350000000000000000e+02
9.480000000000000000e+02
9.750000000000000000e+02
9.850000000000000000e+02
1.007000000000000000e+03
1.026000000000000000e+03
1.028000000000000000e+03
1.089000000000000000e+03
1.101000000000000000e+03
1.107000000000000000e+03
1.110000000000000000e+03
1.112000000000000000e+03
1.132000000000000000e+03
1.138000000000000000e+03
1.165000000000000000e+03
1.270000000000000000e+03
1.291000000000000000e+03
1.294000000000000000e+03
1.328000000000000000e+03
1.379000000000000000e+03
1.394000000000000000e+03
1.396000000000000000e+03
1.406000000000000000e+03
1.416000000000000000e+03
1.431000000000000000e+03
1.444000000000000000e+03
1.445000000000000000e+03
1.455000000000000000e+03
1.456000000000000000e+03
1.485000000000000000e+03
1.506000000000000000e+03
1.513000000000000000e+03
1.522000000000000000e+03
1.553000000000000000e+03
1.555000000000000000e+03
1.584000000000000000e+03
1.644000000000000000e+03
1.674000000000000000e+03
1.694000000000000000e+03
1.700000000000000000e+03
1.717000000000000000e+03
1.736000000000000000e+03
1.761000000000000000e+03
1.777000000000000000e+03
1.782000000000000000e+03
1.813000000000000000e+03
1.822000000000000000e+03
1.833000000000000000e+03
1.842000000000000000e+03
1.880000000000000000e+03
1.901000000000000000e+03
1.939000000000000000e+03
1.972000000000000000e+03
2.010000000000000000e+03
2.021000000000000000e+03
2.036000000000000000e+03
2.044000000000000000e+03
2.050000000000000000e+03
2.058000000000000000e+03
2.064000000000000000e+03
2.109000000000000000e+03
2.125000000000000000e+03
2.134000000000000000e+03
2.195000000000000000e+03
2.233000000000000000e+03
2.236000000000000000e+03
2.239000000000000000e+03
2.255000000000000000e+03
2.278000000000000000e+03
2.281000000000000000e+03
2.294000000000000000e+03
2.310000000000000000e+03
2.321000000000000000e+03
2.332000000000000000e+03
2.375000000000000000e+03
2.400000000000000000e+03
2.401000000000000000e+03
2.417000000000000000e+03
2.448000000000000000e+03
2.529000000000000000e+03
2.550000000000000000e+03
2.559000000000000000e+03
2.581000000000000000e+03
2.645000000000000000e+03
2.671000000000000000e+03
2.692000000000000000e+03
2.702000000000000000e+03
2.711000000000000000e+03
2.723000000000000000e+03
2.724000000000000000e+03
2.730000000000000000e+03
2.738000000000000000e+03
2.762000000000000000e+03
2.763000000000000000e+03
2.799000000000000000e+03
2.809000000000000000e+03
2.834000000000000000e+03
2.853000000000000000e+03
2.864000000000000000e+03
2.872000000000000000e+03
2.908000000000000000e+03
2.910000000000000000e+03
2.914000000000000000e+03
2.916000000000000000e+03
2.930000000000000000e+03
2.949000000000000000e+03
2.955000000000000000e+03
3.015000000000000000e+03
3.023000000000000000e+03
3.033000000000000000e+03
3.055000000000000000e+03
3.068000000000000000e+03
3.073000000000000000e+03
3.079000000000000000e+03
3.082000000000000000e+03
3.089000000000000000e+03
3.101000000000000000e+03
3.129000000000000000e+03
3.131000000000000000e+03
3.147000000000000000e+03
3.189000000000000000e+03
3.245000000000000000e+03
3.369000000000000000e+03
3.387000000000000000e+03
3.393000000000000000e+03
3.422000000000000000e+03
3.458000000000000000e+03
3.478000000000000000e+03
3.497000000000000000e+03
3.550000000000000000e+03
3.618000000000000000e+03
3.647000000000000000e+03
3.649000000000000000e+03
3.654000000000000000e+03
3.667000000000000000e+03
3.674000000000000000e+03
3.685000000000000000e+03
3.744000000000000000e+03
3.745000000000000000e+03
3.791000000000000000e+03
3.802000000000000000e+03
3.815000000000000000e+03
3.817000000000000000e+03
3.820000000000000000e+03
3.859000000000000000e+03
3.903000000000000000e+03
3.911000000000000000e+03
3.918000000000000000e+03
3.969000000000000000e+03
4.004000000000000000e+03
4.011000000000000000e+03
4.039000000000000000e+03
4.113000000000000000e+03
4.123000000000000000e+03
4.145000000000000000e+03
4.147000000000000000e+03
4.149000000000000000e+03
4.153000000000000000e+03
4.161000000000000000e+03
4.177000000000000000e+03
4.192000000000000000e+03
4.207000000000000000e+03
4.230000000000000000e+03
4.238000000000000000e+03
4.265000000000000000e+03
4.279000000000000000e+03
4.282000000000000000e+03
4.301000000000000000e+03
4.302000000000000000e+03
4.309000000000000000e+03
4.355000000000000000e+03
4.360000000000000000e+03
4.367000000000000000e+03
4.432000000000000000e+03
4.437000000000000000e+03
4.493000000000000000e+03
4.499000000000000000e+03
4.521000000000000000e+03
4.526000000000000000e+03
4.528000000000000000e+03
4.611000000000000000e+03
4.616000000000000000e+03
4.673000000000000000e+03
4.734000000000000000e+03
4.775000000000000000e+03
4.790000000000000000e+03
4.801000000000000000e+03
4.803000000000000000e+03
4.831000000000000000e+03
4.841000000000000000e+03
4.852000000000000000e+03
4.871000000000000000e+03
4.887000000000000000e+03
4.902000000000000000e+03
4.934000000000000000e+03
4.951000000000000000e+03
4.961000000000000000e+03
5.016000000000000000e+03
5.049000000000000000e+03
5.067000000000000000e+03
5.070000000000000000e+03
5.095000000000000000e+03
5.096000000000000000e+03
5.105000000000000000e+03
5.110000000000000000e+03
5.139000000000000000e+03
5.155000000000000000e+03
5.171000000000000000e+03
5.190000000000000000e+03
5.222000000000000000e+03
5.244000000000000000e+03
5.273000000000000000e+03
5.279000000000000000e+03
5.343000000000000000e+03
5.369000000000000000e+03
5.378000000000000000e+03
5.390000000000000000e+03
5.410000000000000000e+03
5.430000000000000000e+03
5.462000000000000000e+03
5.514000000000000000e+03
5.555000000000000000e+03
5.578000000000000000e+03
5.618000000000000000e+03
5.620000000000000000e+03
5.644000000000000000e+03
5.656000000000000000e+03
5.670000000000000000e+03
5.685000000000000000e+03
5.688000000000000000e+03
5.697000000000000000e+03
5.702000000000000000e+03
5.705000000000000000e+03
5.721000000000000000e+03
5.723000000000000000e+03
5.742000000000000000e+03
5.755000000000000000e+03
5.800000000000000000e+03
5.815000000000000000e+03
5.822000000000000000e+03
5.824000000000000000e+03
5.847000000000000000e+03
5.867000000000000000e+03
5.909000000000000000e+03
5.923000000000000000e+03
5.931000000000000000e+03
5.959000000000000000e+03
5.962000000000000000e+03
5.975000000000000000e+03
5.988000000000000000e+03
5.990000000000000000e+03
6.012000000000000000e+03
6.041000000000000000e+03
6.055000000000000000e+03
6.058000000000000000e+03
6.069000000000000000e+03
6.119000000000000000e+03
6.180000000000000000e+03
6.213000000000000000e+03
6.227000000000000000e+03
6.244000000000000000e+03
6.257000000000000000e+03
6.293000000000000000e+03
6.301000000000000000e+03
6.302000000000000000e+03
6.315000000000000000e+03
6.352000000000000000e+03
6.371000000000000000e+03
6.380000000000000000e+03
6.393000000000000000e+03
6.413000000000000000e+03
6.436000000000000000e+03
6.446000000000000000e+03
6.489000000000000000e+03
6.525000000000000000e+03
6.566000000000000000e+03
6.583000000000000000e+03
6.597000000000000000e+03
6.615000000000000000e+03
6.622000000000000000e+03
6.625000000000000000e+03
6.634000000000000000e+03
6.671000000000000000e+03
6.680000000000000000e+03
6.691000000000000000e+03
6.694000000000000000e+03
6.743000000000000000e+03
6.808000000000000000e+03
6.828000000000000000e+03
6.839000000000000000e+03
6.890000000000000000e+03
6.898000000000000000e+03
6.918000000000000000e+03
6.934000000000000000e+03
6.947000000000000000e+03
6.968000000000000000e+03
6.988000000000000000e+03
7.020000000000000000e+03
7.082000000000000000e+03
7.140000000000000000e+03
7.141000000000000000e+03
7.181000000000000000e+03
7.204000000000000000e+03
7.223000000000000000e+03
7.241000000000000000e+03
7.287000000000000000e+03
7.293000000000000000e+03
7.309000000000000000e+03
7.332000000000000000e+03
7.349000000000000000e+03
7.375000000000000000e+03
7.385000000000000000e+03
7.403000000000000000e+03
7.431000000000000000e+03
7.435000000000000000e+03
7.450000000000000000e+03
7.451000000000000000e+03
7.459000000000000000e+03
7.470000000000000000e+03
7.509000000000000000e+03
7.516000000000000000e+03
7.534000000000000000e+03
7.540000000000000000e+03
7.555000000000000000e+03
7.584000000000000000e+03
7.602000000000000000e+03
7.648000000000000000e+03
7.689000000000000000e+03
7.722000000000000000e+03
7.746000000000000000e+03
7.793000000000000000e+03
7.810000000000000000e+03
7.812000000000000000e+03
7.821000000000000000e+03
7.840000000000000000e+03
7.845000000000000000e+03
7.850000000000000000e+03
7.854000000000000000e+03
7.860000000000000000e+03
7.913000000000000000e+03
7.914000000000000000e+03
7.920000000000000000e+03
7.938000000000000000e+03
7.947000000000000000e+03
7.980000000000000000e+03
7.992000000000000000e+03
8.005000000000000000e+03
8.033000000000000000e+03
8.066000000000000000e+03
8.068000000000000000e+03
8.097000000000000000e+03
8.106000000000000000e+03
8.112000000000000000e+03
8.119000000000000000e+03
8.124000000000000000e+03
8.147000000000000000e+03
8.177000000000000000e+03
8.178000000000000000e+03
8.180000000000000000e+03
8.186000000000000000e+03
8.194000000000000000e+03
8.209000000000000000e+03
8.213000000000000000e+03
8.235000000000000000e+03
8.242000000000000000e+03
8.248000000000000000e+03
8.263000000000000000e+03
8.268000000000000000e+03
8.305000000000000000e+03
8.326000000000000000e+03
8.347000000000000000e+03
8.354000000000000000e+03
8.364000000000000000e+03
8.424000000000000000e+03
8.436000000000000000e+03
8.438000000000000000e+03
8.439000000000000000e+03
8.449000000000000000e+03
8.466000000000000000e+03
8.476000000000000000e+03
8.491000000000000000e+03
8.569000000000000000e+03
8.573000000000000000e+03
8.595000000000000000e+03
8.602000000000000000e+03
8.621000000000000000e+03
8.673000000000000000e+03
8.676000000000000000e+03
8.682000000000000000e+03
8.685000000000000000e+03
8.690000000000000000e+03
8.721000000000000000e+03
8.727000000000000000e+03
8.787000000000000000e+03
8.837000000000000000e+03
8.848000000000000000e+03
8.857000000000000000e+03
8.906000000000000000e+03
8.907000000000000000e+03
8.909000000000000000e+03
8.928000000000000000e+03
8.957000000000000000e+03
8.963000000000000000e+03
8.992000000000000000e+03
8.995000000000000000e+03
9.030000000000000000e+03
9.048000000000000000e+03
9.054000000000000000e+03
9.064000000000000000e+03
9.074000000000000000e+03
9.118000000000000000e+03
9.119000000000000000e+03
9.148000000000000000e+03
9.190000000000000000e+03
9.197000000000000000e+03
9.198000000000000000e+03
9.237000000000000000e+03
9.253000000000000000e+03
9.257000000000000000e+03
9.266000000000000000e+03
9.276000000000000000e+03
9.324000000000000000e+03
9.353000000000000000e+03
9.374000000000000000e+03
9.407000000000000000e+03
9.455000000000000000e+03
9.461000000000000000e+03
9.487000000000000000e+03
9.564000000000000000e+03
9.567000000000000000e+03
9.571000000000000000e+03
9.604000000000000000e+03
9.621000000000000000e+03
9.637000000000000000e+03
9.646000000000000000e+03
9.660000000000000000e+03
9.667000000000000000e+03
9.671000000000000000e+03
9.689000000000000000e+03
9.693000000000000000e+03
9.696000000000000000e+03
9.706000000000000000e+03
9.740000000000000000e+03
9.760000000000000000e+03
9.806000000000000000e+03
9.810000000000000000e+03
9.872000000000000000e+03
9.873000000000000000e+03
9.882000000000000000e+03
9.892000000000000000e+03
9.897000000000000000e+03
9.899000000000000000e+03
9.902000000000000000e+03
9.973000000000000000e+03
9.979000000000000000e+03
1.002200000000000000e+04
1.004100000000000000e+04
1.006300000000000000e+04
1.008400000000000000e+04
1.009100000000000000e+04
1.009600000000000000e+04
1.012700000000000000e+04
1.014900000000000000e+04
1.017200000000000000e+04
1.019200000000000000e+04
1.019700000000000000e+04
1.023700000000000000e+04
1.025500000000000000e+04
1.038200000000000000e+04
1.039400000000000000e+04
1.039700000000000000e+04
1.042500000000000000e+04
1.046400000000000000e+04
1.048200000000000000e+04
1.052800000000000000e+04
1.053000000000000000e+04
1.055000000000000000e+04
1.064200000000000000e+04
1.064600000000000000e+04
1.068700000000000000e+04
1.069400000000000000e+04
1.070100000000000000e+04
1.073200000000000000e+04
1.076000000000000000e+04
1.078000000000000000e+04
1.078500000000000000e+04
1.081100000000000000e+04
1.081700000000000000e+04
1.082200000000000000e+04
1.085600000000000000e+04
1.086000000000000000e+04
1.092000000000000000e+04
1.092200000000000000e+04
1.093300000000000000e+04
1.096100000000000000e+04
1.097100000000000000e+04
1.104100000000000000e+04
1.105700000000000000e+04
1.106900000000000000e+04
1.109500000000000000e+04
1.112100000000000000e+04
1.113500000000000000e+04
1.115500000000000000e+04
1.117900000000000000e+04
1.118000000000000000e+04
1.123200000000000000e+04
1.126300000000000000e+04
1.127600000000000000e+04
1.129300000000000000e+04
1.129700000000000000e+04
1.130500000000000000e+04
1.132200000000000000e+04
1.138800000000000000e+04
1.139100000000000000e+04
1.139400000000000000e+04
1.141000000000000000e+04
1.142700000000000000e+04
1.142800000000000000e+04
1.143100000000000000e+04
1.143600000000000000e+04
1.148100000000000000e+04
1.152500000000000000e+04
1.158700000000000000e+04
1.160200000000000000e+04
1.164300000000000000e+04
1.164800000000000000e+04
1.165400000000000000e+04
1.166900000000000000e+04
1.167800000000000000e+04
1.168000000000000000e+04
