3.800000000000000000e+01
9.900000000000000000e+01
1.370000000000000000e+02
1.430000000000000000e+02
1.460000000000000000e+02
1.470000000000000000e+02
1.660000000000000000e+02
1.680000000000000000e+02
1.710000000000000000e+02
2.090000000000000000e+02
2.130000000000000000e+02
2.180000000000000000e+02
2.310000000000000000e+02
3.500000000000000000e+02
3.730000000000000000e+02
3.920000000000000000e+02
4.460000000000000000e+02
4.560000000000000000e+02
4.640000000000000000e+02
4.880000000000000000e+02
5.760000000000000000e+02
6.380000000000000000e+02
6.440000000000000000e+02
6.590000000000000000e+02
6.660000000000000000e+02
7.130000000000000000e+02
7.810000000000000000e+02
7.840000000000000000e+02
8.100000000000000000e+02
8.110000000000000000e+02
8.380000000000000000e+02
8.660000000000000000e+02
9.420000000000000000e+02
9.800000000000000000e+02
1.014000000000000000e+03
1.042000000000000000e+03
1.057000000000000000e+03
1.074000000000000000e+03
1.090000000000000000e+03
1.123000000000000000e+03
1.134000000000000000e+03
1.170000000000000000e+03
1.177000000000000000e+03
1.276000000000000000e+03
1.290000000000000000e+03
1.300000000000000000e+03
1.346000000000000000e+03
1.377000000000000000e+03
1.389000000000000000e+03
1.428000000000000000e+03
1.439000000000000000e+03
1.471000000000000000e+03
1.482000000000000000e+03
1.534000000000000000e+03
1.542000000000000000e+03
1.549000000000000000e+03
1.576000000000000000e+03
1.592000000000000000e+03
1.620000000000000000e+03
1.623000000000000000e+03
1.682000000000000000e+03
1.686000000000000000e+03
1.699000000000000000e+03
1.710000000000000000e+03
1.729000000000000000e+03
1.732000000000000000e+03
1.734000000000000000e+03
1.744000000000000000e+03
1.772000000000000000e+03
1.796000000000000000e+03
1.819000000000000000e+03
1.849000000000000000e+03
1.871000000000000000e+03
1.872000000000000000e+03
1.878000000000000000e+03
2.023000000000000000e+03
2.097000000000000000e+03
2.141000000000000000e+03
2.149000000000000000e+03
2.207000000000000000e+03
2.232000000000000000e+03
2.282000000000000000e+03
2.288000000000000000e+03
2.319000000000000000e+03
2.363000000000000000e+03
2.365000000000000000e+03
2.366000000000000000e+03
2.388000000000000000e+03
2.439000000000000000e+03
2.467000000000000000e+03
2.468000000000000000e+03
2.492000000000000000e+03
2.502000000000000000e+03
2.524000000000000000e+03
2.551000000000000000e+03
2.553000000000000000e+03
2.635000000000000000e+03
2.673000000000000000e+03
2.676000000000000000e+03
2.686000000000000000e+03
2.735000000000000000e+03
2.768000000000000000e+03
2.788000000000000000e+03
2.814000000000000000e+03
2.819000000000000000e+03
2.838000000000000000e+03
2.839000000000000000e+03
2.862000000000000000e+03
2.921000000000000000e+03
2.950000000000000000e+03
2.963000000000000000e+03
2.979000000000000000e+03
2.993000000000000000e+03
3.028000000000000000e+03
3.035000000000000000e+03
3.038000000000000000e+03
3.043000000000000000e+03
3.050000000000000000e+03
3.107000000000000000e+03
3.117000000000000000e+03
3.167000000000000000e+03
3.174000000000000000e+03
3.215000000000000000e+03
3.228000000000000000e+03
3.286000000000000000e+03
3.289000000000000000e+03
3.293000000000000000e+03
3.301000000000000000e+03
3.324000000000000000e+03
3.338000000000000000e+03
3.371000000000000000e+03
3.483000000000000000e+03
3.485000000000000000e+03
3.511000000000000000e+03
3.575000000000000000e+03
3.585000000000000000e+03
3.602000000000000000e+03
3.670000000000000000e+03
3.672000000000000000e+03
3.681000000000000000e+03
3.691000000000000000e+03
3.719000000000000000e+03
3.749000000000000000e+03
3.758000000000000000e+03
3.766000000000000000e+03
3.772000000000000000e+03
3.790000000000000000e+03
3.835000000000000000e+03
3.879000000000000000e+03
3.889000000000000000e+03
3.901000000000000000e+03
3.928000000000000000e+03
3.948000000000000000e+03
3.963000000000000000e+03
3.977000000000000000e+03
4.061000000000000000e+03
4.068000000000000000e+03
4.111000000000000000e+03
4.114000000000000000e+03
4.137000000000000000e+03
4.139000000000000000e+03
4.180000000000000000e+03
4.184000000000000000e+03
4.190000000000000000e+03
4.220000000000000000e+03
4.251000000000000000e+03
4.258000000000000000e+03
4.259000000000000000e+03
4.283000000000000000e+03
4.318000000000000000e+03
4.345000000000000000e+03
4.399000000000000000e+03
4.400000000000000000e+03
4.457000000000000000e+03
4.508000000000000000e+03
4.532000000000000000e+03
4.544000000000000000e+03
4.569000000000000000e+03
4.571000000000000000e+03
4.607000000000000000e+03
4.615000000000000000e+03
4.657000000000000000e+03
4.702000000000000000e+03
4.721000000000000000e+03
4.737000000000000000e+03
4.741000000000000000e+03
4.773000000000000000e+03
4.787000000000000000e+03
4.807000000000000000e+03
4.810000000000000000e+03
4.821000000000000000e+03
4.844000000000000000e+03
4.879000000000000000e+03
4.888000000000000000e+03
4.910000000000000000e+03
4.933000000000000000e+03
4.957000000000000000e+03
4.989000000000000000e+03
5.028000000000000000e+03
5.058000000000000000e+03
5.072000000000000000e+03
5.093000000000000000e+03
5.138000000000000000e+03
5.191000000000000000e+03
5.194000000000000000e+03
5.276000000000000000e+03
5.292000000000000000e+03
5.294000000000000000e+03
5.299000000000000000e+03
5.417000000000000000e+03
5.520000000000000000e+03
5.601000000000000000e+03
5.616000000000000000e+03
5.647000000000000000e+03
5.696000000000000000e+03
5.713000000000000000e+03
5.784000000000000000e+03
5.786000000000000000e+03
5.829000000000000000e+03
5.912000000000000000e+03
5.927000000000000000e+03
5.963000000000000000e+03
6.001000000000000000e+03
6.009000000000000000e+03
6.023000000000000000e+03
6.037000000000000000e+03
6.046000000000000000e+03
6.048000000000000000e+03
6.050000000000000000e+03
6.093000000000000000e+03
6.125000000000000000e+03
6.130000000000000000e+03
6.165000000000000000e+03
6.183000000000000000e+03
6.186000000000000000e+03
6.222000000000000000e+03
6.234000000000000000e+03
6.258000000000000000e+03
6.264000000000000000e+03
6.283000000000000000e+03
6.314000000000000000e+03
6.377000000000000000e+03
6.391000000000000000e+03
6.495000000000000000e+03
6.537000000000000000e+03
6.539000000000000000e+03
6.554000000000000000e+03
6.608000000000000000e+03
6.654000000000000000e+03
6.700000000000000000e+03
6.771000000000000000e+03
6.783000000000000000e+03
6.807000000000000000e+03
6.849000000000000000e+03
6.884000000000000000e+03
6.896000000000000000e+03
6.925000000000000000e+03
6.940000000000000000e+03
6.966000000000000000e+03
6.971000000000000000e+03
6.981000000000000000e+03
7.029000000000000000e+03
7.052000000000000000e+03
7.068000000000000000e+03
7.077000000000000000e+03
7.118000000000000000e+03
7.133000000000000000e+03
7.154000000000000000e+03
7.163000000000000000e+03
7.170000000000000000e+03
7.171000000000000000e+03
7.200000000000000000e+03
7.211000000000000000e+03
7.235000000000000000e+03
7.292000000000000000e+03
7.300000000000000000e+03
7.307000000000000000e+03
7.318000000000000000e+03
7.335000000000000000e+03
7.420000000000000000e+03
7.422000000000000000e+03
7.496000000000000000e+03
7.549000000000000000e+03
7.590000000000000000e+03
7.604000000000000000e+03
7.614000000000000000e+03
7.631000000000000000e+03
7.640000000000000000e+03
7.678000000000000000e+03
7.697000000000000000e+03
7.706000000000000000e+03
7.745000000000000000e+03
7.747000000000000000e+03
7.806000000000000000e+03
7.824000000000000000e+03
7.830000000000000000e+03
7.833000000000000000e+03
7.842000000000000000e+03
7.844000000000000000e+03
7.869000000000000000e+03
7.912000000000000000e+03
7.928000000000000000e+03
7.988000000000000000e+03
7.991000000000000000e+03
8.003000000000000000e+03
8.014000000000000000e+03
8.109000000000000000e+03
8.170000000000000000e+03
8.196000000000000000e+03
8.222000000000000000e+03
8.237000000000000000e+03
8.250000000000000000e+03
8.253000000000000000e+03
8.303000000000000000e+03
8.336000000000000000e+03
8.383000000000000000e+03
8.409000000000000000e+03
8.441000000000000000e+03
8.480000000000000000e+03
8.505000000000000000e+03
8.525000000000000000e+03
8.534000000000000000e+03
8.540000000000000000e+03
8.544000000000000000e+03
8.662000000000000000e+03
8.665000000000000000e+03
8.701000000000000000e+03
8.714000000000000000e+03
8.720000000000000000e+03
8.754000000000000000e+03
8.767000000000000000e+03
8.774000000000000000e+03
8.783000000000000000e+03
8.806000000000000000e+03
8.812000000000000000e+03
8.842000000000000000e+03
8.852000000000000000e+03
8.877000000000000000e+03
8.893000000000000000e+03
8.896000000000000000e+03
8.918000000000000000e+03
9.022000000000000000e+03
9.035000000000000000e+03
9.042000000000000000e+03
9.063000000000000000e+03
9.076000000000000000e+03
9.084000000000000000e+03
9.100000000000000000e+03
9.109000000000000000e+03
9.115000000000000000e+03
9.123000000000000000e+03
9.155000000000000000e+03
9.163000000000000000e+03
9.174000000000000000e+03
9.182000000000000000e+03
9.213000000000000000e+03
9.226000000000000000e+03
9.235000000000000000e+03
9.267000000000000000e+03
9.308000000000000000e+03
9.312000000000000000e+03
9.354000000000000000e+03
9.405000000000000000e+03
9.406000000000000000e+03
9.418000000000000000e+03
9.430000000000000000e+03
9.451000000000000000e+03
9.529000000000000000e+03
9.581000000000000000e+03
9.638000000000000000e+03
9.641000000000000000e+03
9.648000000000000000e+03
9.685000000000000000e+03
9.686000000000000000e+03
9.700000000000000000e+03
9.732000000000000000e+03
9.774000000000000000e+03
9.778000000000000000e+03
9.802000000000000000e+03
9.826000000000000000e+03
9.863000000000000000e+03
9.886000000000000000e+03
9.912000000000000000e+03
9.913000000000000000e+03
9.922000000000000000e+03
9.928000000000000000e+03
9.952000000000000000e+03
9.999000000000000000e+03
1.002300000000000000e+04
1.003600000000000000e+04
1.005200000000000000e+04
1.008600000000000000e+04
1.016400000000000000e+04
1.019900000000000000e+04
1.022100000000000000e+04
1.022300000000000000e+04
1.033000000000000000e+04
1.033600000000000000e+04
1.035700000000000000e+04
1.036100000000000000e+04
1.036500000000000000e+04
1.038600000000000000e+04
1.040600000000000000e+04
1.041900000000000000e+04
1.043200000000000000e+04
1.047800000000000000e+04
1.048100000000000000e+04
1.049100000000000000e+04
1.051200000000000000e+04
1.056200000000000000e+04
1.060200000000000000e+04
1.060800000000000000e+04
1.069100000000000000e+04
1.075500000000000000e+04
1.076500000000000000e+04
1.083800000000000000e+04
1.084000000000000000e+04
1.087100000000000000e+04
1.087800000000000000e+04
1.088800000000000000e+04
1.094500000000000000e+04
1.097000000000000000e+04
1.097500000000000000e+04
1.101100000000000000e+04
1.103700000000000000e+04
1.106200000000000000e+04
1.106600000000000000e+04
1.109400000000000000e+04
1.111600000000000000e+04
1.111800000000000000e+04
1.113700000000000000e+04
1.117100000000000000e+04
1.117300000000000000e+04
1.120000000000000000e+04
1.125400000000000000e+04
1.125700000000000000e+04
1.128200000000000000e+04
1.128900000000000000e+04
1.137400000000000000e+04
1.139600000000000000e+04
1.140200000000000000e+04
1.140500000000000000e+04
1.142000000000000000e+04
1.143000000000000000e+04
1.151300000000000000e+04
1.152100000000000000e+04
1.155400000000000000e+04
1.162900000000000000e+04
1.164900000000000000e+04
