2.600000000000000000e+01
2.700000000000000000e+01
3.600000000000000000e+01
7.800000000000000000e+01
1.050000000000000000e+02
1.080000000000000000e+02
1.420000000000000000e+02
1.530000000000000000e+02
1.580000000000000000e+02
1.980000000000000000e+02
2.210000000000000000e+02
2.220000000000000000e+02
2.490000000000000000e+02
2.550000000000000000e+02
2.710000000000000000e+02
2.820000000000000000e+02
3.090000000000000000e+02
3.300000000000000000e+02
3.360000000000000000e+02
3.420000000000000000e+02
3.440000000000000000e+02
3.710000000000000000e+02
3.720000000000000000e+02
3.980000000000000000e+02
4.040000000000000000e+02
4.070000000000000000e+02
4.080000000000000000e+02
4.090000000000000000e+02
4.260000000000000000e+02
4.420000000000000000e+02
4.530000000000000000e+02
4.550000000000000000e+02
4.660000000000000000e+02
4.730000000000000000e+02
4.990000000000000000e+02
5.080000000000000000e+02
5.180000000000000000e+02
5.280000000000000000e+02
5.330000000000000000e+02
5.480000000000000000e+02
5.560000000000000000e+02
5.650000000000000000e+02
5.850000000000000000e+02
5.940000000000000000e+02
5.970000000000000000e+02
6.020000000000000000e+02
6.040000000000000000e+02
6.130000000000000000e+02
6.300000000000000000e+02
6.310000000000000000e+02
6.610000000000000000e+02
6.630000000000000000e+02
6.640000000000000000e+02
6.820000000000000000e+02
6.980000000000000000e+02
7.090000000000000000e+02
7.250000000000000000e+02
7.300000000000000000e+02
7.310000000000000000e+02
7.460000000000000000e+02
7.570000000000000000e+02
7.580000000000000000e+02
7.600000000000000000e+02
7.800000000000000000e+02
7.830000000000000000e+02
7.850000000000000000e+02
7.950000000000000000e+02
7.990000000000000000e+02
8.330000000000000000e+02
8.690000000000000000e+02
8.760000000000000000e+02
8.780000000000000000e+02
9.130000000000000000e+02
9.150000000000000000e+02
9.210000000000000000e+02
9.360000000000000000e+02
9.380000000000000000e+02
9.510000000000000000e+02
9.660000000000000000e+02
9.770000000000000000e+02
9.950000000000000000e+02
1.000000000000000000e+03
1.005000000000000000e+03
1.029000000000000000e+03
1.053000000000000000e+03
1.058000000000000000e+03
1.085000000000000000e+03
1.117000000000000000e+03
1.119000000000000000e+03
1.122000000000000000e+03
1.137000000000000000e+03
1.141000000000000000e+03
1.149000000000000000e+03
1.158000000000000000e+03
1.168000000000000000e+03
1.175000000000000000e+03
1.176000000000000000e+03
1.181000000000000000e+03
1.185000000000000000e+03
1.186000000000000000e+03
1.260000000000000000e+03
1.267000000000000000e+03
1.298000000000000000e+03
1.309000000000000000e+03
1.321000000000000000e+03
1.322000000000000000e+03
1.329000000000000000e+03
1.376000000000000000e+03
1.378000000000000000e+03
1.380000000000000000e+03
1.387000000000000000e+03
1.398000000000000000e+03
1.399000000000000000e+03
1.402000000000000000e+03
1.405000000000000000e+03
1.414000000000000000e+03
1.425000000000000000e+03
1.430000000000000000e+03
1.449000000000000000e+03
1.461000000000000000e+03
1.462000000000000000e+03
1.463000000000000000e+03
1.469000000000000000e+03
1.480000000000000000e+03
1.489000000000000000e+03
1.497000000000000000e+03
1.499000000000000000e+03
1.502000000000000000e+03
1.503000000000000000e+03
1.510000000000000000e+03
1.515000000000000000e+03
1.548000000000000000e+03
1.563000000000000000e+03
1.600000000000000000e+03
1.606000000000000000e+03
1.614000000000000000e+03
1.624000000000000000e+03
1.635000000000000000e+03
1.651000000000000000e+03
1.660000000000000000e+03
1.675000000000000000e+03
1.677000000000000000e+03
1.707000000000000000e+03
1.722000000000000000e+03
1.725000000000000000e+03
1.735000000000000000e+03
1.766000000000000000e+03
1.776000000000000000e+03
1.778000000000000000e+03
1.786000000000000000e+03
1.788000000000000000e+03
1.795000000000000000e+03
1.798000000000000000e+03
1.801000000000000000e+03
1.806000000000000000e+03
1.809000000000000000e+03
1.818000000000000000e+03
1.820000000000000000e+03
1.823000000000000000e+03
1.860000000000000000e+03
1.862000000000000000e+03
1.866000000000000000e+03
1.869000000000000000e+03
1.903000000000000000e+03
1.911000000000000000e+03
1.915000000000000000e+03
1.933000000000000000e+03
1.958000000000000000e+03
1.967000000000000000e+03
1.983000000000000000e+03
1.985000000000000000e+03
1.995000000000000000e+03
1.998000000000000000e+03
2.008000000000000000e+03
2.019000000000000000e+03
2.039000000000000000e+03
2.040000000000000000e+03
2.066000000000000000e+03
2.070000000000000000e+03
2.071000000000000000e+03
2.073000000000000000e+03
2.077000000000000000e+03
2.081000000000000000e+03
2.088000000000000000e+03
2.094000000000000000e+03
2.104000000000000000e+03
2.113000000000000000e+03
2.127000000000000000e+03
2.137000000000000000e+03
2.140000000000000000e+03
2.155000000000000000e+03
2.161000000000000000e+03
2.165000000000000000e+03
2.210000000000000000e+03
2.224000000000000000e+03
2.226000000000000000e+03
2.237000000000000000e+03
2.241000000000000000e+03
2.243000000000000000e+03
2.254000000000000000e+03
2.264000000000000000e+03
2.269000000000000000e+03
2.273000000000000000e+03
2.277000000000000000e+03
2.302000000000000000e+03
2.334000000000000000e+03
2.337000000000000000e+03
2.339000000000000000e+03
2.349000000000000000e+03
2.350000000000000000e+03
2.353000000000000000e+03
2.379000000000000000e+03
2.383000000000000000e+03
2.394000000000000000e+03
2.396000000000000000e+03
2.398000000000000000e+03
2.435000000000000000e+03
2.450000000000000000e+03
2.452000000000000000e+03
2.454000000000000000e+03
2.455000000000000000e+03
2.463000000000000000e+03
2.480000000000000000e+03
2.489000000000000000e+03
2.490000000000000000e+03
2.500000000000000000e+03
2.503000000000000000e+03
2.506000000000000000e+03
2.514000000000000000e+03
2.516000000000000000e+03
2.517000000000000000e+03
2.523000000000000000e+03
2.525000000000000000e+03
2.535000000000000000e+03
2.536000000000000000e+03
2.547000000000000000e+03
2.549000000000000000e+03
2.574000000000000000e+03
2.586000000000000000e+03
2.594000000000000000e+03
2.604000000000000000e+03
2.623000000000000000e+03
2.638000000000000000e+03
2.651000000000000000e+03
2.655000000000000000e+03
2.693000000000000000e+03
2.700000000000000000e+03
2.706000000000000000e+03
2.708000000000000000e+03
2.710000000000000000e+03
2.719000000000000000e+03
2.731000000000000000e+03
2.745000000000000000e+03
2.764000000000000000e+03
2.791000000000000000e+03
2.803000000000000000e+03
2.805000000000000000e+03
2.821000000000000000e+03
2.843000000000000000e+03
2.844000000000000000e+03
2.847000000000000000e+03
2.850000000000000000e+03
2.871000000000000000e+03
2.874000000000000000e+03
2.895000000000000000e+03
2.896000000000000000e+03
2.909000000000000000e+03
2.935000000000000000e+03
2.937000000000000000e+03
2.941000000000000000e+03
2.987000000000000000e+03
3.010000000000000000e+03
3.014000000000000000e+03
3.017000000000000000e+03
3.027000000000000000e+03
3.037000000000000000e+03
3.053000000000000000e+03
3.070000000000000000e+03
3.071000000000000000e+03
3.083000000000000000e+03
3.098000000000000000e+03
3.123000000000000000e+03
3.142000000000000000e+03
3.153000000000000000e+03
3.157000000000000000e+03
3.166000000000000000e+03
3.175000000000000000e+03
3.185000000000000000e+03
3.194000000000000000e+03
3.203000000000000000e+03
3.204000000000000000e+03
3.226000000000000000e+03
3.247000000000000000e+03
3.255000000000000000e+03
3.260000000000000000e+03
3.272000000000000000e+03
3.282000000000000000e+03
3.285000000000000000e+03
3.294000000000000000e+03
3.304000000000000000e+03
3.317000000000000000e+03
3.319000000000000000e+03
3.331000000000000000e+03
3.352000000000000000e+03
3.379000000000000000e+03
3.403000000000000000e+03
3.406000000000000000e+03
3.421000000000000000e+03
3.431000000000000000e+03
3.445000000000000000e+03
3.449000000000000000e+03
3.451000000000000000e+03
3.453000000000000000e+03
3.457000000000000000e+03
3.459000000000000000e+03
3.464000000000000000e+03
3.467000000000000000e+03
3.470000000000000000e+03
3.472000000000000000e+03
3.493000000000000000e+03
3.514000000000000000e+03
3.530000000000000000e+03
3.534000000000000000e+03
3.537000000000000000e+03
3.540000000000000000e+03
3.547000000000000000e+03
3.548000000000000000e+03
3.565000000000000000e+03
3.586000000000000000e+03
3.588000000000000000e+03
3.596000000000000000e+03
3.597000000000000000e+03
3.630000000000000000e+03
3.658000000000000000e+03
3.678000000000000000e+03
3.680000000000000000e+03
3.699000000000000000e+03
3.702000000000000000e+03
3.753000000000000000e+03
3.756000000000000000e+03
3.762000000000000000e+03
3.764000000000000000e+03
3.769000000000000000e+03
3.783000000000000000e+03
3.793000000000000000e+03
3.798000000000000000e+03
3.801000000000000000e+03
3.818000000000000000e+03
3.844000000000000000e+03
3.846000000000000000e+03
3.849000000000000000e+03
3.854000000000000000e+03
3.863000000000000000e+03
3.866000000000000000e+03
3.882000000000000000e+03
3.883000000000000000e+03
3.886000000000000000e+03
3.892000000000000000e+03
3.919000000000000000e+03
3.932000000000000000e+03
3.936000000000000000e+03
3.943000000000000000e+03
3.945000000000000000e+03
3.950000000000000000e+03
3.973000000000000000e+03
3.992000000000000000e+03
3.995000000000000000e+03
4.014000000000000000e+03
4.017000000000000000e+03
4.021000000000000000e+03
4.030000000000000000e+03
4.036000000000000000e+03
4.046000000000000000e+03
4.047000000000000000e+03
4.052000000000000000e+03
4.078000000000000000e+03
4.079000000000000000e+03
4.098000000000000000e+03
4.108000000000000000e+03
4.124000000000000000e+03
4.144000000000000000e+03
4.156000000000000000e+03
4.172000000000000000e+03
4.179000000000000000e+03
4.185000000000000000e+03
4.188000000000000000e+03
4.191000000000000000e+03
4.195000000000000000e+03
4.203000000000000000e+03
4.204000000000000000e+03
4.205000000000000000e+03
4.208000000000000000e+03
4.211000000000000000e+03
4.217000000000000000e+03
4.228000000000000000e+03
4.235000000000000000e+03
4.237000000000000000e+03
4.239000000000000000e+03
4.241000000000000000e+03
4.243000000000000000e+03
4.244000000000000000e+03
4.246000000000000000e+03
4.252000000000000000e+03
4.257000000000000000e+03
4.264000000000000000e+03
4.269000000000000000e+03
4.270000000000000000e+03
4.276000000000000000e+03
4.285000000000000000e+03
4.286000000000000000e+03
4.306000000000000000e+03
4.308000000000000000e+03
4.332000000000000000e+03
4.334000000000000000e+03
4.351000000000000000e+03
4.385000000000000000e+03
4.386000000000000000e+03
4.427000000000000000e+03
4.444000000000000000e+03
4.450000000000000000e+03
4.451000000000000000e+03
4.463000000000000000e+03
4.465000000000000000e+03
4.491000000000000000e+03
4.510000000000000000e+03
4.523000000000000000e+03
4.534000000000000000e+03
4.537000000000000000e+03
4.553000000000000000e+03
4.567000000000000000e+03
4.596000000000000000e+03
4.603000000000000000e+03
4.622000000000000000e+03
4.641000000000000000e+03
4.653000000000000000e+03
4.664000000000000000e+03
4.682000000000000000e+03
4.695000000000000000e+03
4.717000000000000000e+03
4.742000000000000000e+03
4.743000000000000000e+03
4.767000000000000000e+03
4.796000000000000000e+03
4.805000000000000000e+03
4.833000000000000000e+03
4.866000000000000000e+03
4.868000000000000000e+03
4.872000000000000000e+03
4.880000000000000000e+03
4.881000000000000000e+03
4.886000000000000000e+03
4.897000000000000000e+03
4.909000000000000000e+03
4.928000000000000000e+03
5.015000000000000000e+03
5.035000000000000000e+03
5.073000000000000000e+03
5.076000000000000000e+03
5.088000000000000000e+03
5.090000000000000000e+03
5.094000000000000000e+03
5.128000000000000000e+03
5.134000000000000000e+03
5.137000000000000000e+03
5.141000000000000000e+03
5.223000000000000000e+03
5.233000000000000000e+03
5.234000000000000000e+03
5.235000000000000000e+03
5.237000000000000000e+03
5.258000000000000000e+03
5.266000000000000000e+03
5.272000000000000000e+03
5.283000000000000000e+03
5.285000000000000000e+03
5.297000000000000000e+03
5.301000000000000000e+03
5.309000000000000000e+03
5.326000000000000000e+03
5.329000000000000000e+03
5.348000000000000000e+03
5.355000000000000000e+03
5.356000000000000000e+03
5.358000000000000000e+03
5.368000000000000000e+03
5.375000000000000000e+03
5.380000000000000000e+03
5.381000000000000000e+03
5.386000000000000000e+03
5.393000000000000000e+03
5.396000000000000000e+03
5.400000000000000000e+03
5.412000000000000000e+03
5.414000000000000000e+03
5.444000000000000000e+03
5.448000000000000000e+03
5.481000000000000000e+03
5.493000000000000000e+03
5.498000000000000000e+03
5.501000000000000000e+03
5.503000000000000000e+03
5.518000000000000000e+03
5.523000000000000000e+03
5.529000000000000000e+03
5.541000000000000000e+03
5.606000000000000000e+03
5.609000000000000000e+03
5.617000000000000000e+03
5.629000000000000000e+03
5.642000000000000000e+03
5.645000000000000000e+03
5.649000000000000000e+03
5.654000000000000000e+03
5.655000000000000000e+03
5.686000000000000000e+03
5.711000000000000000e+03
5.725000000000000000e+03
5.739000000000000000e+03
5.744000000000000000e+03
5.769000000000000000e+03
5.793000000000000000e+03
5.798000000000000000e+03
5.802000000000000000e+03
5.844000000000000000e+03
5.859000000000000000e+03
5.861000000000000000e+03
5.862000000000000000e+03
5.871000000000000000e+03
5.873000000000000000e+03
5.881000000000000000e+03
5.883000000000000000e+03
5.897000000000000000e+03
5.898000000000000000e+03
5.901000000000000000e+03
5.905000000000000000e+03
5.922000000000000000e+03
5.933000000000000000e+03
5.939000000000000000e+03
5.948000000000000000e+03
5.949000000000000000e+03
5.956000000000000000e+03
5.965000000000000000e+03
5.995000000000000000e+03
6.006000000000000000e+03
6.025000000000000000e+03
6.033000000000000000e+03
6.038000000000000000e+03
6.042000000000000000e+03
6.063000000000000000e+03
6.065000000000000000e+03
6.071000000000000000e+03
6.084000000000000000e+03
6.106000000000000000e+03
6.117000000000000000e+03
6.151000000000000000e+03
6.158000000000000000e+03
6.167000000000000000e+03
6.175000000000000000e+03
6.179000000000000000e+03
6.181000000000000000e+03
6.184000000000000000e+03
6.187000000000000000e+03
6.192000000000000000e+03
6.210000000000000000e+03
6.243000000000000000e+03
6.247000000000000000e+03
6.250000000000000000e+03
6.252000000000000000e+03
6.253000000000000000e+03
6.256000000000000000e+03
6.268000000000000000e+03
6.270000000000000000e+03
6.294000000000000000e+03
6.311000000000000000e+03
6.322000000000000000e+03
6.339000000000000000e+03
6.415000000000000000e+03
6.421000000000000000e+03
6.453000000000000000e+03
6.463000000000000000e+03
6.464000000000000000e+03
6.468000000000000000e+03
6.476000000000000000e+03
6.478000000000000000e+03
6.485000000000000000e+03
6.499000000000000000e+03
6.501000000000000000e+03
6.510000000000000000e+03
6.515000000000000000e+03
6.518000000000000000e+03
6.549000000000000000e+03
6.575000000000000000e+03
6.596000000000000000e+03
6.607000000000000000e+03
6.639000000000000000e+03
6.656000000000000000e+03
6.659000000000000000e+03
6.663000000000000000e+03
6.705000000000000000e+03
6.715000000000000000e+03
6.716000000000000000e+03
6.739000000000000000e+03
6.801000000000000000e+03
6.804000000000000000e+03
6.806000000000000000e+03
6.815000000000000000e+03
6.818000000000000000e+03
6.821000000000000000e+03
6.852000000000000000e+03
6.854000000000000000e+03
6.858000000000000000e+03
6.865000000000000000e+03
6.878000000000000000e+03
6.879000000000000000e+03
6.889000000000000000e+03
6.909000000000000000e+03
6.911000000000000000e+03
6.913000000000000000e+03
6.914000000000000000e+03
6.924000000000000000e+03
6.926000000000000000e+03
6.936000000000000000e+03
6.942000000000000000e+03
6.949000000000000000e+03
6.950000000000000000e+03
6.957000000000000000e+03
6.978000000000000000e+03
6.979000000000000000e+03
7.001000000000000000e+03
7.002000000000000000e+03
7.006000000000000000e+03
7.008000000000000000e+03
7.033000000000000000e+03
7.041000000000000000e+03
7.046000000000000000e+03
7.050000000000000000e+03
7.058000000000000000e+03
7.065000000000000000e+03
7.072000000000000000e+03
7.086000000000000000e+03
7.093000000000000000e+03
7.097000000000000000e+03
7.104000000000000000e+03
7.105000000000000000e+03
7.110000000000000000e+03
7.111000000000000000e+03
7.113000000000000000e+03
7.122000000000000000e+03
7.132000000000000000e+03
7.134000000000000000e+03
7.142000000000000000e+03
7.151000000000000000e+03
7.173000000000000000e+03
7.218000000000000000e+03
7.234000000000000000e+03
7.247000000000000000e+03
7.263000000000000000e+03
7.269000000000000000e+03
7.270000000000000000e+03
7.281000000000000000e+03
7.282000000000000000e+03
7.284000000000000000e+03
7.286000000000000000e+03
7.294000000000000000e+03
7.297000000000000000e+03
7.299000000000000000e+03
7.302000000000000000e+03
7.303000000000000000e+03
7.305000000000000000e+03
7.311000000000000000e+03
7.313000000000000000e+03
7.316000000000000000e+03
7.323000000000000000e+03
7.367000000000000000e+03
7.377000000000000000e+03
7.387000000000000000e+03
7.432000000000000000e+03
7.442000000000000000e+03
7.445000000000000000e+03
7.452000000000000000e+03
7.471000000000000000e+03
7.497000000000000000e+03
7.505000000000000000e+03
7.508000000000000000e+03
7.514000000000000000e+03
7.538000000000000000e+03
7.589000000000000000e+03
7.594000000000000000e+03
7.598000000000000000e+03
7.607000000000000000e+03
7.638000000000000000e+03
7.645000000000000000e+03
7.647000000000000000e+03
7.653000000000000000e+03
7.657000000000000000e+03
7.687000000000000000e+03
7.699000000000000000e+03
7.709000000000000000e+03
7.712000000000000000e+03
7.714000000000000000e+03
7.744000000000000000e+03
7.755000000000000000e+03
7.770000000000000000e+03
7.772000000000000000e+03
7.774000000000000000e+03
7.783000000000000000e+03
7.788000000000000000e+03
7.802000000000000000e+03
7.819000000000000000e+03
7.820000000000000000e+03
7.852000000000000000e+03
7.858000000000000000e+03
7.911000000000000000e+03
7.916000000000000000e+03
7.935000000000000000e+03
7.940000000000000000e+03
7.941000000000000000e+03
7.942000000000000000e+03
7.954000000000000000e+03
7.963000000000000000e+03
7.978000000000000000e+03
7.997000000000000000e+03
7.998000000000000000e+03
8.004000000000000000e+03
8.007000000000000000e+03
8.029000000000000000e+03
8.030000000000000000e+03
8.035000000000000000e+03
8.048000000000000000e+03
8.058000000000000000e+03
8.060000000000000000e+03
8.078000000000000000e+03
8.090000000000000000e+03
8.102000000000000000e+03
8.107000000000000000e+03
8.120000000000000000e+03
8.125000000000000000e+03
8.126000000000000000e+03
8.131000000000000000e+03
8.143000000000000000e+03
8.168000000000000000e+03
8.179000000000000000e+03
8.187000000000000000e+03
8.190000000000000000e+03
8.231000000000000000e+03
8.233000000000000000e+03
8.322000000000000000e+03
8.325000000000000000e+03
8.327000000000000000e+03
8.339000000000000000e+03
8.345000000000000000e+03
8.349000000000000000e+03
8.352000000000000000e+03
8.355000000000000000e+03
8.367000000000000000e+03
8.370000000000000000e+03
8.390000000000000000e+03
8.394000000000000000e+03
8.420000000000000000e+03
8.442000000000000000e+03
8.447000000000000000e+03
8.450000000000000000e+03
8.452000000000000000e+03
8.456000000000000000e+03
8.481000000000000000e+03
8.501000000000000000e+03
8.506000000000000000e+03
8.508000000000000000e+03
8.514000000000000000e+03
8.523000000000000000e+03
8.530000000000000000e+03
8.543000000000000000e+03
8.552000000000000000e+03
8.590000000000000000e+03
8.594000000000000000e+03
8.624000000000000000e+03
8.625000000000000000e+03
8.629000000000000000e+03
8.680000000000000000e+03
8.684000000000000000e+03
8.700000000000000000e+03
8.704000000000000000e+03
8.711000000000000000e+03
8.715000000000000000e+03
8.716000000000000000e+03
8.730000000000000000e+03
8.732000000000000000e+03
8.761000000000000000e+03
8.786000000000000000e+03
8.795000000000000000e+03
8.815000000000000000e+03
8.820000000000000000e+03
8.822000000000000000e+03
8.850000000000000000e+03
8.851000000000000000e+03
8.853000000000000000e+03
8.855000000000000000e+03
8.861000000000000000e+03
8.863000000000000000e+03
8.890000000000000000e+03
8.892000000000000000e+03
8.898000000000000000e+03
8.899000000000000000e+03
8.900000000000000000e+03
8.901000000000000000e+03
8.912000000000000000e+03
8.917000000000000000e+03
8.931000000000000000e+03
8.944000000000000000e+03
9.003000000000000000e+03
9.020000000000000000e+03
9.028000000000000000e+03
9.040000000000000000e+03
9.044000000000000000e+03
9.056000000000000000e+03
9.057000000000000000e+03
9.090000000000000000e+03
9.092000000000000000e+03
9.095000000000000000e+03
9.107000000000000000e+03
9.111000000000000000e+03
9.122000000000000000e+03
9.126000000000000000e+03
9.132000000000000000e+03
9.137000000000000000e+03
9.157000000000000000e+03
9.158000000000000000e+03
9.159000000000000000e+03
9.169000000000000000e+03
9.172000000000000000e+03
9.255000000000000000e+03
9.278000000000000000e+03
9.280000000000000000e+03
9.301000000000000000e+03
9.302000000000000000e+03
9.307000000000000000e+03
9.309000000000000000e+03
9.321000000000000000e+03
9.337000000000000000e+03
9.338000000000000000e+03
9.368000000000000000e+03
9.369000000000000000e+03
9.371000000000000000e+03
9.391000000000000000e+03
9.400000000000000000e+03
9.402000000000000000e+03
9.422000000000000000e+03
9.427000000000000000e+03
9.428000000000000000e+03
9.463000000000000000e+03
9.475000000000000000e+03
9.489000000000000000e+03
9.500000000000000000e+03
9.541000000000000000e+03
9.551000000000000000e+03
9.563000000000000000e+03
9.568000000000000000e+03
9.570000000000000000e+03
9.582000000000000000e+03
9.592000000000000000e+03
9.599000000000000000e+03
9.602000000000000000e+03
9.611000000000000000e+03
9.622000000000000000e+03
9.649000000000000000e+03
9.665000000000000000e+03
9.668000000000000000e+03
9.707000000000000000e+03
9.723000000000000000e+03
9.731000000000000000e+03
9.739000000000000000e+03
9.741000000000000000e+03
9.742000000000000000e+03
9.851000000000000000e+03
9.857000000000000000e+03
9.861000000000000000e+03
9.876000000000000000e+03
9.888000000000000000e+03
9.911000000000000000e+03
9.916000000000000000e+03
9.920000000000000000e+03
9.932000000000000000e+03
9.945000000000000000e+03
9.947000000000000000e+03
9.955000000000000000e+03
9.959000000000000000e+03
9.964000000000000000e+03
9.976000000000000000e+03
9.984000000000000000e+03
9.996000000000000000e+03
1.001900000000000000e+04
1.005100000000000000e+04
1.009500000000000000e+04
1.009800000000000000e+04
1.010800000000000000e+04
1.011100000000000000e+04
1.011600000000000000e+04
1.011700000000000000e+04
1.013900000000000000e+04
1.015300000000000000e+04
1.018000000000000000e+04
1.018300000000000000e+04
1.020500000000000000e+04
1.021400000000000000e+04
1.022000000000000000e+04
1.022400000000000000e+04
1.022500000000000000e+04
1.023000000000000000e+04
1.026000000000000000e+04
1.027700000000000000e+04
1.028500000000000000e+04
1.028800000000000000e+04
1.032500000000000000e+04
1.032700000000000000e+04
1.033700000000000000e+04
1.035100000000000000e+04
1.037500000000000000e+04
1.038300000000000000e+04
1.041100000000000000e+04
1.043900000000000000e+04
1.044000000000000000e+04
1.046800000000000000e+04
1.048300000000000000e+04
1.048500000000000000e+04
1.049300000000000000e+04
1.050100000000000000e+04
1.051600000000000000e+04
1.053300000000000000e+04
1.054300000000000000e+04
1.054800000000000000e+04
1.059500000000000000e+04
1.059700000000000000e+04
1.060100000000000000e+04
1.060300000000000000e+04
1.061200000000000000e+04
1.062000000000000000e+04
1.062500000000000000e+04
1.065800000000000000e+04
1.066300000000000000e+04
1.066400000000000000e+04
1.066900000000000000e+04
1.067500000000000000e+04
1.068900000000000000e+04
1.070600000000000000e+04
1.071500000000000000e+04
1.072100000000000000e+04
1.072500000000000000e+04
1.073300000000000000e+04
1.073400000000000000e+04
1.074600000000000000e+04
1.076700000000000000e+04
1.077900000000000000e+04
1.078100000000000000e+04
1.078400000000000000e+04
1.078600000000000000e+04
1.078900000000000000e+04
1.079600000000000000e+04
1.083700000000000000e+04
1.084300000000000000e+04
1.086900000000000000e+04
1.092600000000000000e+04
1.095400000000000000e+04
1.096600000000000000e+04
1.096900000000000000e+04
1.097200000000000000e+04
1.097400000000000000e+04
1.098200000000000000e+04
1.098400000000000000e+04
1.098500000000000000e+04
1.100700000000000000e+04
1.102700000000000000e+04
1.104700000000000000e+04
1.104900000000000000e+04
1.105000000000000000e+04
1.105400000000000000e+04
1.105500000000000000e+04
1.105800000000000000e+04
1.108000000000000000e+04
1.109300000000000000e+04
1.110700000000000000e+04
1.112500000000000000e+04
1.112900000000000000e+04
1.113000000000000000e+04
1.116900000000000000e+04
1.117400000000000000e+04
1.118300000000000000e+04
1.129000000000000000e+04
1.129800000000000000e+04
1.131400000000000000e+04
1.133100000000000000e+04
1.133300000000000000e+04
1.135300000000000000e+04
1.139500000000000000e+04
1.141700000000000000e+04
1.142400000000000000e+04
1.142600000000000000e+04
1.143800000000000000e+04
1.144000000000000000e+04
1.144700000000000000e+04
1.145100000000000000e+04
1.148400000000000000e+04
1.148500000000000000e+04
1.148700000000000000e+04
1.149900000000000000e+04
1.152700000000000000e+04
1.155300000000000000e+04
1.158000000000000000e+04
1.159500000000000000e+04
1.160400000000000000e+04
1.161300000000000000e+04
1.161800000000000000e+04
1.162300000000000000e+04
1.162400000000000000e+04
1.162600000000000000e+04
1.162700000000000000e+04
1.163000000000000000e+04
1.163100000000000000e+04
1.163600000000000000e+04
1.163700000000000000e+04
1.164500000000000000e+04
1.165800000000000000e+04
1.169700000000000000e+04
