2.000000000000000000e+00
2.500000000000000000e+01
8.600000000000000000e+01
9.600000000000000000e+01
9.700000000000000000e+01
1.180000000000000000e+02
1.250000000000000000e+02
1.320000000000000000e+02
1.340000000000000000e+02
1.440000000000000000e+02
1.650000000000000000e+02
1.780000000000000000e+02
2.110000000000000000e+02
2.420000000000000000e+02
2.580000000000000000e+02
2.730000000000000000e+02
2.760000000000000000e+02
2.810000000000000000e+02
2.920000000000000000e+02
2.940000000000000000e+02
3.100000000000000000e+02
3.130000000000000000e+02
3.140000000000000000e+02
3.400000000000000000e+02
3.410000000000000000e+02
3.660000000000000000e+02
3.700000000000000000e+02
3.750000000000000000e+02
3.810000000000000000e+02
3.890000000000000000e+02
3.940000000000000000e+02
4.210000000000000000e+02
4.680000000000000000e+02
4.700000000000000000e+02
4.750000000000000000e+02
4.860000000000000000e+02
5.320000000000000000e+02
5.410000000000000000e+02
5.510000000000000000e+02
5.530000000000000000e+02
5.570000000000000000e+02
5.630000000000000000e+02
5.700000000000000000e+02
5.730000000000000000e+02
5.770000000000000000e+02
6.210000000000000000e+02
6.330000000000000000e+02
6.340000000000000000e+02
6.400000000000000000e+02
6.520000000000000000e+02
6.710000000000000000e+02
6.890000000000000000e+02
6.970000000000000000e+02
7.010000000000000000e+02
7.420000000000000000e+02
7.490000000000000000e+02
7.790000000000000000e+02
7.870000000000000000e+02
7.890000000000000000e+02
8.040000000000000000e+02
8.140000000000000000e+02
8.170000000000000000e+02
8.250000000000000000e+02
8.630000000000000000e+02
8.680000000000000000e+02
8.750000000000000000e+02
8.790000000000000000e+02
9.090000000000000000e+02
9.540000000000000000e+02
9.640000000000000000e+02
9.780000000000000000e+02
9.810000000000000000e+02
1.025000000000000000e+03
1.031000000000000000e+03
1.050000000000000000e+03
1.061000000000000000e+03
1.068000000000000000e+03
1.100000000000000000e+03
1.106000000000000000e+03
1.126000000000000000e+03
1.147000000000000000e+03
1.150000000000000000e+03
1.202000000000000000e+03
1.205000000000000000e+03
1.207000000000000000e+03
1.213000000000000000e+03
1.219000000000000000e+03
1.221000000000000000e+03
1.235000000000000000e+03
1.237000000000000000e+03
1.247000000000000000e+03
1.253000000000000000e+03
1.277000000000000000e+03
1.278000000000000000e+03
1.282000000000000000e+03
1.304000000000000000e+03
1.323000000000000000e+03
1.324000000000000000e+03
1.335000000000000000e+03
1.338000000000000000e+03
1.339000000000000000e+03
1.357000000000000000e+03
1.359000000000000000e+03
1.386000000000000000e+03
1.408000000000000000e+03
1.412000000000000000e+03
1.422000000000000000e+03
1.442000000000000000e+03
1.458000000000000000e+03
1.483000000000000000e+03
1.492000000000000000e+03
1.501000000000000000e+03
1.508000000000000000e+03
1.530000000000000000e+03
1.531000000000000000e+03
1.561000000000000000e+03
1.574000000000000000e+03
1.593000000000000000e+03
1.595000000000000000e+03
1.604000000000000000e+03
1.605000000000000000e+03
1.638000000000000000e+03
1.648000000000000000e+03
1.655000000000000000e+03
1.684000000000000000e+03
1.716000000000000000e+03
1.721000000000000000e+03
1.730000000000000000e+03
1.750000000000000000e+03
1.775000000000000000e+03
1.790000000000000000e+03
1.804000000000000000e+03
1.846000000000000000e+03
1.848000000000000000e+03
1.853000000000000000e+03
1.865000000000000000e+03
1.874000000000000000e+03
1.919000000000000000e+03
1.922000000000000000e+03
1.954000000000000000e+03
1.971000000000000000e+03
1.981000000000000000e+03
2.028000000000000000e+03
2.035000000000000000e+03
2.037000000000000000e+03
2.055000000000000000e+03
2.078000000000000000e+03
2.120000000000000000e+03
2.132000000000000000e+03
2.138000000000000000e+03
2.152000000000000000e+03
2.160000000000000000e+03
2.168000000000000000e+03
2.172000000000000000e+03
2.178000000000000000e+03
2.179000000000000000e+03
2.201000000000000000e+03
2.211000000000000000e+03
2.248000000000000000e+03
2.250000000000000000e+03
2.252000000000000000e+03
2.253000000000000000e+03
2.266000000000000000e+03
2.290000000000000000e+03
2.301000000000000000e+03
2.303000000000000000e+03
2.322000000000000000e+03
2.345000000000000000e+03
2.355000000000000000e+03
2.380000000000000000e+03
2.399000000000000000e+03
2.410000000000000000e+03
2.412000000000000000e+03
2.422000000000000000e+03
2.462000000000000000e+03
2.473000000000000000e+03
2.475000000000000000e+03
2.477000000000000000e+03
2.507000000000000000e+03
2.521000000000000000e+03
2.530000000000000000e+03
2.560000000000000000e+03
2.571000000000000000e+03
2.573000000000000000e+03
2.614000000000000000e+03
2.616000000000000000e+03
2.621000000000000000e+03
2.624000000000000000e+03
2.625000000000000000e+03
2.627000000000000000e+03
2.637000000000000000e+03
2.653000000000000000e+03
2.665000000000000000e+03
2.672000000000000000e+03
2.698000000000000000e+03
2.704000000000000000e+03
2.729000000000000000e+03
2.741000000000000000e+03
2.744000000000000000e+03
2.761000000000000000e+03
2.786000000000000000e+03
2.789000000000000000e+03
2.811000000000000000e+03
2.813000000000000000e+03
2.840000000000000000e+03
2.846000000000000000e+03
2.877000000000000000e+03
2.888000000000000000e+03
2.905000000000000000e+03
2.933000000000000000e+03
2.942000000000000000e+03
2.951000000000000000e+03
2.967000000000000000e+03
2.986000000000000000e+03
2.995000000000000000e+03
3.031000000000000000e+03
3.048000000000000000e+03
3.049000000000000000e+03
3.056000000000000000e+03
3.061000000000000000e+03
3.062000000000000000e+03
3.066000000000000000e+03
3.081000000000000000e+03
3.091000000000000000e+03
3.097000000000000000e+03
3.134000000000000000e+03
3.137000000000000000e+03
3.138000000000000000e+03
3.148000000000000000e+03
3.151000000000000000e+03
3.160000000000000000e+03
3.173000000000000000e+03
3.197000000000000000e+03
3.206000000000000000e+03
3.214000000000000000e+03
3.216000000000000000e+03
3.230000000000000000e+03
3.238000000000000000e+03
3.241000000000000000e+03
3.248000000000000000e+03
3.249000000000000000e+03
3.281000000000000000e+03
3.295000000000000000e+03
3.314000000000000000e+03
3.323000000000000000e+03
3.339000000000000000e+03
3.343000000000000000e+03
3.349000000000000000e+03
3.357000000000000000e+03
3.358000000000000000e+03
3.359000000000000000e+03
3.386000000000000000e+03
3.410000000000000000e+03
3.418000000000000000e+03
3.426000000000000000e+03
3.429000000000000000e+03
3.430000000000000000e+03
3.443000000000000000e+03
3.474000000000000000e+03
3.487000000000000000e+03
3.488000000000000000e+03
3.512000000000000000e+03
3.526000000000000000e+03
3.557000000000000000e+03
3.563000000000000000e+03
3.587000000000000000e+03
3.603000000000000000e+03
3.607000000000000000e+03
3.615000000000000000e+03
3.650000000000000000e+03
3.669000000000000000e+03
3.684000000000000000e+03
3.720000000000000000e+03
3.722000000000000000e+03
3.725000000000000000e+03
3.729000000000000000e+03
3.735000000000000000e+03
3.797000000000000000e+03
3.803000000000000000e+03
3.842000000000000000e+03
3.862000000000000000e+03
3.865000000000000000e+03
3.871000000000000000e+03
3.873000000000000000e+03
3.914000000000000000e+03
3.916000000000000000e+03
3.938000000000000000e+03
3.939000000000000000e+03
3.953000000000000000e+03
3.978000000000000000e+03
3.999000000000000000e+03
4.034000000000000000e+03
4.040000000000000000e+03
4.075000000000000000e+03
4.076000000000000000e+03
4.090000000000000000e+03
4.125000000000000000e+03
4.150000000000000000e+03
4.151000000000000000e+03
4.175000000000000000e+03
4.218000000000000000e+03
4.333000000000000000e+03
4.337000000000000000e+03
4.394000000000000000e+03
4.407000000000000000e+03
4.409000000000000000e+03
4.411000000000000000e+03
4.423000000000000000e+03
4.424000000000000000e+03
4.433000000000000000e+03
4.438000000000000000e+03
4.441000000000000000e+03
4.492000000000000000e+03
4.501000000000000000e+03
4.513000000000000000e+03
4.514000000000000000e+03
4.525000000000000000e+03
4.535000000000000000e+03
4.548000000000000000e+03
4.563000000000000000e+03
4.565000000000000000e+03
4.586000000000000000e+03
4.613000000000000000e+03
4.637000000000000000e+03
4.642000000000000000e+03
4.643000000000000000e+03
4.645000000000000000e+03
4.646000000000000000e+03
4.668000000000000000e+03
4.669000000000000000e+03
4.679000000000000000e+03
4.712000000000000000e+03
4.726000000000000000e+03
4.727000000000000000e+03
4.735000000000000000e+03
4.747000000000000000e+03
4.748000000000000000e+03
4.764000000000000000e+03
4.792000000000000000e+03
4.812000000000000000e+03
4.854000000000000000e+03
4.857000000000000000e+03
4.858000000000000000e+03
4.859000000000000000e+03
4.862000000000000000e+03
4.864000000000000000e+03
4.870000000000000000e+03
4.884000000000000000e+03
4.906000000000000000e+03
4.913000000000000000e+03
4.925000000000000000e+03
4.929000000000000000e+03
4.931000000000000000e+03
4.938000000000000000e+03
4.949000000000000000e+03
4.966000000000000000e+03
4.968000000000000000e+03
4.978000000000000000e+03
4.996000000000000000e+03
5.000000000000000000e+03
5.008000000000000000e+03
5.022000000000000000e+03
5.036000000000000000e+03
5.041000000000000000e+03
5.043000000000000000e+03
5.044000000000000000e+03
5.046000000000000000e+03
5.065000000000000000e+03
5.074000000000000000e+03
5.080000000000000000e+03
5.109000000000000000e+03
5.115000000000000000e+03
5.144000000000000000e+03
5.145000000000000000e+03
5.156000000000000000e+03
5.160000000000000000e+03
5.207000000000000000e+03
5.220000000000000000e+03
5.232000000000000000e+03
5.236000000000000000e+03
5.240000000000000000e+03
5.247000000000000000e+03
5.267000000000000000e+03
5.280000000000000000e+03
5.298000000000000000e+03
5.312000000000000000e+03
5.315000000000000000e+03
5.328000000000000000e+03
5.335000000000000000e+03
5.352000000000000000e+03
5.357000000000000000e+03
5.359000000000000000e+03
5.363000000000000000e+03
5.377000000000000000e+03
5.384000000000000000e+03
5.397000000000000000e+03
5.416000000000000000e+03
5.425000000000000000e+03
5.432000000000000000e+03
5.452000000000000000e+03
5.457000000000000000e+03
5.459000000000000000e+03
5.463000000000000000e+03
5.480000000000000000e+03
5.484000000000000000e+03
5.492000000000000000e+03
5.557000000000000000e+03
5.562000000000000000e+03
5.571000000000000000e+03
5.572000000000000000e+03
5.598000000000000000e+03
5.603000000000000000e+03
5.619000000000000000e+03
5.626000000000000000e+03
5.638000000000000000e+03
5.678000000000000000e+03
5.694000000000000000e+03
5.698000000000000000e+03
5.714000000000000000e+03
5.730000000000000000e+03
5.748000000000000000e+03
5.756000000000000000e+03
5.821000000000000000e+03
5.823000000000000000e+03
5.831000000000000000e+03
5.840000000000000000e+03
5.853000000000000000e+03
5.855000000000000000e+03
5.856000000000000000e+03
5.864000000000000000e+03
5.888000000000000000e+03
5.895000000000000000e+03
5.930000000000000000e+03
5.936000000000000000e+03
5.944000000000000000e+03
5.967000000000000000e+03
5.976000000000000000e+03
5.980000000000000000e+03
5.982000000000000000e+03
5.985000000000000000e+03
5.989000000000000000e+03
5.992000000000000000e+03
6.044000000000000000e+03
6.049000000000000000e+03
6.056000000000000000e+03
6.075000000000000000e+03
6.078000000000000000e+03
6.082000000000000000e+03
6.087000000000000000e+03
6.090000000000000000e+03
6.095000000000000000e+03
6.100000000000000000e+03
6.104000000000000000e+03
6.116000000000000000e+03
6.118000000000000000e+03
6.128000000000000000e+03
6.129000000000000000e+03
6.148000000000000000e+03
6.155000000000000000e+03
6.194000000000000000e+03
6.203000000000000000e+03
6.207000000000000000e+03
6.218000000000000000e+03
6.221000000000000000e+03
6.226000000000000000e+03
6.248000000000000000e+03
6.289000000000000000e+03
6.296000000000000000e+03
6.300000000000000000e+03
6.321000000000000000e+03
6.325000000000000000e+03
6.329000000000000000e+03
6.333000000000000000e+03
6.342000000000000000e+03
6.355000000000000000e+03
6.356000000000000000e+03
6.369000000000000000e+03
6.378000000000000000e+03
6.412000000000000000e+03
6.442000000000000000e+03
6.445000000000000000e+03
6.447000000000000000e+03
6.448000000000000000e+03
6.457000000000000000e+03
6.459000000000000000e+03
6.467000000000000000e+03
6.498000000000000000e+03
6.503000000000000000e+03
6.521000000000000000e+03
6.529000000000000000e+03
6.543000000000000000e+03
6.551000000000000000e+03
6.557000000000000000e+03
6.568000000000000000e+03
6.570000000000000000e+03
6.573000000000000000e+03
6.601000000000000000e+03
6.616000000000000000e+03
6.617000000000000000e+03
6.620000000000000000e+03
6.624000000000000000e+03
6.638000000000000000e+03
6.647000000000000000e+03
6.660000000000000000e+03
6.661000000000000000e+03
6.664000000000000000e+03
6.675000000000000000e+03
6.676000000000000000e+03
6.678000000000000000e+03
6.706000000000000000e+03
6.722000000000000000e+03
6.727000000000000000e+03
6.730000000000000000e+03
6.734000000000000000e+03
6.760000000000000000e+03
6.765000000000000000e+03
6.772000000000000000e+03
6.787000000000000000e+03
6.813000000000000000e+03
6.829000000000000000e+03
6.837000000000000000e+03
6.846000000000000000e+03
6.859000000000000000e+03
6.866000000000000000e+03
6.868000000000000000e+03
6.893000000000000000e+03
6.895000000000000000e+03
6.921000000000000000e+03
6.939000000000000000e+03
6.974000000000000000e+03
6.985000000000000000e+03
6.986000000000000000e+03
7.032000000000000000e+03
7.039000000000000000e+03
7.053000000000000000e+03
7.057000000000000000e+03
7.083000000000000000e+03
7.099000000000000000e+03
7.109000000000000000e+03
7.162000000000000000e+03
7.187000000000000000e+03
7.188000000000000000e+03
7.189000000000000000e+03
7.190000000000000000e+03
7.195000000000000000e+03
7.201000000000000000e+03
7.202000000000000000e+03
7.213000000000000000e+03
7.217000000000000000e+03
7.224000000000000000e+03
7.242000000000000000e+03
7.243000000000000000e+03
7.272000000000000000e+03
7.279000000000000000e+03
7.285000000000000000e+03
7.291000000000000000e+03
7.296000000000000000e+03
7.306000000000000000e+03
7.312000000000000000e+03
7.317000000000000000e+03
7.319000000000000000e+03
7.325000000000000000e+03
7.358000000000000000e+03
7.382000000000000000e+03
7.423000000000000000e+03
7.460000000000000000e+03
7.463000000000000000e+03
7.477000000000000000e+03
7.480000000000000000e+03
7.483000000000000000e+03
7.495000000000000000e+03
7.501000000000000000e+03
7.504000000000000000e+03
7.507000000000000000e+03
7.511000000000000000e+03
7.544000000000000000e+03
7.561000000000000000e+03
7.566000000000000000e+03
7.573000000000000000e+03
7.649000000000000000e+03
7.655000000000000000e+03
7.665000000000000000e+03
7.666000000000000000e+03
7.682000000000000000e+03
7.715000000000000000e+03
7.728000000000000000e+03
7.733000000000000000e+03
7.752000000000000000e+03
7.762000000000000000e+03
7.771000000000000000e+03
7.792000000000000000e+03
7.795000000000000000e+03
7.814000000000000000e+03
7.823000000000000000e+03
7.836000000000000000e+03
7.848000000000000000e+03
7.849000000000000000e+03
7.872000000000000000e+03
7.879000000000000000e+03
7.881000000000000000e+03
7.883000000000000000e+03
7.884000000000000000e+03
7.890000000000000000e+03
7.902000000000000000e+03
7.917000000000000000e+03
7.933000000000000000e+03
7.934000000000000000e+03
7.939000000000000000e+03
7.959000000000000000e+03
7.983000000000000000e+03
7.986000000000000000e+03
7.999000000000000000e+03
8.001000000000000000e+03
8.012000000000000000e+03
8.020000000000000000e+03
8.031000000000000000e+03
8.036000000000000000e+03
8.063000000000000000e+03
8.065000000000000000e+03
8.067000000000000000e+03
8.069000000000000000e+03
8.076000000000000000e+03
8.077000000000000000e+03
8.092000000000000000e+03
8.127000000000000000e+03
8.136000000000000000e+03
8.137000000000000000e+03
8.175000000000000000e+03
8.207000000000000000e+03
8.212000000000000000e+03
8.229000000000000000e+03
8.241000000000000000e+03
8.243000000000000000e+03
8.272000000000000000e+03
8.290000000000000000e+03
8.298000000000000000e+03
8.301000000000000000e+03
8.378000000000000000e+03
8.379000000000000000e+03
8.388000000000000000e+03
8.393000000000000000e+03
8.414000000000000000e+03
8.445000000000000000e+03
8.474000000000000000e+03
8.499000000000000000e+03
8.503000000000000000e+03
8.507000000000000000e+03
8.509000000000000000e+03
8.516000000000000000e+03
8.521000000000000000e+03
8.529000000000000000e+03
8.545000000000000000e+03
8.551000000000000000e+03
8.553000000000000000e+03
8.633000000000000000e+03
8.642000000000000000e+03
8.651000000000000000e+03
8.661000000000000000e+03
8.679000000000000000e+03
8.687000000000000000e+03
8.697000000000000000e+03
8.710000000000000000e+03
8.713000000000000000e+03
8.729000000000000000e+03
8.737000000000000000e+03
8.756000000000000000e+03
8.793000000000000000e+03
8.831000000000000000e+03
8.872000000000000000e+03
8.876000000000000000e+03
8.879000000000000000e+03
8.889000000000000000e+03
8.902000000000000000e+03
8.910000000000000000e+03
8.911000000000000000e+03
8.948000000000000000e+03
8.949000000000000000e+03
8.966000000000000000e+03
8.972000000000000000e+03
8.977000000000000000e+03
8.984000000000000000e+03
8.991000000000000000e+03
8.999000000000000000e+03
9.016000000000000000e+03
9.027000000000000000e+03
9.031000000000000000e+03
9.060000000000000000e+03
9.067000000000000000e+03
9.105000000000000000e+03
9.106000000000000000e+03
9.139000000000000000e+03
9.141000000000000000e+03
9.151000000000000000e+03
9.162000000000000000e+03
9.166000000000000000e+03
9.171000000000000000e+03
9.176000000000000000e+03
9.212000000000000000e+03
9.218000000000000000e+03
9.239000000000000000e+03
9.298000000000000000e+03
9.300000000000000000e+03
9.329000000000000000e+03
9.355000000000000000e+03
9.361000000000000000e+03
9.363000000000000000e+03
9.366000000000000000e+03
9.370000000000000000e+03
9.382000000000000000e+03
9.436000000000000000e+03
9.438000000000000000e+03
9.444000000000000000e+03
9.466000000000000000e+03
9.468000000000000000e+03
9.507000000000000000e+03
9.540000000000000000e+03
9.547000000000000000e+03
9.549000000000000000e+03
9.559000000000000000e+03
9.578000000000000000e+03
9.597000000000000000e+03
9.606000000000000000e+03
9.608000000000000000e+03
9.619000000000000000e+03
9.628000000000000000e+03
9.633000000000000000e+03
9.639000000000000000e+03
9.643000000000000000e+03
9.699000000000000000e+03
9.720000000000000000e+03
9.724000000000000000e+03
9.756000000000000000e+03
9.759000000000000000e+03
9.784000000000000000e+03
9.807000000000000000e+03
9.811000000000000000e+03
9.814000000000000000e+03
9.820000000000000000e+03
9.821000000000000000e+03
9.829000000000000000e+03
9.835000000000000000e+03
9.838000000000000000e+03
9.850000000000000000e+03
9.864000000000000000e+03
9.887000000000000000e+03
9.907000000000000000e+03
9.919000000000000000e+03
9.921000000000000000e+03
9.931000000000000000e+03
9.934000000000000000e+03
9.938000000000000000e+03
9.948000000000000000e+03
9.977000000000000000e+03
9.978000000000000000e+03
9.985000000000000000e+03
9.991000000000000000e+03
1.000100000000000000e+04
1.000700000000000000e+04
1.001600000000000000e+04
1.003000000000000000e+04
1.004000000000000000e+04
1.006200000000000000e+04
1.006500000000000000e+04
1.006700000000000000e+04
1.006800000000000000e+04
1.007200000000000000e+04
1.009400000000000000e+04
1.011300000000000000e+04
1.013000000000000000e+04
1.013800000000000000e+04
1.014600000000000000e+04
1.015600000000000000e+04
1.017600000000000000e+04
1.017700000000000000e+04
1.021200000000000000e+04
1.022200000000000000e+04
1.023500000000000000e+04
1.025100000000000000e+04
1.025300000000000000e+04
1.026700000000000000e+04
1.027300000000000000e+04
1.028000000000000000e+04
1.028900000000000000e+04
1.030400000000000000e+04
1.031800000000000000e+04
1.033300000000000000e+04
1.035600000000000000e+04
1.037600000000000000e+04
1.039100000000000000e+04
1.040700000000000000e+04
1.041500000000000000e+04
1.043600000000000000e+04
1.043800000000000000e+04
1.044100000000000000e+04
1.044300000000000000e+04
1.045800000000000000e+04
1.047500000000000000e+04
1.049900000000000000e+04
1.050800000000000000e+04
1.056100000000000000e+04
1.056400000000000000e+04
1.059000000000000000e+04
1.059200000000000000e+04
1.061400000000000000e+04
1.062700000000000000e+04
1.063500000000000000e+04
1.065200000000000000e+04
1.067600000000000000e+04
1.069200000000000000e+04
1.071400000000000000e+04
1.072800000000000000e+04
1.073000000000000000e+04
1.073100000000000000e+04
1.075300000000000000e+04
1.075700000000000000e+04
1.076800000000000000e+04
1.077600000000000000e+04
1.078300000000000000e+04
1.079700000000000000e+04
1.080300000000000000e+04
1.080500000000000000e+04
1.080900000000000000e+04
1.081300000000000000e+04
1.081800000000000000e+04
1.088300000000000000e+04
1.089100000000000000e+04
1.091600000000000000e+04
1.093700000000000000e+04
1.095800000000000000e+04
1.096500000000000000e+04
1.100800000000000000e+04
1.101300000000000000e+04
1.101800000000000000e+04
1.102300000000000000e+04
1.104500000000000000e+04
1.105900000000000000e+04
1.106800000000000000e+04
1.107500000000000000e+04
1.110000000000000000e+04
1.110100000000000000e+04
1.110600000000000000e+04
1.111400000000000000e+04
1.112300000000000000e+04
1.113100000000000000e+04
1.114500000000000000e+04
1.115100000000000000e+04
1.115300000000000000e+04
1.118400000000000000e+04
1.118700000000000000e+04
1.120400000000000000e+04
1.120500000000000000e+04
1.121700000000000000e+04
1.123600000000000000e+04
1.126200000000000000e+04
1.132500000000000000e+04
1.135600000000000000e+04
1.135900000000000000e+04
1.136300000000000000e+04
1.138100000000000000e+04
1.138300000000000000e+04
1.139000000000000000e+04
1.141600000000000000e+04
1.144200000000000000e+04
1.144400000000000000e+04
1.145000000000000000e+04
1.145400000000000000e+04
1.145800000000000000e+04
1.146500000000000000e+04
1.148900000000000000e+04
1.149400000000000000e+04
1.150100000000000000e+04
1.150500000000000000e+04
1.151700000000000000e+04
1.153900000000000000e+04
1.155000000000000000e+04
1.156200000000000000e+04
1.156500000000000000e+04
1.159300000000000000e+04
1.159600000000000000e+04
1.159800000000000000e+04
1.160000000000000000e+04
1.160100000000000000e+04
1.160300000000000000e+04
1.160800000000000000e+04
1.163400000000000000e+04
1.163500000000000000e+04
1.164400000000000000e+04
1.165200000000000000e+04
1.165600000000000000e+04
1.166700000000000000e+04
1.167300000000000000e+04
