9.000000000000000000e+00
1.200000000000000000e+01
1.500000000000000000e+01
1.600000000000000000e+01
3.100000000000000000e+01
4.500000000000000000e+01
5.000000000000000000e+01
5.800000000000000000e+01
6.000000000000000000e+01
6.500000000000000000e+01
6.800000000000000000e+01
7.000000000000000000e+01
7.300000000000000000e+01
7.400000000000000000e+01
7.500000000000000000e+01
8.000000000000000000e+01
8.400000000000000000e+01
8.800000000000000000e+01
1.000000000000000000e+02
1.020000000000000000e+02
1.290000000000000000e+02
1.300000000000000000e+02
1.360000000000000000e+02
1.480000000000000000e+02
1.550000000000000000e+02
1.590000000000000000e+02
1.870000000000000000e+02
1.890000000000000000e+02
1.910000000000000000e+02
1.920000000000000000e+02
2.050000000000000000e+02
2.070000000000000000e+02
2.170000000000000000e+02
2.190000000000000000e+02
2.200000000000000000e+02
2.280000000000000000e+02
2.300000000000000000e+02
2.400000000000000000e+02
2.560000000000000000e+02
2.630000000000000000e+02
2.670000000000000000e+02
2.690000000000000000e+02
3.050000000000000000e+02
3.110000000000000000e+02
3.230000000000000000e+02
3.290000000000000000e+02
3.330000000000000000e+02
3.350000000000000000e+02
3.370000000000000000e+02
3.380000000000000000e+02
3.390000000000000000e+02
3.450000000000000000e+02
3.480000000000000000e+02
3.490000000000000000e+02
3.520000000000000000e+02
3.560000000000000000e+02
3.630000000000000000e+02
3.690000000000000000e+02
3.770000000000000000e+02
3.790000000000000000e+02
3.800000000000000000e+02
3.860000000000000000e+02
3.930000000000000000e+02
3.970000000000000000e+02
4.060000000000000000e+02
4.150000000000000000e+02
4.280000000000000000e+02
4.350000000000000000e+02
4.380000000000000000e+02
4.430000000000000000e+02
4.620000000000000000e+02
4.650000000000000000e+02
4.760000000000000000e+02
4.770000000000000000e+02
5.040000000000000000e+02
5.050000000000000000e+02
5.110000000000000000e+02
5.120000000000000000e+02
5.440000000000000000e+02
5.450000000000000000e+02
5.470000000000000000e+02
5.640000000000000000e+02
5.660000000000000000e+02
5.720000000000000000e+02
5.870000000000000000e+02
5.880000000000000000e+02
5.960000000000000000e+02
6.050000000000000000e+02
6.230000000000000000e+02
6.280000000000000000e+02
6.550000000000000000e+02
6.670000000000000000e+02
6.790000000000000000e+02
6.920000000000000000e+02
7.160000000000000000e+02
7.210000000000000000e+02
7.260000000000000000e+02
7.270000000000000000e+02
7.290000000000000000e+02
7.620000000000000000e+02
7.690000000000000000e+02
7.910000000000000000e+02
8.030000000000000000e+02
8.050000000000000000e+02
8.060000000000000000e+02
8.370000000000000000e+02
8.400000000000000000e+02
8.460000000000000000e+02
8.470000000000000000e+02
8.620000000000000000e+02
8.720000000000000000e+02
8.830000000000000000e+02
8.980000000000000000e+02
9.080000000000000000e+02
9.100000000000000000e+02
9.320000000000000000e+02
9.340000000000000000e+02
9.550000000000000000e+02
9.630000000000000000e+02
9.760000000000000000e+02
9.890000000000000000e+02
9.920000000000000000e+02
9.930000000000000000e+02
9.960000000000000000e+02
1.010000000000000000e+03
1.016000000000000000e+03
1.019000000000000000e+03
1.034000000000000000e+03
1.039000000000000000e+03
1.045000000000000000e+03
1.051000000000000000e+03
1.073000000000000000e+03
1.079000000000000000e+03
1.099000000000000000e+03
1.116000000000000000e+03
1.124000000000000000e+03
1.130000000000000000e+03
1.131000000000000000e+03
1.133000000000000000e+03
1.144000000000000000e+03
1.145000000000000000e+03
1.152000000000000000e+03
1.156000000000000000e+03
1.159000000000000000e+03
1.162000000000000000e+03
1.178000000000000000e+03
1.180000000000000000e+03
1.184000000000000000e+03
1.210000000000000000e+03
1.215000000000000000e+03
1.234000000000000000e+03
1.236000000000000000e+03
1.244000000000000000e+03
1.257000000000000000e+03
1.258000000000000000e+03
1.269000000000000000e+03
1.280000000000000000e+03
1.301000000000000000e+03
1.308000000000000000e+03
1.313000000000000000e+03
1.325000000000000000e+03
1.333000000000000000e+03
1.343000000000000000e+03
1.349000000000000000e+03
1.353000000000000000e+03
1.360000000000000000e+03
1.365000000000000000e+03
1.374000000000000000e+03
1.375000000000000000e+03
1.382000000000000000e+03
1.384000000000000000e+03
1.388000000000000000e+03
1.390000000000000000e+03
1.392000000000000000e+03
1.397000000000000000e+03
1.401000000000000000e+03
1.407000000000000000e+03
1.435000000000000000e+03
1.443000000000000000e+03
1.448000000000000000e+03
1.459000000000000000e+03
1.470000000000000000e+03
1.488000000000000000e+03
1.523000000000000000e+03
1.552000000000000000e+03
1.565000000000000000e+03
1.568000000000000000e+03
1.572000000000000000e+03
1.590000000000000000e+03
1.591000000000000000e+03
1.609000000000000000e+03
1.610000000000000000e+03
1.611000000000000000e+03
1.613000000000000000e+03
1.641000000000000000e+03
1.666000000000000000e+03
1.672000000000000000e+03
1.673000000000000000e+03
1.685000000000000000e+03
1.689000000000000000e+03
1.698000000000000000e+03
1.702000000000000000e+03
1.715000000000000000e+03
1.724000000000000000e+03
1.731000000000000000e+03
1.756000000000000000e+03
1.760000000000000000e+03
1.768000000000000000e+03
1.769000000000000000e+03
1.780000000000000000e+03
1.783000000000000000e+03
1.789000000000000000e+03
1.799000000000000000e+03
1.802000000000000000e+03
1.812000000000000000e+03
1.824000000000000000e+03
1.826000000000000000e+03
1.830000000000000000e+03
1.841000000000000000e+03
1.852000000000000000e+03
1.863000000000000000e+03
1.864000000000000000e+03
1.877000000000000000e+03
1.883000000000000000e+03
1.887000000000000000e+03
1.889000000000000000e+03
1.894000000000000000e+03
1.910000000000000000e+03
1.917000000000000000e+03
1.923000000000000000e+03
1.924000000000000000e+03
1.931000000000000000e+03
1.936000000000000000e+03
1.947000000000000000e+03
1.951000000000000000e+03
1.952000000000000000e+03
1.953000000000000000e+03
1.956000000000000000e+03
1.960000000000000000e+03
1.963000000000000000e+03
1.973000000000000000e+03
1.976000000000000000e+03
1.982000000000000000e+03
1.999000000000000000e+03
2.000000000000000000e+03
2.002000000000000000e+03
2.009000000000000000e+03
2.011000000000000000e+03
2.012000000000000000e+03
2.029000000000000000e+03
2.038000000000000000e+03
2.045000000000000000e+03
2.048000000000000000e+03
2.056000000000000000e+03
2.062000000000000000e+03
2.065000000000000000e+03
2.069000000000000000e+03
2.086000000000000000e+03
2.098000000000000000e+03
2.102000000000000000e+03
2.105000000000000000e+03
2.115000000000000000e+03
2.131000000000000000e+03
2.135000000000000000e+03
2.144000000000000000e+03
2.166000000000000000e+03
2.177000000000000000e+03
2.181000000000000000e+03
2.186000000000000000e+03
2.191000000000000000e+03
2.204000000000000000e+03
2.216000000000000000e+03
2.225000000000000000e+03
2.242000000000000000e+03
2.256000000000000000e+03
2.272000000000000000e+03
2.283000000000000000e+03
2.297000000000000000e+03
2.304000000000000000e+03
2.307000000000000000e+03
2.316000000000000000e+03
2.317000000000000000e+03
2.327000000000000000e+03
2.335000000000000000e+03
2.348000000000000000e+03
2.351000000000000000e+03
2.352000000000000000e+03
2.372000000000000000e+03
2.374000000000000000e+03
2.381000000000000000e+03
2.386000000000000000e+03
2.387000000000000000e+03
2.392000000000000000e+03
2.427000000000000000e+03
2.438000000000000000e+03
2.442000000000000000e+03
2.457000000000000000e+03
2.465000000000000000e+03
2.474000000000000000e+03
2.481000000000000000e+03
2.482000000000000000e+03
2.505000000000000000e+03
2.519000000000000000e+03
2.533000000000000000e+03
2.537000000000000000e+03
2.546000000000000000e+03
2.548000000000000000e+03
2.556000000000000000e+03
2.557000000000000000e+03
2.572000000000000000e+03
2.576000000000000000e+03
2.577000000000000000e+03
2.585000000000000000e+03
2.595000000000000000e+03
2.603000000000000000e+03
2.605000000000000000e+03
2.608000000000000000e+03
2.617000000000000000e+03
2.618000000000000000e+03
2.619000000000000000e+03
2.620000000000000000e+03
2.626000000000000000e+03
2.644000000000000000e+03
2.647000000000000000e+03
2.650000000000000000e+03
2.652000000000000000e+03
2.660000000000000000e+03
2.666000000000000000e+03
2.667000000000000000e+03
2.670000000000000000e+03
2.680000000000000000e+03
2.682000000000000000e+03
2.691000000000000000e+03
2.727000000000000000e+03
2.751000000000000000e+03
2.769000000000000000e+03
2.774000000000000000e+03
2.798000000000000000e+03
2.804000000000000000e+03
2.808000000000000000e+03
2.817000000000000000e+03
2.820000000000000000e+03
2.830000000000000000e+03
2.832000000000000000e+03
2.849000000000000000e+03
2.880000000000000000e+03
2.881000000000000000e+03
2.885000000000000000e+03
2.903000000000000000e+03
2.927000000000000000e+03
2.929000000000000000e+03
2.936000000000000000e+03
2.938000000000000000e+03
2.939000000000000000e+03
2.946000000000000000e+03
2.964000000000000000e+03
2.977000000000000000e+03
2.980000000000000000e+03
2.981000000000000000e+03
3.012000000000000000e+03
3.022000000000000000e+03
3.030000000000000000e+03
3.034000000000000000e+03
3.046000000000000000e+03
3.051000000000000000e+03
3.060000000000000000e+03
3.067000000000000000e+03
3.076000000000000000e+03
3.104000000000000000e+03
3.119000000000000000e+03
3.120000000000000000e+03
3.126000000000000000e+03
3.132000000000000000e+03
3.144000000000000000e+03
3.159000000000000000e+03
3.164000000000000000e+03
3.176000000000000000e+03
3.182000000000000000e+03
3.183000000000000000e+03
3.186000000000000000e+03
3.193000000000000000e+03
3.209000000000000000e+03
3.212000000000000000e+03
3.221000000000000000e+03
3.229000000000000000e+03
3.244000000000000000e+03
3.263000000000000000e+03
3.267000000000000000e+03
3.276000000000000000e+03
3.277000000000000000e+03
3.313000000000000000e+03
3.321000000000000000e+03
3.332000000000000000e+03
3.334000000000000000e+03
3.336000000000000000e+03
3.362000000000000000e+03
3.363000000000000000e+03
3.367000000000000000e+03
3.370000000000000000e+03
3.374000000000000000e+03
3.402000000000000000e+03
3.408000000000000000e+03
3.413000000000000000e+03
3.414000000000000000e+03
3.435000000000000000e+03
3.442000000000000000e+03
3.446000000000000000e+03
3.448000000000000000e+03
3.462000000000000000e+03
3.466000000000000000e+03
3.468000000000000000e+03
3.469000000000000000e+03
3.475000000000000000e+03
3.491000000000000000e+03
3.519000000000000000e+03
3.524000000000000000e+03
3.529000000000000000e+03
3.553000000000000000e+03
3.554000000000000000e+03
3.562000000000000000e+03
3.567000000000000000e+03
3.577000000000000000e+03
3.579000000000000000e+03
3.583000000000000000e+03
3.594000000000000000e+03
3.601000000000000000e+03
3.613000000000000000e+03
3.621000000000000000e+03
3.624000000000000000e+03
3.631000000000000000e+03
3.642000000000000000e+03
3.665000000000000000e+03
3.675000000000000000e+03
3.698000000000000000e+03
3.705000000000000000e+03
3.710000000000000000e+03
3.712000000000000000e+03
3.716000000000000000e+03
3.728000000000000000e+03
3.733000000000000000e+03
3.734000000000000000e+03
3.737000000000000000e+03
3.743000000000000000e+03
3.747000000000000000e+03
3.761000000000000000e+03
3.765000000000000000e+03
3.767000000000000000e+03
3.799000000000000000e+03
3.809000000000000000e+03
3.823000000000000000e+03
3.830000000000000000e+03
3.831000000000000000e+03
3.832000000000000000e+03
3.833000000000000000e+03
3.839000000000000000e+03
3.848000000000000000e+03
3.853000000000000000e+03
3.869000000000000000e+03
3.876000000000000000e+03
3.878000000000000000e+03
3.895000000000000000e+03
3.904000000000000000e+03
3.907000000000000000e+03
3.910000000000000000e+03
3.923000000000000000e+03
3.926000000000000000e+03
3.929000000000000000e+03
3.960000000000000000e+03
3.974000000000000000e+03
3.980000000000000000e+03
3.986000000000000000e+03
3.990000000000000000e+03
4.002000000000000000e+03
4.006000000000000000e+03
4.019000000000000000e+03
4.020000000000000000e+03
4.024000000000000000e+03
4.025000000000000000e+03
4.029000000000000000e+03
4.035000000000000000e+03
4.042000000000000000e+03
4.045000000000000000e+03
4.056000000000000000e+03
4.057000000000000000e+03
4.058000000000000000e+03
4.064000000000000000e+03
4.069000000000000000e+03
4.097000000000000000e+03
4.101000000000000000e+03
4.103000000000000000e+03
4.107000000000000000e+03
4.112000000000000000e+03
4.121000000000000000e+03
4.122000000000000000e+03
4.134000000000000000e+03
4.166000000000000000e+03
4.171000000000000000e+03
4.186000000000000000e+03
4.187000000000000000e+03
4.196000000000000000e+03
4.200000000000000000e+03
4.201000000000000000e+03
4.267000000000000000e+03
4.277000000000000000e+03
4.292000000000000000e+03
4.293000000000000000e+03
4.341000000000000000e+03
4.352000000000000000e+03
4.354000000000000000e+03
4.358000000000000000e+03
4.378000000000000000e+03
4.392000000000000000e+03
4.395000000000000000e+03
4.410000000000000000e+03
4.412000000000000000e+03
4.417000000000000000e+03
4.446000000000000000e+03
4.452000000000000000e+03
4.454000000000000000e+03
4.455000000000000000e+03
4.466000000000000000e+03
4.474000000000000000e+03
4.477000000000000000e+03
4.481000000000000000e+03
4.482000000000000000e+03
4.483000000000000000e+03
4.486000000000000000e+03
4.507000000000000000e+03
4.512000000000000000e+03
4.516000000000000000e+03
4.519000000000000000e+03
4.520000000000000000e+03
4.529000000000000000e+03
4.550000000000000000e+03
4.572000000000000000e+03
4.576000000000000000e+03
4.578000000000000000e+03
4.592000000000000000e+03
4.606000000000000000e+03
4.608000000000000000e+03
4.612000000000000000e+03
4.627000000000000000e+03
4.628000000000000000e+03
4.633000000000000000e+03
4.656000000000000000e+03
4.667000000000000000e+03
4.670000000000000000e+03
4.684000000000000000e+03
4.697000000000000000e+03
4.720000000000000000e+03
4.751000000000000000e+03
4.769000000000000000e+03
4.770000000000000000e+03
4.774000000000000000e+03
4.777000000000000000e+03
4.779000000000000000e+03
4.782000000000000000e+03
4.786000000000000000e+03
4.791000000000000000e+03
4.799000000000000000e+03
4.800000000000000000e+03
4.808000000000000000e+03
4.822000000000000000e+03
4.823000000000000000e+03
4.828000000000000000e+03
4.835000000000000000e+03
4.838000000000000000e+03
4.839000000000000000e+03
4.840000000000000000e+03
4.846000000000000000e+03
4.853000000000000000e+03
4.865000000000000000e+03
4.867000000000000000e+03
4.877000000000000000e+03
4.900000000000000000e+03
4.916000000000000000e+03
4.920000000000000000e+03
4.921000000000000000e+03
4.922000000000000000e+03
4.930000000000000000e+03
4.943000000000000000e+03
4.947000000000000000e+03
4.955000000000000000e+03
4.960000000000000000e+03
4.980000000000000000e+03
4.981000000000000000e+03
4.985000000000000000e+03
4.992000000000000000e+03
4.997000000000000000e+03
4.998000000000000000e+03
5.023000000000000000e+03
5.029000000000000000e+03
5.031000000000000000e+03
5.033000000000000000e+03
5.037000000000000000e+03
5.039000000000000000e+03
5.040000000000000000e+03
5.048000000000000000e+03
5.050000000000000000e+03
5.053000000000000000e+03
5.059000000000000000e+03
5.064000000000000000e+03
5.075000000000000000e+03
5.079000000000000000e+03
5.081000000000000000e+03
5.097000000000000000e+03
5.101000000000000000e+03
5.121000000000000000e+03
5.123000000000000000e+03
5.129000000000000000e+03
5.130000000000000000e+03
5.148000000000000000e+03
5.149000000000000000e+03
5.154000000000000000e+03
5.165000000000000000e+03
5.168000000000000000e+03
5.187000000000000000e+03
5.188000000000000000e+03
5.199000000000000000e+03
5.204000000000000000e+03
5.213000000000000000e+03
5.219000000000000000e+03
5.228000000000000000e+03
5.239000000000000000e+03
5.255000000000000000e+03
5.257000000000000000e+03
5.277000000000000000e+03
5.311000000000000000e+03
5.314000000000000000e+03
5.316000000000000000e+03
5.317000000000000000e+03
5.319000000000000000e+03
5.323000000000000000e+03
5.330000000000000000e+03
5.336000000000000000e+03
5.342000000000000000e+03
5.346000000000000000e+03
5.347000000000000000e+03
5.354000000000000000e+03
5.360000000000000000e+03
5.361000000000000000e+03
5.365000000000000000e+03
5.367000000000000000e+03
5.374000000000000000e+03
5.383000000000000000e+03
5.395000000000000000e+03
5.409000000000000000e+03
5.415000000000000000e+03
5.418000000000000000e+03
5.420000000000000000e+03
5.428000000000000000e+03
5.429000000000000000e+03
5.450000000000000000e+03
5.451000000000000000e+03
5.455000000000000000e+03
5.456000000000000000e+03
5.460000000000000000e+03
5.464000000000000000e+03
5.466000000000000000e+03
5.477000000000000000e+03
5.494000000000000000e+03
5.496000000000000000e+03
5.510000000000000000e+03
5.519000000000000000e+03
5.521000000000000000e+03
5.527000000000000000e+03
5.537000000000000000e+03
5.551000000000000000e+03
5.564000000000000000e+03
5.567000000000000000e+03
5.569000000000000000e+03
5.582000000000000000e+03
5.584000000000000000e+03
5.585000000000000000e+03
5.588000000000000000e+03
5.592000000000000000e+03
5.597000000000000000e+03
5.604000000000000000e+03
5.611000000000000000e+03
5.612000000000000000e+03
5.614000000000000000e+03
5.623000000000000000e+03
5.627000000000000000e+03
5.630000000000000000e+03
5.633000000000000000e+03
5.634000000000000000e+03
5.635000000000000000e+03
5.651000000000000000e+03
5.663000000000000000e+03
5.676000000000000000e+03
5.677000000000000000e+03
5.679000000000000000e+03
5.680000000000000000e+03
5.683000000000000000e+03
5.684000000000000000e+03
5.695000000000000000e+03
5.699000000000000000e+03
5.703000000000000000e+03
5.708000000000000000e+03
5.715000000000000000e+03
5.719000000000000000e+03
5.741000000000000000e+03
5.743000000000000000e+03
5.751000000000000000e+03
5.760000000000000000e+03
5.772000000000000000e+03
5.775000000000000000e+03
5.783000000000000000e+03
5.788000000000000000e+03
5.790000000000000000e+03
5.796000000000000000e+03
5.803000000000000000e+03
5.804000000000000000e+03
5.806000000000000000e+03
5.814000000000000000e+03
5.826000000000000000e+03
5.830000000000000000e+03
5.833000000000000000e+03
5.837000000000000000e+03
5.845000000000000000e+03
5.846000000000000000e+03
5.852000000000000000e+03
5.872000000000000000e+03
5.880000000000000000e+03
5.885000000000000000e+03
5.896000000000000000e+03
5.911000000000000000e+03
5.915000000000000000e+03
5.917000000000000000e+03
5.920000000000000000e+03
5.921000000000000000e+03
5.943000000000000000e+03
5.945000000000000000e+03
5.946000000000000000e+03
5.947000000000000000e+03
5.955000000000000000e+03
5.961000000000000000e+03
5.977000000000000000e+03
5.987000000000000000e+03
5.993000000000000000e+03
5.997000000000000000e+03
6.008000000000000000e+03
6.016000000000000000e+03
6.020000000000000000e+03
6.021000000000000000e+03
6.029000000000000000e+03
6.032000000000000000e+03
6.036000000000000000e+03
6.039000000000000000e+03
6.047000000000000000e+03
6.061000000000000000e+03
6.070000000000000000e+03
6.074000000000000000e+03
6.102000000000000000e+03
6.112000000000000000e+03
6.127000000000000000e+03
6.132000000000000000e+03
6.134000000000000000e+03
6.135000000000000000e+03
6.137000000000000000e+03
6.142000000000000000e+03
6.146000000000000000e+03
6.154000000000000000e+03
6.160000000000000000e+03
6.163000000000000000e+03
6.168000000000000000e+03
6.176000000000000000e+03
6.182000000000000000e+03
6.188000000000000000e+03
6.191000000000000000e+03
6.193000000000000000e+03
6.201000000000000000e+03
6.228000000000000000e+03
6.236000000000000000e+03
6.239000000000000000e+03
6.242000000000000000e+03
6.249000000000000000e+03
6.278000000000000000e+03
6.285000000000000000e+03
6.306000000000000000e+03
6.320000000000000000e+03
6.332000000000000000e+03
6.335000000000000000e+03
6.349000000000000000e+03
6.385000000000000000e+03
6.397000000000000000e+03
6.398000000000000000e+03
6.406000000000000000e+03
6.408000000000000000e+03
6.411000000000000000e+03
6.414000000000000000e+03
6.420000000000000000e+03
6.427000000000000000e+03
6.428000000000000000e+03
6.437000000000000000e+03
6.450000000000000000e+03
6.460000000000000000e+03
6.477000000000000000e+03
6.493000000000000000e+03
6.502000000000000000e+03
6.511000000000000000e+03
6.522000000000000000e+03
6.527000000000000000e+03
6.536000000000000000e+03
6.552000000000000000e+03
6.553000000000000000e+03
6.556000000000000000e+03
6.558000000000000000e+03
6.574000000000000000e+03
6.581000000000000000e+03
6.585000000000000000e+03
6.589000000000000000e+03
6.594000000000000000e+03
6.598000000000000000e+03
6.603000000000000000e+03
6.626000000000000000e+03
6.631000000000000000e+03
6.633000000000000000e+03
6.640000000000000000e+03
6.652000000000000000e+03
6.673000000000000000e+03
6.693000000000000000e+03
6.717000000000000000e+03
6.718000000000000000e+03
6.731000000000000000e+03
6.741000000000000000e+03
6.742000000000000000e+03
6.751000000000000000e+03
6.753000000000000000e+03
6.767000000000000000e+03
6.795000000000000000e+03
6.802000000000000000e+03
6.810000000000000000e+03
6.817000000000000000e+03
6.819000000000000000e+03
6.826000000000000000e+03
6.830000000000000000e+03
6.840000000000000000e+03
6.847000000000000000e+03
6.860000000000000000e+03
6.871000000000000000e+03
6.875000000000000000e+03
6.897000000000000000e+03
6.906000000000000000e+03
6.912000000000000000e+03
6.915000000000000000e+03
6.919000000000000000e+03
6.922000000000000000e+03
6.933000000000000000e+03
6.941000000000000000e+03
6.952000000000000000e+03
6.958000000000000000e+03
6.962000000000000000e+03
6.965000000000000000e+03
6.967000000000000000e+03
6.969000000000000000e+03
6.973000000000000000e+03
6.977000000000000000e+03
6.994000000000000000e+03
6.998000000000000000e+03
7.009000000000000000e+03
7.010000000000000000e+03
7.018000000000000000e+03
7.019000000000000000e+03
7.026000000000000000e+03
7.048000000000000000e+03
7.055000000000000000e+03
7.061000000000000000e+03
7.067000000000000000e+03
7.069000000000000000e+03
7.071000000000000000e+03
7.076000000000000000e+03
7.128000000000000000e+03
7.143000000000000000e+03
7.144000000000000000e+03
7.146000000000000000e+03
7.147000000000000000e+03
7.148000000000000000e+03
7.158000000000000000e+03
7.169000000000000000e+03
7.172000000000000000e+03
7.175000000000000000e+03
7.176000000000000000e+03
7.184000000000000000e+03
7.185000000000000000e+03
7.186000000000000000e+03
7.193000000000000000e+03
7.205000000000000000e+03
7.216000000000000000e+03
7.219000000000000000e+03
7.237000000000000000e+03
7.239000000000000000e+03
7.245000000000000000e+03
7.256000000000000000e+03
7.259000000000000000e+03
7.262000000000000000e+03
7.267000000000000000e+03
7.273000000000000000e+03
7.274000000000000000e+03
7.301000000000000000e+03
7.308000000000000000e+03
7.326000000000000000e+03
7.341000000000000000e+03
7.347000000000000000e+03
7.363000000000000000e+03
7.372000000000000000e+03
7.373000000000000000e+03
7.374000000000000000e+03
7.384000000000000000e+03
7.386000000000000000e+03
7.392000000000000000e+03
7.394000000000000000e+03
7.395000000000000000e+03
7.396000000000000000e+03
7.398000000000000000e+03
7.401000000000000000e+03
7.421000000000000000e+03
7.438000000000000000e+03
7.444000000000000000e+03
7.462000000000000000e+03
7.466000000000000000e+03
7.468000000000000000e+03
7.469000000000000000e+03
7.472000000000000000e+03
7.479000000000000000e+03
7.481000000000000000e+03
7.487000000000000000e+03
7.494000000000000000e+03
7.500000000000000000e+03
7.513000000000000000e+03
7.517000000000000000e+03
7.524000000000000000e+03
7.531000000000000000e+03
7.533000000000000000e+03
7.535000000000000000e+03
7.539000000000000000e+03
7.550000000000000000e+03
7.558000000000000000e+03
7.562000000000000000e+03
7.571000000000000000e+03
7.580000000000000000e+03
7.593000000000000000e+03
7.609000000000000000e+03
7.611000000000000000e+03
7.612000000000000000e+03
7.616000000000000000e+03
7.626000000000000000e+03
7.627000000000000000e+03
7.630000000000000000e+03
7.634000000000000000e+03
7.646000000000000000e+03
7.658000000000000000e+03
7.662000000000000000e+03
7.670000000000000000e+03
7.671000000000000000e+03
7.675000000000000000e+03
7.684000000000000000e+03
7.694000000000000000e+03
7.696000000000000000e+03
7.732000000000000000e+03
7.734000000000000000e+03
7.738000000000000000e+03
7.749000000000000000e+03
7.756000000000000000e+03
7.766000000000000000e+03
7.768000000000000000e+03
7.769000000000000000e+03
7.775000000000000000e+03
7.777000000000000000e+03
7.785000000000000000e+03
7.803000000000000000e+03
7.805000000000000000e+03
7.808000000000000000e+03
7.825000000000000000e+03
7.862000000000000000e+03
7.867000000000000000e+03
7.871000000000000000e+03
7.876000000000000000e+03
7.880000000000000000e+03
7.889000000000000000e+03
7.894000000000000000e+03
7.896000000000000000e+03
7.904000000000000000e+03
7.919000000000000000e+03
7.924000000000000000e+03
7.931000000000000000e+03
7.945000000000000000e+03
7.950000000000000000e+03
7.964000000000000000e+03
7.971000000000000000e+03
7.977000000000000000e+03
7.981000000000000000e+03
7.987000000000000000e+03
8.000000000000000000e+03
8.002000000000000000e+03
8.011000000000000000e+03
8.013000000000000000e+03
8.026000000000000000e+03
8.037000000000000000e+03
8.041000000000000000e+03
8.043000000000000000e+03
8.051000000000000000e+03
8.057000000000000000e+03
8.059000000000000000e+03
8.079000000000000000e+03
8.082000000000000000e+03
8.087000000000000000e+03
8.088000000000000000e+03
8.100000000000000000e+03
8.108000000000000000e+03
8.113000000000000000e+03
8.116000000000000000e+03
8.140000000000000000e+03
8.149000000000000000e+03
8.158000000000000000e+03
8.162000000000000000e+03
8.173000000000000000e+03
8.219000000000000000e+03
8.221000000000000000e+03
8.225000000000000000e+03
8.226000000000000000e+03
8.240000000000000000e+03
8.251000000000000000e+03
8.252000000000000000e+03
8.258000000000000000e+03
8.262000000000000000e+03
8.278000000000000000e+03
8.289000000000000000e+03
8.293000000000000000e+03
8.297000000000000000e+03
8.304000000000000000e+03
8.312000000000000000e+03
8.324000000000000000e+03
8.342000000000000000e+03
8.382000000000000000e+03
8.384000000000000000e+03
8.385000000000000000e+03
8.396000000000000000e+03
8.397000000000000000e+03
8.406000000000000000e+03
8.411000000000000000e+03
8.421000000000000000e+03
8.426000000000000000e+03
8.430000000000000000e+03
8.435000000000000000e+03
8.453000000000000000e+03
8.463000000000000000e+03
8.479000000000000000e+03
8.502000000000000000e+03
8.510000000000000000e+03
8.511000000000000000e+03
8.524000000000000000e+03
8.531000000000000000e+03
8.549000000000000000e+03
8.554000000000000000e+03
8.556000000000000000e+03
8.582000000000000000e+03
8.587000000000000000e+03
8.589000000000000000e+03
8.597000000000000000e+03
8.598000000000000000e+03
8.605000000000000000e+03
8.606000000000000000e+03
8.609000000000000000e+03
8.611000000000000000e+03
8.616000000000000000e+03
8.618000000000000000e+03
8.626000000000000000e+03
8.628000000000000000e+03
8.644000000000000000e+03
8.647000000000000000e+03
8.652000000000000000e+03
8.677000000000000000e+03
8.693000000000000000e+03
8.695000000000000000e+03
8.702000000000000000e+03
8.712000000000000000e+03
8.722000000000000000e+03
8.728000000000000000e+03
8.733000000000000000e+03
8.738000000000000000e+03
8.739000000000000000e+03
8.749000000000000000e+03
8.751000000000000000e+03
8.763000000000000000e+03
8.765000000000000000e+03
8.771000000000000000e+03
8.773000000000000000e+03
8.775000000000000000e+03
8.780000000000000000e+03
8.813000000000000000e+03
8.825000000000000000e+03
8.846000000000000000e+03
8.854000000000000000e+03
8.866000000000000000e+03
8.868000000000000000e+03
8.874000000000000000e+03
8.883000000000000000e+03
8.884000000000000000e+03
8.894000000000000000e+03
8.908000000000000000e+03
8.915000000000000000e+03
8.924000000000000000e+03
8.926000000000000000e+03
8.929000000000000000e+03
8.947000000000000000e+03
8.955000000000000000e+03
8.958000000000000000e+03
8.964000000000000000e+03
8.965000000000000000e+03
8.967000000000000000e+03
8.973000000000000000e+03
8.987000000000000000e+03
8.990000000000000000e+03
8.993000000000000000e+03
9.001000000000000000e+03
9.002000000000000000e+03
9.008000000000000000e+03
9.011000000000000000e+03
9.019000000000000000e+03
9.023000000000000000e+03
9.034000000000000000e+03
9.041000000000000000e+03
9.045000000000000000e+03
9.046000000000000000e+03
9.047000000000000000e+03
9.050000000000000000e+03
9.062000000000000000e+03
9.065000000000000000e+03
9.078000000000000000e+03
9.083000000000000000e+03
9.097000000000000000e+03
9.103000000000000000e+03
9.128000000000000000e+03
9.133000000000000000e+03
9.138000000000000000e+03
9.144000000000000000e+03
9.175000000000000000e+03
9.178000000000000000e+03
9.185000000000000000e+03
9.192000000000000000e+03
9.195000000000000000e+03
9.208000000000000000e+03
9.209000000000000000e+03
9.210000000000000000e+03
9.211000000000000000e+03
9.224000000000000000e+03
9.225000000000000000e+03
9.231000000000000000e+03
9.245000000000000000e+03
9.258000000000000000e+03
9.259000000000000000e+03
9.264000000000000000e+03
9.272000000000000000e+03
9.291000000000000000e+03
9.294000000000000000e+03
9.295000000000000000e+03
9.299000000000000000e+03
9.304000000000000000e+03
9.315000000000000000e+03
9.323000000000000000e+03
9.330000000000000000e+03
9.331000000000000000e+03
9.345000000000000000e+03
9.349000000000000000e+03
9.352000000000000000e+03
9.376000000000000000e+03
9.384000000000000000e+03
9.385000000000000000e+03
9.403000000000000000e+03
9.416000000000000000e+03
9.425000000000000000e+03
9.431000000000000000e+03
9.432000000000000000e+03
9.437000000000000000e+03
9.441000000000000000e+03
9.454000000000000000e+03
9.464000000000000000e+03
9.476000000000000000e+03
9.479000000000000000e+03
9.482000000000000000e+03
9.490000000000000000e+03
9.492000000000000000e+03
9.494000000000000000e+03
9.495000000000000000e+03
9.497000000000000000e+03
9.509000000000000000e+03
9.535000000000000000e+03
9.544000000000000000e+03
9.557000000000000000e+03
9.560000000000000000e+03
9.561000000000000000e+03
9.565000000000000000e+03
9.573000000000000000e+03
9.575000000000000000e+03
9.579000000000000000e+03
9.587000000000000000e+03
9.590000000000000000e+03
9.596000000000000000e+03
9.614000000000000000e+03
9.618000000000000000e+03
9.623000000000000000e+03
9.626000000000000000e+03
9.644000000000000000e+03
9.657000000000000000e+03
9.666000000000000000e+03
9.680000000000000000e+03
9.683000000000000000e+03
9.701000000000000000e+03
9.710000000000000000e+03
9.714000000000000000e+03
9.718000000000000000e+03
9.730000000000000000e+03
9.738000000000000000e+03
9.748000000000000000e+03
9.749000000000000000e+03
9.751000000000000000e+03
9.752000000000000000e+03
9.776000000000000000e+03
9.780000000000000000e+03
9.783000000000000000e+03
9.788000000000000000e+03
9.790000000000000000e+03
9.794000000000000000e+03
9.795000000000000000e+03
9.801000000000000000e+03
9.804000000000000000e+03
9.816000000000000000e+03
9.825000000000000000e+03
9.827000000000000000e+03
9.831000000000000000e+03
9.848000000000000000e+03
9.865000000000000000e+03
9.866000000000000000e+03
9.871000000000000000e+03
9.875000000000000000e+03
9.877000000000000000e+03
9.889000000000000000e+03
9.891000000000000000e+03
9.895000000000000000e+03
9.896000000000000000e+03
9.914000000000000000e+03
9.915000000000000000e+03
9.926000000000000000e+03
9.940000000000000000e+03
9.944000000000000000e+03
9.960000000000000000e+03
9.962000000000000000e+03
9.969000000000000000e+03
9.975000000000000000e+03
9.981000000000000000e+03
9.993000000000000000e+03
1.000800000000000000e+04
1.001100000000000000e+04
1.001200000000000000e+04
1.001300000000000000e+04
1.003100000000000000e+04
1.004200000000000000e+04
1.004300000000000000e+04
1.004400000000000000e+04
1.004700000000000000e+04
1.004900000000000000e+04
1.005900000000000000e+04
1.006100000000000000e+04
1.007500000000000000e+04
1.008300000000000000e+04
1.008900000000000000e+04
1.009700000000000000e+04
1.010200000000000000e+04
1.010400000000000000e+04
1.012200000000000000e+04
1.014200000000000000e+04
1.014300000000000000e+04
1.014500000000000000e+04
1.014800000000000000e+04
1.017900000000000000e+04
1.018600000000000000e+04
1.018700000000000000e+04
1.019100000000000000e+04
1.019300000000000000e+04
1.019800000000000000e+04
1.021100000000000000e+04
1.022800000000000000e+04
1.023800000000000000e+04
1.023900000000000000e+04
1.024600000000000000e+04
1.025600000000000000e+04
1.026100000000000000e+04
1.026600000000000000e+04
1.029600000000000000e+04
1.032100000000000000e+04
1.032400000000000000e+04
1.033500000000000000e+04
1.034500000000000000e+04
1.034700000000000000e+04
1.035200000000000000e+04
1.035300000000000000e+04
1.038700000000000000e+04
1.039500000000000000e+04
1.040000000000000000e+04
1.040300000000000000e+04
1.040900000000000000e+04
1.042100000000000000e+04
1.043000000000000000e+04
1.043500000000000000e+04
1.044700000000000000e+04
1.046000000000000000e+04
1.046300000000000000e+04
1.046500000000000000e+04
1.046900000000000000e+04
1.047000000000000000e+04
1.047200000000000000e+04
1.047400000000000000e+04
1.048000000000000000e+04
1.048800000000000000e+04
1.050600000000000000e+04
1.050700000000000000e+04
1.051000000000000000e+04
1.051400000000000000e+04
1.052600000000000000e+04
1.053200000000000000e+04
1.053600000000000000e+04
1.054000000000000000e+04
1.054700000000000000e+04
1.055500000000000000e+04
1.055900000000000000e+04
1.056000000000000000e+04
1.056500000000000000e+04
1.056800000000000000e+04
1.056900000000000000e+04
1.057100000000000000e+04
1.058100000000000000e+04
1.058400000000000000e+04
1.058500000000000000e+04
1.058600000000000000e+04
1.058700000000000000e+04
1.059300000000000000e+04
1.061600000000000000e+04
1.061700000000000000e+04
1.061800000000000000e+04
1.063000000000000000e+04
1.063800000000000000e+04
1.064100000000000000e+04
1.064900000000000000e+04
1.065000000000000000e+04
1.066800000000000000e+04
1.067000000000000000e+04
1.067200000000000000e+04
1.068000000000000000e+04
1.068300000000000000e+04
1.068400000000000000e+04
1.069000000000000000e+04
1.070300000000000000e+04
1.071200000000000000e+04
1.072000000000000000e+04
1.072900000000000000e+04
1.073600000000000000e+04
1.073900000000000000e+04
1.074400000000000000e+04
1.075200000000000000e+04
1.076200000000000000e+04
1.076400000000000000e+04
1.077100000000000000e+04
1.077800000000000000e+04
1.079800000000000000e+04
1.081900000000000000e+04
1.082400000000000000e+04
1.084100000000000000e+04
1.084800000000000000e+04
1.085400000000000000e+04
1.086800000000000000e+04
1.088100000000000000e+04
1.088500000000000000e+04
1.090100000000000000e+04
1.090900000000000000e+04
1.091300000000000000e+04
1.092700000000000000e+04
1.094600000000000000e+04
1.095300000000000000e+04
1.096000000000000000e+04
1.096400000000000000e+04
1.097300000000000000e+04
1.098000000000000000e+04
1.098100000000000000e+04
1.098300000000000000e+04
1.099400000000000000e+04
1.100300000000000000e+04
1.100500000000000000e+04
1.100900000000000000e+04
1.101000000000000000e+04
1.101400000000000000e+04
1.102000000000000000e+04
1.102600000000000000e+04
1.102800000000000000e+04
1.103200000000000000e+04
1.103400000000000000e+04
1.103600000000000000e+04
1.103900000000000000e+04
1.105600000000000000e+04
1.106400000000000000e+04
1.106700000000000000e+04
1.107400000000000000e+04
1.108300000000000000e+04
1.108700000000000000e+04
1.109000000000000000e+04
1.109900000000000000e+04
1.110200000000000000e+04
1.111500000000000000e+04
1.112000000000000000e+04
1.113200000000000000e+04
1.114100000000000000e+04
1.115000000000000000e+04
1.116000000000000000e+04
1.120700000000000000e+04
1.120800000000000000e+04
1.120900000000000000e+04
1.121200000000000000e+04
1.121800000000000000e+04
1.121900000000000000e+04
1.122100000000000000e+04
1.122600000000000000e+04
1.122700000000000000e+04
1.122800000000000000e+04
1.123000000000000000e+04
1.123700000000000000e+04
1.123900000000000000e+04
1.124200000000000000e+04
1.125300000000000000e+04
1.125500000000000000e+04
1.125800000000000000e+04
1.125900000000000000e+04
1.126500000000000000e+04
1.126900000000000000e+04
1.127900000000000000e+04
1.128700000000000000e+04
1.129100000000000000e+04
1.129500000000000000e+04
1.129600000000000000e+04
1.130700000000000000e+04
1.130900000000000000e+04
1.131000000000000000e+04
1.131700000000000000e+04
1.132600000000000000e+04
1.132800000000000000e+04
1.133900000000000000e+04
1.134400000000000000e+04
1.135400000000000000e+04
1.135700000000000000e+04
1.136100000000000000e+04
1.137100000000000000e+04
1.138500000000000000e+04
1.138900000000000000e+04
1.140300000000000000e+04
1.140600000000000000e+04
1.141100000000000000e+04
1.144600000000000000e+04
1.147400000000000000e+04
1.147500000000000000e+04
1.148800000000000000e+04
1.149000000000000000e+04
1.149500000000000000e+04
1.149700000000000000e+04
1.152800000000000000e+04
1.154100000000000000e+04
1.155500000000000000e+04
1.157400000000000000e+04
1.158900000000000000e+04
1.159900000000000000e+04
1.161000000000000000e+04
1.161500000000000000e+04
1.161700000000000000e+04
1.162500000000000000e+04
1.162800000000000000e+04
1.163200000000000000e+04
1.164100000000000000e+04
1.166100000000000000e+04
1.166500000000000000e+04
1.167000000000000000e+04
1.167400000000000000e+04
1.167900000000000000e+04
1.168800000000000000e+04
1.169400000000000000e+04
