3.000000000000000000e+00
1.900000000000000000e+01
4.900000000000000000e+01
7.200000000000000000e+01
1.210000000000000000e+02
1.280000000000000000e+02
1.510000000000000000e+02
2.010000000000000000e+02
2.430000000000000000e+02
2.440000000000000000e+02
2.480000000000000000e+02
2.610000000000000000e+02
2.700000000000000000e+02
2.840000000000000000e+02
2.900000000000000000e+02
3.470000000000000000e+02
3.620000000000000000e+02
3.850000000000000000e+02
5.800000000000000000e+02
6.260000000000000000e+02
6.320000000000000000e+02
6.930000000000000000e+02
7.340000000000000000e+02
7.640000000000000000e+02
8.520000000000000000e+02
8.530000000000000000e+02
8.600000000000000000e+02
8.640000000000000000e+02
8.880000000000000000e+02
8.930000000000000000e+02
9.030000000000000000e+02
9.460000000000000000e+02
9.490000000000000000e+02
9.740000000000000000e+02
9.870000000000000000e+02
1.035000000000000000e+03
1.037000000000000000e+03
1.049000000000000000e+03
1.076000000000000000e+03
1.135000000000000000e+03
1.136000000000000000e+03
1.142000000000000000e+03
1.146000000000000000e+03
1.264000000000000000e+03
1.283000000000000000e+03
1.292000000000000000e+03
1.307000000000000000e+03
1.314000000000000000e+03
1.341000000000000000e+03
1.383000000000000000e+03
1.385000000000000000e+03
1.446000000000000000e+03
1.447000000000000000e+03
1.546000000000000000e+03
1.562000000000000000e+03
1.579000000000000000e+03
1.594000000000000000e+03
1.636000000000000000e+03
1.669000000000000000e+03
1.697000000000000000e+03
1.701000000000000000e+03
1.719000000000000000e+03
1.726000000000000000e+03
1.739000000000000000e+03
1.751000000000000000e+03
1.755000000000000000e+03
1.767000000000000000e+03
1.816000000000000000e+03
1.850000000000000000e+03
1.856000000000000000e+03
1.868000000000000000e+03
1.884000000000000000e+03
1.929000000000000000e+03
1.950000000000000000e+03
1.964000000000000000e+03
1.988000000000000000e+03
1.990000000000000000e+03
2.022000000000000000e+03
2.024000000000000000e+03
2.025000000000000000e+03
2.026000000000000000e+03
2.031000000000000000e+03
2.043000000000000000e+03
2.063000000000000000e+03
2.068000000000000000e+03
2.089000000000000000e+03
2.130000000000000000e+03
2.234000000000000000e+03
2.246000000000000000e+03
2.271000000000000000e+03
2.295000000000000000e+03
2.320000000000000000e+03
2.344000000000000000e+03
2.364000000000000000e+03
2.369000000000000000e+03
2.413000000000000000e+03
2.456000000000000000e+03
2.499000000000000000e+03
2.512000000000000000e+03
2.520000000000000000e+03
2.544000000000000000e+03
2.609000000000000000e+03
2.631000000000000000e+03
2.632000000000000000e+03
2.669000000000000000e+03
2.681000000000000000e+03
2.688000000000000000e+03
2.740000000000000000e+03
2.757000000000000000e+03
2.775000000000000000e+03
2.780000000000000000e+03
2.810000000000000000e+03
2.845000000000000000e+03
2.851000000000000000e+03
2.901000000000000000e+03
2.913000000000000000e+03
2.952000000000000000e+03
2.966000000000000000e+03
2.972000000000000000e+03
2.990000000000000000e+03
3.001000000000000000e+03
3.004000000000000000e+03
3.045000000000000000e+03
3.080000000000000000e+03
3.087000000000000000e+03
3.096000000000000000e+03
3.103000000000000000e+03
3.146000000000000000e+03
3.171000000000000000e+03
3.188000000000000000e+03
3.196000000000000000e+03
3.199000000000000000e+03
3.219000000000000000e+03
3.240000000000000000e+03
3.254000000000000000e+03
3.311000000000000000e+03
3.326000000000000000e+03
3.388000000000000000e+03
3.398000000000000000e+03
3.400000000000000000e+03
3.427000000000000000e+03
3.450000000000000000e+03
3.454000000000000000e+03
3.494000000000000000e+03
3.507000000000000000e+03
3.509000000000000000e+03
3.515000000000000000e+03
3.541000000000000000e+03
3.556000000000000000e+03
3.589000000000000000e+03
3.591000000000000000e+03
3.636000000000000000e+03
3.641000000000000000e+03
3.644000000000000000e+03
3.713000000000000000e+03
3.763000000000000000e+03
3.768000000000000000e+03
3.771000000000000000e+03
3.784000000000000000e+03
3.816000000000000000e+03
3.888000000000000000e+03
3.894000000000000000e+03
3.906000000000000000e+03
3.927000000000000000e+03
3.934000000000000000e+03
3.951000000000000000e+03
4.000000000000000000e+03
4.026000000000000000e+03
4.055000000000000000e+03
4.065000000000000000e+03
4.066000000000000000e+03
4.106000000000000000e+03
4.116000000000000000e+03
4.135000000000000000e+03
4.155000000000000000e+03
4.183000000000000000e+03
4.255000000000000000e+03
4.263000000000000000e+03
4.274000000000000000e+03
4.280000000000000000e+03
4.281000000000000000e+03
4.340000000000000000e+03
4.376000000000000000e+03
4.380000000000000000e+03
4.393000000000000000e+03
4.416000000000000000e+03
4.476000000000000000e+03
4.502000000000000000e+03
4.598000000000000000e+03
4.604000000000000000e+03
4.614000000000000000e+03
4.630000000000000000e+03
4.680000000000000000e+03
4.696000000000000000e+03
4.736000000000000000e+03
4.738000000000000000e+03
4.781000000000000000e+03
4.811000000000000000e+03
4.817000000000000000e+03
4.827000000000000000e+03
4.861000000000000000e+03
4.899000000000000000e+03
5.006000000000000000e+03
5.030000000000000000e+03
5.034000000000000000e+03
5.051000000000000000e+03
5.061000000000000000e+03
5.140000000000000000e+03
5.151000000000000000e+03
5.157000000000000000e+03
5.198000000000000000e+03
5.208000000000000000e+03
5.209000000000000000e+03
5.242000000000000000e+03
5.271000000000000000e+03
5.364000000000000000e+03
5.379000000000000000e+03
5.403000000000000000e+03
5.408000000000000000e+03
5.441000000000000000e+03
5.509000000000000000e+03
5.549000000000000000e+03
5.550000000000000000e+03
5.560000000000000000e+03
5.566000000000000000e+03
5.583000000000000000e+03
5.595000000000000000e+03
5.625000000000000000e+03
5.632000000000000000e+03
5.640000000000000000e+03
5.658000000000000000e+03
5.669000000000000000e+03
5.691000000000000000e+03
5.727000000000000000e+03
5.734000000000000000e+03
5.738000000000000000e+03
5.745000000000000000e+03
5.768000000000000000e+03
5.779000000000000000e+03
5.792000000000000000e+03
5.794000000000000000e+03
5.795000000000000000e+03
5.808000000000000000e+03
5.827000000000000000e+03
5.841000000000000000e+03
5.850000000000000000e+03
5.878000000000000000e+03
5.879000000000000000e+03
5.900000000000000000e+03
5.910000000000000000e+03
5.929000000000000000e+03
5.953000000000000000e+03
5.954000000000000000e+03
5.964000000000000000e+03
5.983000000000000000e+03
5.999000000000000000e+03
6.003000000000000000e+03
6.014000000000000000e+03
6.015000000000000000e+03
6.085000000000000000e+03
6.101000000000000000e+03
6.107000000000000000e+03
6.124000000000000000e+03
6.147000000000000000e+03
6.157000000000000000e+03
6.166000000000000000e+03
6.219000000000000000e+03
6.235000000000000000e+03
6.245000000000000000e+03
6.277000000000000000e+03
6.299000000000000000e+03
6.331000000000000000e+03
6.341000000000000000e+03
6.346000000000000000e+03
6.359000000000000000e+03
6.383000000000000000e+03
6.392000000000000000e+03
6.395000000000000000e+03
6.417000000000000000e+03
6.418000000000000000e+03
6.424000000000000000e+03
6.433000000000000000e+03
6.451000000000000000e+03
6.465000000000000000e+03
6.470000000000000000e+03
6.479000000000000000e+03
6.480000000000000000e+03
6.483000000000000000e+03
6.564000000000000000e+03
6.611000000000000000e+03
6.627000000000000000e+03
6.630000000000000000e+03
6.721000000000000000e+03
6.769000000000000000e+03
6.770000000000000000e+03
6.775000000000000000e+03
6.780000000000000000e+03
6.782000000000000000e+03
6.784000000000000000e+03
6.809000000000000000e+03
6.822000000000000000e+03
6.831000000000000000e+03
6.844000000000000000e+03
6.850000000000000000e+03
6.920000000000000000e+03
6.953000000000000000e+03
6.959000000000000000e+03
6.983000000000000000e+03
7.004000000000000000e+03
7.022000000000000000e+03
7.074000000000000000e+03
7.080000000000000000e+03
7.085000000000000000e+03
7.157000000000000000e+03
7.168000000000000000e+03
7.180000000000000000e+03
7.191000000000000000e+03
7.197000000000000000e+03
7.288000000000000000e+03
7.310000000000000000e+03
7.315000000000000000e+03
7.331000000000000000e+03
7.339000000000000000e+03
7.409000000000000000e+03
7.412000000000000000e+03
7.446000000000000000e+03
7.453000000000000000e+03
7.461000000000000000e+03
7.499000000000000000e+03
7.506000000000000000e+03
7.523000000000000000e+03
7.576000000000000000e+03
7.581000000000000000e+03
7.582000000000000000e+03
7.587000000000000000e+03
7.588000000000000000e+03
7.608000000000000000e+03
7.650000000000000000e+03
7.654000000000000000e+03
7.767000000000000000e+03
7.776000000000000000e+03
7.797000000000000000e+03
7.868000000000000000e+03
7.930000000000000000e+03
7.932000000000000000e+03
7.946000000000000000e+03
7.968000000000000000e+03
7.972000000000000000e+03
8.006000000000000000e+03
8.008000000000000000e+03
8.016000000000000000e+03
8.025000000000000000e+03
8.028000000000000000e+03
8.052000000000000000e+03
8.111000000000000000e+03
8.117000000000000000e+03
8.154000000000000000e+03
8.166000000000000000e+03
8.188000000000000000e+03
8.189000000000000000e+03
8.195000000000000000e+03
8.201000000000000000e+03
8.230000000000000000e+03
8.261000000000000000e+03
8.277000000000000000e+03
8.282000000000000000e+03
8.284000000000000000e+03
8.291000000000000000e+03
8.295000000000000000e+03
8.338000000000000000e+03
8.340000000000000000e+03
8.353000000000000000e+03
8.401000000000000000e+03
8.419000000000000000e+03
8.434000000000000000e+03
8.458000000000000000e+03
8.477000000000000000e+03
8.518000000000000000e+03
8.528000000000000000e+03
8.539000000000000000e+03
8.559000000000000000e+03
8.619000000000000000e+03
8.636000000000000000e+03
8.666000000000000000e+03
8.683000000000000000e+03
8.706000000000000000e+03
8.742000000000000000e+03
8.762000000000000000e+03
8.781000000000000000e+03
8.785000000000000000e+03
8.788000000000000000e+03
8.792000000000000000e+03
8.808000000000000000e+03
8.835000000000000000e+03
8.844000000000000000e+03
8.871000000000000000e+03
8.878000000000000000e+03
8.916000000000000000e+03
8.969000000000000000e+03
8.979000000000000000e+03
9.010000000000000000e+03
9.012000000000000000e+03
9.069000000000000000e+03
9.075000000000000000e+03
9.079000000000000000e+03
9.108000000000000000e+03
9.112000000000000000e+03
9.130000000000000000e+03
9.143000000000000000e+03
9.147000000000000000e+03
9.177000000000000000e+03
9.183000000000000000e+03
9.232000000000000000e+03
9.243000000000000000e+03
9.248000000000000000e+03
9.268000000000000000e+03
9.286000000000000000e+03
9.290000000000000000e+03
9.316000000000000000e+03
9.360000000000000000e+03
9.386000000000000000e+03
9.389000000000000000e+03
9.397000000000000000e+03
9.411000000000000000e+03
9.467000000000000000e+03
9.471000000000000000e+03
9.481000000000000000e+03
9.503000000000000000e+03
9.527000000000000000e+03
9.589000000000000000e+03
9.631000000000000000e+03
9.634000000000000000e+03
9.661000000000000000e+03
9.663000000000000000e+03
9.677000000000000000e+03
9.687000000000000000e+03
9.729000000000000000e+03
9.753000000000000000e+03
9.782000000000000000e+03
9.823000000000000000e+03
9.828000000000000000e+03
9.837000000000000000e+03
9.859000000000000000e+03
9.867000000000000000e+03
9.883000000000000000e+03
9.890000000000000000e+03
9.893000000000000000e+03
9.942000000000000000e+03
9.990000000000000000e+03
9.994000000000000000e+03
1.004800000000000000e+04
1.006900000000000000e+04
1.013600000000000000e+04
1.013700000000000000e+04
1.016200000000000000e+04
1.020100000000000000e+04
1.023600000000000000e+04
1.025000000000000000e+04
1.025400000000000000e+04
1.025800000000000000e+04
1.028600000000000000e+04
1.029200000000000000e+04
1.029400000000000000e+04
1.030200000000000000e+04
1.032600000000000000e+04
1.034000000000000000e+04
1.034200000000000000e+04
1.035800000000000000e+04
1.036700000000000000e+04
1.037400000000000000e+04
1.038900000000000000e+04
1.040400000000000000e+04
1.041300000000000000e+04
1.041800000000000000e+04
1.045300000000000000e+04
1.045900000000000000e+04
1.047100000000000000e+04
1.049500000000000000e+04
1.049800000000000000e+04
1.050500000000000000e+04
1.051100000000000000e+04
1.051800000000000000e+04
1.054600000000000000e+04
1.055100000000000000e+04
1.055300000000000000e+04
1.057300000000000000e+04
1.062800000000000000e+04
1.063200000000000000e+04
1.064000000000000000e+04
1.069300000000000000e+04
1.069900000000000000e+04
1.073700000000000000e+04
1.074100000000000000e+04
1.079300000000000000e+04
1.079500000000000000e+04
1.084900000000000000e+04
1.087300000000000000e+04
1.089900000000000000e+04
1.091700000000000000e+04
1.091900000000000000e+04
1.092100000000000000e+04
1.092500000000000000e+04
1.093900000000000000e+04
1.101700000000000000e+04
1.102400000000000000e+04
1.103000000000000000e+04
1.108500000000000000e+04
1.109800000000000000e+04
1.113600000000000000e+04
1.119100000000000000e+04
1.120300000000000000e+04
1.126400000000000000e+04
1.132400000000000000e+04
1.132700000000000000e+04
1.133800000000000000e+04
1.136000000000000000e+04
1.136200000000000000e+04
1.137700000000000000e+04
1.137900000000000000e+04
1.139200000000000000e+04
1.142200000000000000e+04
1.145700000000000000e+04
1.147200000000000000e+04
1.151500000000000000e+04
1.153000000000000000e+04
1.153300000000000000e+04
1.155100000000000000e+04
1.155200000000000000e+04
1.157100000000000000e+04
1.158600000000000000e+04
1.161200000000000000e+04
1.162000000000000000e+04
1.165100000000000000e+04
