4.400000000000000000e+01
5.300000000000000000e+01
6.400000000000000000e+01
9.000000000000000000e+01
1.030000000000000000e+02
1.130000000000000000e+02
1.150000000000000000e+02
1.190000000000000000e+02
1.240000000000000000e+02
1.400000000000000000e+02
1.600000000000000000e+02
1.850000000000000000e+02
2.250000000000000000e+02
2.340000000000000000e+02
2.350000000000000000e+02
2.570000000000000000e+02
3.170000000000000000e+02
3.220000000000000000e+02
3.510000000000000000e+02
3.580000000000000000e+02
3.780000000000000000e+02
4.170000000000000000e+02
4.250000000000000000e+02
4.310000000000000000e+02
4.580000000000000000e+02
4.740000000000000000e+02
4.790000000000000000e+02
4.820000000000000000e+02
4.870000000000000000e+02
4.890000000000000000e+02
4.940000000000000000e+02
5.010000000000000000e+02
5.020000000000000000e+02
5.030000000000000000e+02
5.100000000000000000e+02
5.130000000000000000e+02
5.170000000000000000e+02
5.340000000000000000e+02
5.590000000000000000e+02
5.780000000000000000e+02
5.950000000000000000e+02
6.370000000000000000e+02
6.680000000000000000e+02
6.700000000000000000e+02
7.050000000000000000e+02
7.140000000000000000e+02
7.370000000000000000e+02
7.470000000000000000e+02
7.760000000000000000e+02
7.900000000000000000e+02
8.070000000000000000e+02
8.650000000000000000e+02
8.840000000000000000e+02
8.960000000000000000e+02
9.440000000000000000e+02
9.680000000000000000e+02
9.900000000000000000e+02
1.009000000000000000e+03
1.018000000000000000e+03
1.033000000000000000e+03
1.041000000000000000e+03
1.047000000000000000e+03
1.075000000000000000e+03
1.095000000000000000e+03
1.097000000000000000e+03
1.128000000000000000e+03
1.129000000000000000e+03
1.157000000000000000e+03
1.167000000000000000e+03
1.188000000000000000e+03
1.206000000000000000e+03
1.222000000000000000e+03
1.223000000000000000e+03
1.250000000000000000e+03
1.274000000000000000e+03
1.288000000000000000e+03
1.295000000000000000e+03
1.296000000000000000e+03
1.302000000000000000e+03
1.306000000000000000e+03
1.327000000000000000e+03
1.354000000000000000e+03
1.363000000000000000e+03
1.367000000000000000e+03
1.371000000000000000e+03
1.410000000000000000e+03
1.468000000000000000e+03
1.476000000000000000e+03
1.481000000000000000e+03
1.496000000000000000e+03
1.520000000000000000e+03
1.521000000000000000e+03
1.526000000000000000e+03
1.556000000000000000e+03
1.583000000000000000e+03
1.642000000000000000e+03
1.643000000000000000e+03
1.657000000000000000e+03
1.664000000000000000e+03
1.683000000000000000e+03
1.691000000000000000e+03
1.713000000000000000e+03
1.723000000000000000e+03
1.747000000000000000e+03
1.752000000000000000e+03
1.774000000000000000e+03
1.794000000000000000e+03
1.807000000000000000e+03
1.808000000000000000e+03
1.821000000000000000e+03
1.834000000000000000e+03
1.836000000000000000e+03
1.837000000000000000e+03
1.851000000000000000e+03
1.857000000000000000e+03
1.913000000000000000e+03
1.920000000000000000e+03
1.937000000000000000e+03
1.943000000000000000e+03
1.944000000000000000e+03
1.991000000000000000e+03
2.003000000000000000e+03
2.013000000000000000e+03
2.016000000000000000e+03
2.033000000000000000e+03
2.034000000000000000e+03
2.076000000000000000e+03
2.091000000000000000e+03
2.106000000000000000e+03
2.108000000000000000e+03
2.119000000000000000e+03
2.139000000000000000e+03
2.163000000000000000e+03
2.169000000000000000e+03
2.171000000000000000e+03
2.182000000000000000e+03
2.286000000000000000e+03
2.287000000000000000e+03
2.296000000000000000e+03
2.298000000000000000e+03
2.312000000000000000e+03
2.318000000000000000e+03
2.331000000000000000e+03
2.340000000000000000e+03
2.377000000000000000e+03
2.404000000000000000e+03
2.411000000000000000e+03
2.418000000000000000e+03
2.441000000000000000e+03
2.459000000000000000e+03
2.478000000000000000e+03
2.485000000000000000e+03
2.501000000000000000e+03
2.513000000000000000e+03
2.552000000000000000e+03
2.566000000000000000e+03
2.579000000000000000e+03
2.596000000000000000e+03
2.606000000000000000e+03
2.777000000000000000e+03
2.806000000000000000e+03
2.835000000000000000e+03
2.836000000000000000e+03
2.886000000000000000e+03
2.893000000000000000e+03
2.899000000000000000e+03
2.948000000000000000e+03
3.000000000000000000e+03
3.008000000000000000e+03
3.052000000000000000e+03
3.110000000000000000e+03
3.184000000000000000e+03
3.191000000000000000e+03
3.231000000000000000e+03
3.237000000000000000e+03
3.251000000000000000e+03
3.264000000000000000e+03
3.278000000000000000e+03
3.341000000000000000e+03
3.350000000000000000e+03
3.375000000000000000e+03
3.401000000000000000e+03
3.407000000000000000e+03
3.412000000000000000e+03
3.438000000000000000e+03
3.498000000000000000e+03
3.517000000000000000e+03
3.518000000000000000e+03
3.545000000000000000e+03
3.558000000000000000e+03
3.560000000000000000e+03
3.574000000000000000e+03
3.578000000000000000e+03
3.639000000000000000e+03
3.688000000000000000e+03
3.693000000000000000e+03
3.707000000000000000e+03
3.746000000000000000e+03
3.776000000000000000e+03
3.805000000000000000e+03
3.828000000000000000e+03
3.837000000000000000e+03
3.877000000000000000e+03
3.884000000000000000e+03
3.905000000000000000e+03
3.912000000000000000e+03
3.920000000000000000e+03
3.952000000000000000e+03
3.954000000000000000e+03
3.961000000000000000e+03
3.966000000000000000e+03
3.971000000000000000e+03
3.979000000000000000e+03
3.988000000000000000e+03
4.013000000000000000e+03
4.015000000000000000e+03
4.031000000000000000e+03
4.048000000000000000e+03
4.050000000000000000e+03
4.059000000000000000e+03
4.088000000000000000e+03
4.167000000000000000e+03
4.189000000000000000e+03
4.213000000000000000e+03
4.222000000000000000e+03
4.233000000000000000e+03
4.284000000000000000e+03
4.294000000000000000e+03
4.310000000000000000e+03
4.331000000000000000e+03
4.391000000000000000e+03
4.397000000000000000e+03
4.419000000000000000e+03
4.434000000000000000e+03
4.472000000000000000e+03
4.473000000000000000e+03
4.485000000000000000e+03
4.538000000000000000e+03
4.557000000000000000e+03
4.591000000000000000e+03
4.593000000000000000e+03
4.629000000000000000e+03
4.640000000000000000e+03
4.658000000000000000e+03
4.661000000000000000e+03
4.688000000000000000e+03
4.707000000000000000e+03
4.711000000000000000e+03
4.728000000000000000e+03
4.740000000000000000e+03
4.768000000000000000e+03
4.778000000000000000e+03
4.788000000000000000e+03
4.795000000000000000e+03
4.837000000000000000e+03
4.847000000000000000e+03
4.855000000000000000e+03
4.878000000000000000e+03
4.893000000000000000e+03
4.911000000000000000e+03
4.917000000000000000e+03
4.919000000000000000e+03
4.927000000000000000e+03
4.935000000000000000e+03
4.944000000000000000e+03
4.959000000000000000e+03
4.962000000000000000e+03
4.967000000000000000e+03
4.974000000000000000e+03
4.979000000000000000e+03
4.984000000000000000e+03
5.005000000000000000e+03
5.026000000000000000e+03
5.047000000000000000e+03
5.054000000000000000e+03
5.066000000000000000e+03
5.078000000000000000e+03
5.107000000000000000e+03
5.114000000000000000e+03
5.150000000000000000e+03
5.182000000000000000e+03
5.196000000000000000e+03
5.200000000000000000e+03
5.203000000000000000e+03
5.205000000000000000e+03
5.227000000000000000e+03
5.238000000000000000e+03
5.249000000000000000e+03
5.253000000000000000e+03
5.303000000000000000e+03
5.332000000000000000e+03
5.372000000000000000e+03
5.442000000000000000e+03
5.443000000000000000e+03
5.449000000000000000e+03
5.513000000000000000e+03
5.515000000000000000e+03
5.532000000000000000e+03
5.543000000000000000e+03
5.590000000000000000e+03
5.593000000000000000e+03
5.605000000000000000e+03
5.607000000000000000e+03
5.622000000000000000e+03
5.641000000000000000e+03
5.674000000000000000e+03
5.700000000000000000e+03
5.707000000000000000e+03
5.724000000000000000e+03
5.731000000000000000e+03
5.740000000000000000e+03
5.782000000000000000e+03
5.789000000000000000e+03
5.834000000000000000e+03
5.849000000000000000e+03
5.869000000000000000e+03
5.907000000000000000e+03
5.934000000000000000e+03
5.937000000000000000e+03
5.996000000000000000e+03
6.002000000000000000e+03
6.007000000000000000e+03
6.028000000000000000e+03
6.034000000000000000e+03
6.045000000000000000e+03
6.067000000000000000e+03
6.079000000000000000e+03
6.086000000000000000e+03
6.113000000000000000e+03
6.133000000000000000e+03
6.140000000000000000e+03
6.143000000000000000e+03
6.156000000000000000e+03
6.161000000000000000e+03
6.171000000000000000e+03
6.230000000000000000e+03
6.231000000000000000e+03
6.237000000000000000e+03
6.284000000000000000e+03
6.313000000000000000e+03
6.328000000000000000e+03
6.334000000000000000e+03
6.338000000000000000e+03
6.353000000000000000e+03
6.357000000000000000e+03
6.366000000000000000e+03
6.379000000000000000e+03
6.381000000000000000e+03
6.458000000000000000e+03
6.528000000000000000e+03
6.533000000000000000e+03
6.555000000000000000e+03
6.576000000000000000e+03
6.629000000000000000e+03
6.642000000000000000e+03
6.657000000000000000e+03
6.688000000000000000e+03
6.701000000000000000e+03
6.714000000000000000e+03
6.747000000000000000e+03
6.758000000000000000e+03
6.774000000000000000e+03
6.777000000000000000e+03
6.791000000000000000e+03
6.805000000000000000e+03
6.811000000000000000e+03
6.862000000000000000e+03
6.886000000000000000e+03
6.943000000000000000e+03
6.948000000000000000e+03
6.955000000000000000e+03
7.036000000000000000e+03
7.042000000000000000e+03
7.047000000000000000e+03
7.078000000000000000e+03
7.101000000000000000e+03
7.152000000000000000e+03
7.155000000000000000e+03
7.159000000000000000e+03
7.165000000000000000e+03
7.177000000000000000e+03
7.179000000000000000e+03
7.198000000000000000e+03
7.212000000000000000e+03
7.231000000000000000e+03
7.233000000000000000e+03
7.255000000000000000e+03
7.261000000000000000e+03
7.264000000000000000e+03
7.276000000000000000e+03
7.320000000000000000e+03
7.321000000000000000e+03
7.324000000000000000e+03
7.338000000000000000e+03
7.340000000000000000e+03
7.346000000000000000e+03
7.370000000000000000e+03
7.406000000000000000e+03
7.408000000000000000e+03
7.429000000000000000e+03
7.430000000000000000e+03
7.439000000000000000e+03
7.443000000000000000e+03
7.455000000000000000e+03
7.457000000000000000e+03
7.474000000000000000e+03
7.475000000000000000e+03
7.485000000000000000e+03
7.488000000000000000e+03
7.518000000000000000e+03
7.543000000000000000e+03
7.567000000000000000e+03
7.569000000000000000e+03
7.572000000000000000e+03
7.575000000000000000e+03
7.592000000000000000e+03
7.613000000000000000e+03
7.636000000000000000e+03
7.644000000000000000e+03
7.656000000000000000e+03
7.673000000000000000e+03
7.683000000000000000e+03
7.690000000000000000e+03
7.695000000000000000e+03
7.707000000000000000e+03
7.708000000000000000e+03
7.713000000000000000e+03
7.736000000000000000e+03
7.737000000000000000e+03
7.742000000000000000e+03
7.750000000000000000e+03
7.764000000000000000e+03
7.765000000000000000e+03
7.779000000000000000e+03
7.784000000000000000e+03
7.800000000000000000e+03
7.807000000000000000e+03
7.837000000000000000e+03
7.861000000000000000e+03
7.878000000000000000e+03
7.885000000000000000e+03
7.888000000000000000e+03
7.897000000000000000e+03
7.923000000000000000e+03
7.943000000000000000e+03
7.944000000000000000e+03
7.951000000000000000e+03
7.965000000000000000e+03
7.967000000000000000e+03
7.974000000000000000e+03
7.982000000000000000e+03
7.985000000000000000e+03
7.993000000000000000e+03
8.018000000000000000e+03
8.021000000000000000e+03
8.070000000000000000e+03
8.084000000000000000e+03
8.086000000000000000e+03
8.096000000000000000e+03
8.139000000000000000e+03
8.142000000000000000e+03
8.145000000000000000e+03
8.169000000000000000e+03
8.183000000000000000e+03
8.203000000000000000e+03
8.208000000000000000e+03
8.217000000000000000e+03
8.281000000000000000e+03
8.294000000000000000e+03
8.309000000000000000e+03
8.310000000000000000e+03
8.317000000000000000e+03
8.334000000000000000e+03
8.350000000000000000e+03
8.351000000000000000e+03
8.357000000000000000e+03
8.358000000000000000e+03
8.392000000000000000e+03
8.405000000000000000e+03
8.408000000000000000e+03
8.425000000000000000e+03
8.443000000000000000e+03
8.448000000000000000e+03
8.460000000000000000e+03
8.468000000000000000e+03
8.470000000000000000e+03
8.498000000000000000e+03
8.527000000000000000e+03
8.557000000000000000e+03
8.558000000000000000e+03
8.568000000000000000e+03
8.584000000000000000e+03
8.588000000000000000e+03
8.596000000000000000e+03
8.623000000000000000e+03
8.634000000000000000e+03
8.639000000000000000e+03
8.689000000000000000e+03
8.691000000000000000e+03
8.699000000000000000e+03
8.717000000000000000e+03
8.718000000000000000e+03
8.745000000000000000e+03
8.766000000000000000e+03
8.769000000000000000e+03
8.799000000000000000e+03
8.810000000000000000e+03
8.860000000000000000e+03
8.914000000000000000e+03
8.923000000000000000e+03
8.939000000000000000e+03
8.941000000000000000e+03
8.981000000000000000e+03
8.994000000000000000e+03
9.014000000000000000e+03
9.015000000000000000e+03
9.029000000000000000e+03
9.036000000000000000e+03
9.043000000000000000e+03
9.124000000000000000e+03
9.125000000000000000e+03
9.150000000000000000e+03
9.152000000000000000e+03
9.164000000000000000e+03
9.179000000000000000e+03
9.229000000000000000e+03
9.241000000000000000e+03
9.275000000000000000e+03
9.281000000000000000e+03
9.325000000000000000e+03
9.334000000000000000e+03
9.344000000000000000e+03
9.387000000000000000e+03
9.394000000000000000e+03
9.409000000000000000e+03
9.412000000000000000e+03
9.415000000000000000e+03
9.419000000000000000e+03
9.424000000000000000e+03
9.459000000000000000e+03
9.514000000000000000e+03
9.538000000000000000e+03
9.576000000000000000e+03
9.580000000000000000e+03
9.616000000000000000e+03
9.629000000000000000e+03
9.642000000000000000e+03
9.647000000000000000e+03
9.669000000000000000e+03
9.690000000000000000e+03
9.708000000000000000e+03
9.736000000000000000e+03
9.737000000000000000e+03
9.744000000000000000e+03
9.747000000000000000e+03
9.757000000000000000e+03
9.768000000000000000e+03
9.770000000000000000e+03
9.786000000000000000e+03
9.789000000000000000e+03
9.834000000000000000e+03
9.841000000000000000e+03
9.843000000000000000e+03
9.878000000000000000e+03
9.884000000000000000e+03
9.905000000000000000e+03
9.908000000000000000e+03
9.941000000000000000e+03
9.967000000000000000e+03
9.986000000000000000e+03
9.988000000000000000e+03
1.000400000000000000e+04
1.000600000000000000e+04
1.002000000000000000e+04
1.004600000000000000e+04
1.005700000000000000e+04
1.006000000000000000e+04
1.007100000000000000e+04
1.007800000000000000e+04
1.012500000000000000e+04
1.012600000000000000e+04
1.013300000000000000e+04
1.017400000000000000e+04
1.018200000000000000e+04
1.020400000000000000e+04
1.026200000000000000e+04
1.027600000000000000e+04
1.030100000000000000e+04
1.031300000000000000e+04
1.035500000000000000e+04
1.037000000000000000e+04
1.037700000000000000e+04
1.039000000000000000e+04
1.039600000000000000e+04
1.040100000000000000e+04
1.043400000000000000e+04
1.048600000000000000e+04
1.049400000000000000e+04
1.052000000000000000e+04
1.052100000000000000e+04
1.058800000000000000e+04
1.060400000000000000e+04
1.061100000000000000e+04
1.062200000000000000e+04
1.063600000000000000e+04
1.066100000000000000e+04
1.066700000000000000e+04
1.071900000000000000e+04
1.072200000000000000e+04
1.072400000000000000e+04
1.073800000000000000e+04
1.075900000000000000e+04
1.079100000000000000e+04
1.080000000000000000e+04
1.080800000000000000e+04
1.081400000000000000e+04
1.081500000000000000e+04
1.082900000000000000e+04
1.083100000000000000e+04
1.083400000000000000e+04
1.086100000000000000e+04
1.087700000000000000e+04
1.088200000000000000e+04
1.091000000000000000e+04
1.093800000000000000e+04
1.094900000000000000e+04
1.095600000000000000e+04
1.097900000000000000e+04
1.100000000000000000e+04
1.104000000000000000e+04
1.104800000000000000e+04
1.110500000000000000e+04
1.111100000000000000e+04
1.113400000000000000e+04
1.115400000000000000e+04
1.116100000000000000e+04
1.116400000000000000e+04
1.116700000000000000e+04
1.118900000000000000e+04
1.122000000000000000e+04
1.122300000000000000e+04
1.123500000000000000e+04
1.127400000000000000e+04
1.128400000000000000e+04
1.130300000000000000e+04
1.132900000000000000e+04
1.134500000000000000e+04
1.135500000000000000e+04
1.136700000000000000e+04
1.137500000000000000e+04
1.137600000000000000e+04
1.138600000000000000e+04
1.141800000000000000e+04
1.143900000000000000e+04
1.144900000000000000e+04
1.146600000000000000e+04
1.146900000000000000e+04
1.149200000000000000e+04
1.150300000000000000e+04
1.151200000000000000e+04
1.152000000000000000e+04
1.153500000000000000e+04
1.155800000000000000e+04
1.156900000000000000e+04
1.157800000000000000e+04
1.158200000000000000e+04
1.165000000000000000e+04
1.165300000000000000e+04
1.166800000000000000e+04
1.168200000000000000e+04
1.169300000000000000e+04
