3.300000000000000000e+01
5.100000000000000000e+01
9.500000000000000000e+01
1.040000000000000000e+02
1.200000000000000000e+02
1.260000000000000000e+02
1.450000000000000000e+02
1.620000000000000000e+02
1.810000000000000000e+02
1.930000000000000000e+02
2.040000000000000000e+02
2.260000000000000000e+02
2.270000000000000000e+02
2.740000000000000000e+02
2.790000000000000000e+02
3.060000000000000000e+02
3.120000000000000000e+02
3.200000000000000000e+02
3.240000000000000000e+02
3.250000000000000000e+02
3.590000000000000000e+02
3.870000000000000000e+02
4.000000000000000000e+02
4.450000000000000000e+02
4.810000000000000000e+02
4.970000000000000000e+02
4.980000000000000000e+02
5.990000000000000000e+02
6.060000000000000000e+02
6.070000000000000000e+02
6.160000000000000000e+02
6.250000000000000000e+02
6.270000000000000000e+02
6.290000000000000000e+02
6.430000000000000000e+02
6.800000000000000000e+02
6.830000000000000000e+02
6.840000000000000000e+02
6.950000000000000000e+02
7.030000000000000000e+02
7.070000000000000000e+02
7.480000000000000000e+02
7.530000000000000000e+02
7.680000000000000000e+02
7.700000000000000000e+02
8.010000000000000000e+02
8.500000000000000000e+02
8.590000000000000000e+02
8.610000000000000000e+02
8.730000000000000000e+02
8.850000000000000000e+02
9.070000000000000000e+02
9.190000000000000000e+02
9.270000000000000000e+02
9.520000000000000000e+02
9.580000000000000000e+02
9.720000000000000000e+02
9.730000000000000000e+02
9.830000000000000000e+02
9.860000000000000000e+02
9.940000000000000000e+02
9.980000000000000000e+02
1.002000000000000000e+03
1.003000000000000000e+03
1.060000000000000000e+03
1.063000000000000000e+03
1.067000000000000000e+03
1.071000000000000000e+03
1.080000000000000000e+03
1.084000000000000000e+03
1.091000000000000000e+03
1.115000000000000000e+03
1.120000000000000000e+03
1.153000000000000000e+03
1.183000000000000000e+03
1.194000000000000000e+03
1.204000000000000000e+03
1.220000000000000000e+03
1.226000000000000000e+03
1.228000000000000000e+03
1.241000000000000000e+03
1.248000000000000000e+03
1.265000000000000000e+03
1.273000000000000000e+03
1.286000000000000000e+03
1.311000000000000000e+03
1.316000000000000000e+03
1.326000000000000000e+03
1.340000000000000000e+03
1.345000000000000000e+03
1.351000000000000000e+03
1.361000000000000000e+03
1.370000000000000000e+03
1.403000000000000000e+03
1.441000000000000000e+03
1.465000000000000000e+03
1.527000000000000000e+03
1.543000000000000000e+03
1.564000000000000000e+03
1.566000000000000000e+03
1.571000000000000000e+03
1.587000000000000000e+03
1.596000000000000000e+03
1.599000000000000000e+03
1.626000000000000000e+03
1.679000000000000000e+03
1.693000000000000000e+03
1.718000000000000000e+03
1.720000000000000000e+03
1.753000000000000000e+03
1.763000000000000000e+03
1.773000000000000000e+03
1.784000000000000000e+03
1.787000000000000000e+03
1.839000000000000000e+03
1.854000000000000000e+03
1.891000000000000000e+03
1.921000000000000000e+03
1.927000000000000000e+03
1.946000000000000000e+03
1.957000000000000000e+03
1.974000000000000000e+03
1.984000000000000000e+03
2.032000000000000000e+03
2.061000000000000000e+03
2.096000000000000000e+03
2.116000000000000000e+03
2.121000000000000000e+03
2.123000000000000000e+03
2.156000000000000000e+03
2.159000000000000000e+03
2.173000000000000000e+03
2.180000000000000000e+03
2.209000000000000000e+03
2.212000000000000000e+03
2.249000000000000000e+03
2.289000000000000000e+03
2.293000000000000000e+03
2.333000000000000000e+03
2.342000000000000000e+03
2.347000000000000000e+03
2.368000000000000000e+03
2.415000000000000000e+03
2.421000000000000000e+03
2.424000000000000000e+03
2.434000000000000000e+03
2.436000000000000000e+03
2.444000000000000000e+03
2.460000000000000000e+03
2.469000000000000000e+03
2.498000000000000000e+03
2.510000000000000000e+03
2.540000000000000000e+03
2.545000000000000000e+03
2.565000000000000000e+03
2.584000000000000000e+03
2.591000000000000000e+03
2.622000000000000000e+03
2.633000000000000000e+03
2.642000000000000000e+03
2.649000000000000000e+03
2.674000000000000000e+03
2.697000000000000000e+03
2.718000000000000000e+03
2.722000000000000000e+03
2.743000000000000000e+03
2.753000000000000000e+03
2.771000000000000000e+03
2.776000000000000000e+03
2.792000000000000000e+03
2.822000000000000000e+03
2.826000000000000000e+03
2.856000000000000000e+03
2.861000000000000000e+03
2.898000000000000000e+03
2.918000000000000000e+03
2.956000000000000000e+03
2.984000000000000000e+03
2.997000000000000000e+03
3.002000000000000000e+03
3.013000000000000000e+03
3.020000000000000000e+03
3.025000000000000000e+03
3.029000000000000000e+03
3.039000000000000000e+03
3.058000000000000000e+03
3.069000000000000000e+03
3.074000000000000000e+03
3.075000000000000000e+03
3.077000000000000000e+03
3.113000000000000000e+03
3.130000000000000000e+03
3.136000000000000000e+03
3.141000000000000000e+03
3.158000000000000000e+03
3.180000000000000000e+03
3.181000000000000000e+03
3.210000000000000000e+03
3.217000000000000000e+03
3.256000000000000000e+03
3.258000000000000000e+03
3.266000000000000000e+03
3.268000000000000000e+03
3.307000000000000000e+03
3.325000000000000000e+03
3.346000000000000000e+03
3.348000000000000000e+03
3.373000000000000000e+03
3.396000000000000000e+03
3.399000000000000000e+03
3.436000000000000000e+03
3.536000000000000000e+03
3.543000000000000000e+03
3.551000000000000000e+03
3.622000000000000000e+03
3.623000000000000000e+03
3.651000000000000000e+03
3.677000000000000000e+03
3.679000000000000000e+03
3.738000000000000000e+03
3.779000000000000000e+03
3.787000000000000000e+03
3.788000000000000000e+03
3.806000000000000000e+03
3.824000000000000000e+03
3.855000000000000000e+03
3.915000000000000000e+03
3.917000000000000000e+03
3.957000000000000000e+03
4.043000000000000000e+03
4.060000000000000000e+03
4.073000000000000000e+03
4.077000000000000000e+03
4.082000000000000000e+03
4.093000000000000000e+03
4.094000000000000000e+03
4.102000000000000000e+03
4.109000000000000000e+03
4.110000000000000000e+03
4.115000000000000000e+03
4.152000000000000000e+03
4.164000000000000000e+03
4.181000000000000000e+03
4.182000000000000000e+03
4.216000000000000000e+03
4.278000000000000000e+03
4.311000000000000000e+03
4.312000000000000000e+03
4.317000000000000000e+03
4.328000000000000000e+03
4.343000000000000000e+03
4.357000000000000000e+03
4.361000000000000000e+03
4.368000000000000000e+03
4.375000000000000000e+03
4.405000000000000000e+03
4.418000000000000000e+03
4.422000000000000000e+03
4.425000000000000000e+03
4.426000000000000000e+03
4.443000000000000000e+03
4.518000000000000000e+03
4.524000000000000000e+03
4.527000000000000000e+03
4.530000000000000000e+03
4.533000000000000000e+03
4.536000000000000000e+03
4.540000000000000000e+03
4.551000000000000000e+03
4.587000000000000000e+03
4.588000000000000000e+03
4.636000000000000000e+03
4.666000000000000000e+03
4.675000000000000000e+03
4.690000000000000000e+03
4.693000000000000000e+03
4.698000000000000000e+03
4.699000000000000000e+03
4.705000000000000000e+03
4.706000000000000000e+03
4.709000000000000000e+03
4.716000000000000000e+03
4.730000000000000000e+03
4.739000000000000000e+03
4.745000000000000000e+03
4.758000000000000000e+03
4.759000000000000000e+03
4.766000000000000000e+03
4.809000000000000000e+03
4.818000000000000000e+03
4.856000000000000000e+03
4.894000000000000000e+03
4.908000000000000000e+03
4.924000000000000000e+03
4.932000000000000000e+03
4.946000000000000000e+03
4.973000000000000000e+03
4.991000000000000000e+03
5.001000000000000000e+03
5.009000000000000000e+03
5.011000000000000000e+03
5.014000000000000000e+03
5.068000000000000000e+03
5.083000000000000000e+03
5.091000000000000000e+03
5.124000000000000000e+03
5.127000000000000000e+03
5.152000000000000000e+03
5.177000000000000000e+03
5.184000000000000000e+03
5.215000000000000000e+03
5.260000000000000000e+03
5.263000000000000000e+03
5.265000000000000000e+03
5.269000000000000000e+03
5.275000000000000000e+03
5.291000000000000000e+03
5.333000000000000000e+03
5.340000000000000000e+03
5.388000000000000000e+03
5.422000000000000000e+03
5.436000000000000000e+03
5.458000000000000000e+03
5.502000000000000000e+03
5.506000000000000000e+03
5.534000000000000000e+03
5.538000000000000000e+03
5.544000000000000000e+03
5.548000000000000000e+03
5.556000000000000000e+03
5.610000000000000000e+03
5.628000000000000000e+03
5.692000000000000000e+03
5.710000000000000000e+03
5.712000000000000000e+03
5.717000000000000000e+03
5.735000000000000000e+03
5.746000000000000000e+03
5.753000000000000000e+03
5.762000000000000000e+03
5.771000000000000000e+03
5.805000000000000000e+03
5.819000000000000000e+03
5.820000000000000000e+03
5.828000000000000000e+03
5.839000000000000000e+03
5.851000000000000000e+03
5.854000000000000000e+03
5.882000000000000000e+03
5.914000000000000000e+03
5.942000000000000000e+03
5.974000000000000000e+03
6.004000000000000000e+03
6.011000000000000000e+03
6.030000000000000000e+03
6.053000000000000000e+03
6.072000000000000000e+03
6.077000000000000000e+03
6.096000000000000000e+03
6.108000000000000000e+03
6.109000000000000000e+03
6.121000000000000000e+03
6.173000000000000000e+03
6.196000000000000000e+03
6.197000000000000000e+03
6.292000000000000000e+03
6.317000000000000000e+03
6.354000000000000000e+03
6.361000000000000000e+03
6.387000000000000000e+03
6.390000000000000000e+03
6.400000000000000000e+03
6.404000000000000000e+03
6.405000000000000000e+03
6.407000000000000000e+03
6.409000000000000000e+03
6.426000000000000000e+03
6.438000000000000000e+03
6.440000000000000000e+03
6.449000000000000000e+03
6.452000000000000000e+03
6.486000000000000000e+03
6.491000000000000000e+03
6.535000000000000000e+03
6.546000000000000000e+03
6.547000000000000000e+03
6.582000000000000000e+03
6.696000000000000000e+03
6.720000000000000000e+03
6.732000000000000000e+03
6.738000000000000000e+03
6.776000000000000000e+03
6.781000000000000000e+03
6.792000000000000000e+03
6.793000000000000000e+03
6.799000000000000000e+03
6.803000000000000000e+03
6.824000000000000000e+03
6.835000000000000000e+03
6.845000000000000000e+03
6.864000000000000000e+03
6.867000000000000000e+03
6.872000000000000000e+03
6.873000000000000000e+03
6.900000000000000000e+03
6.923000000000000000e+03
6.931000000000000000e+03
6.956000000000000000e+03
6.976000000000000000e+03
7.014000000000000000e+03
7.015000000000000000e+03
7.023000000000000000e+03
7.027000000000000000e+03
7.028000000000000000e+03
7.051000000000000000e+03
7.079000000000000000e+03
7.116000000000000000e+03
7.166000000000000000e+03
7.167000000000000000e+03
7.183000000000000000e+03
7.249000000000000000e+03
7.283000000000000000e+03
7.314000000000000000e+03
7.383000000000000000e+03
7.425000000000000000e+03
7.427000000000000000e+03
7.502000000000000000e+03
7.521000000000000000e+03
7.536000000000000000e+03
7.552000000000000000e+03
7.586000000000000000e+03
7.591000000000000000e+03
7.610000000000000000e+03
7.622000000000000000e+03
7.651000000000000000e+03
7.661000000000000000e+03
7.679000000000000000e+03
7.719000000000000000e+03
7.748000000000000000e+03
7.758000000000000000e+03
7.773000000000000000e+03
7.782000000000000000e+03
7.801000000000000000e+03
7.832000000000000000e+03
7.922000000000000000e+03
7.966000000000000000e+03
7.976000000000000000e+03
8.010000000000000000e+03
8.027000000000000000e+03
8.034000000000000000e+03
8.062000000000000000e+03
8.071000000000000000e+03
8.081000000000000000e+03
8.122000000000000000e+03
8.151000000000000000e+03
8.163000000000000000e+03
8.184000000000000000e+03
8.185000000000000000e+03
8.193000000000000000e+03
8.198000000000000000e+03
8.199000000000000000e+03
8.223000000000000000e+03
8.232000000000000000e+03
8.249000000000000000e+03
8.266000000000000000e+03
8.300000000000000000e+03
8.316000000000000000e+03
8.361000000000000000e+03
8.371000000000000000e+03
8.395000000000000000e+03
8.407000000000000000e+03
8.415000000000000000e+03
8.428000000000000000e+03
8.444000000000000000e+03
8.454000000000000000e+03
8.467000000000000000e+03
8.484000000000000000e+03
8.492000000000000000e+03
8.496000000000000000e+03
8.542000000000000000e+03
8.546000000000000000e+03
8.561000000000000000e+03
8.570000000000000000e+03
8.579000000000000000e+03
8.599000000000000000e+03
8.601000000000000000e+03
8.620000000000000000e+03
8.646000000000000000e+03
8.650000000000000000e+03
8.663000000000000000e+03
8.671000000000000000e+03
8.707000000000000000e+03
8.709000000000000000e+03
8.725000000000000000e+03
8.782000000000000000e+03
8.790000000000000000e+03
8.809000000000000000e+03
8.816000000000000000e+03
8.819000000000000000e+03
8.823000000000000000e+03
8.830000000000000000e+03
8.840000000000000000e+03
8.887000000000000000e+03
8.888000000000000000e+03
8.925000000000000000e+03
8.937000000000000000e+03
8.942000000000000000e+03
8.945000000000000000e+03
8.953000000000000000e+03
8.970000000000000000e+03
9.005000000000000000e+03
9.006000000000000000e+03
9.009000000000000000e+03
9.026000000000000000e+03
9.077000000000000000e+03
9.081000000000000000e+03
9.091000000000000000e+03
9.093000000000000000e+03
9.110000000000000000e+03
9.120000000000000000e+03
9.135000000000000000e+03
9.153000000000000000e+03
9.161000000000000000e+03
9.191000000000000000e+03
9.201000000000000000e+03
9.219000000000000000e+03
9.247000000000000000e+03
9.254000000000000000e+03
9.303000000000000000e+03
9.306000000000000000e+03
9.310000000000000000e+03
9.320000000000000000e+03
9.322000000000000000e+03
9.342000000000000000e+03
9.358000000000000000e+03
9.417000000000000000e+03
9.445000000000000000e+03
9.446000000000000000e+03
9.452000000000000000e+03
9.453000000000000000e+03
9.472000000000000000e+03
9.477000000000000000e+03
9.501000000000000000e+03
9.508000000000000000e+03
9.512000000000000000e+03
9.516000000000000000e+03
9.543000000000000000e+03
9.566000000000000000e+03
9.625000000000000000e+03
9.627000000000000000e+03
9.651000000000000000e+03
9.652000000000000000e+03
9.658000000000000000e+03
9.659000000000000000e+03
9.662000000000000000e+03
9.673000000000000000e+03
9.674000000000000000e+03
9.691000000000000000e+03
9.703000000000000000e+03
9.716000000000000000e+03
9.743000000000000000e+03
9.773000000000000000e+03
9.799000000000000000e+03
9.822000000000000000e+03
9.844000000000000000e+03
9.849000000000000000e+03
9.853000000000000000e+03
9.917000000000000000e+03
9.927000000000000000e+03
9.951000000000000000e+03
9.957000000000000000e+03
9.998000000000000000e+03
1.000000000000000000e+04
1.001000000000000000e+04
1.001800000000000000e+04
1.005600000000000000e+04
1.006400000000000000e+04
1.006600000000000000e+04
1.007600000000000000e+04
1.009300000000000000e+04
1.017800000000000000e+04
1.018800000000000000e+04
1.020200000000000000e+04
1.020300000000000000e+04
1.021700000000000000e+04
1.023400000000000000e+04
1.024000000000000000e+04
1.024100000000000000e+04
1.028700000000000000e+04
1.031200000000000000e+04
1.031600000000000000e+04
1.032800000000000000e+04
1.033900000000000000e+04
1.035900000000000000e+04
1.036000000000000000e+04
1.036300000000000000e+04
1.036800000000000000e+04
1.036900000000000000e+04
1.037100000000000000e+04
1.042200000000000000e+04
1.042400000000000000e+04
1.044900000000000000e+04
1.045500000000000000e+04
1.053400000000000000e+04
1.053500000000000000e+04
1.054400000000000000e+04
1.055200000000000000e+04
1.055400000000000000e+04
1.057600000000000000e+04
1.060500000000000000e+04
1.060900000000000000e+04
1.063900000000000000e+04
1.064300000000000000e+04
1.064400000000000000e+04
1.067900000000000000e+04
1.069500000000000000e+04
1.074900000000000000e+04
1.076100000000000000e+04
1.085500000000000000e+04
1.086200000000000000e+04
1.087400000000000000e+04
1.089500000000000000e+04
1.093000000000000000e+04
1.093100000000000000e+04
1.099900000000000000e+04
1.101500000000000000e+04
1.102500000000000000e+04
1.105300000000000000e+04
1.106100000000000000e+04
1.106300000000000000e+04
1.109600000000000000e+04
1.113900000000000000e+04
1.114300000000000000e+04
1.114800000000000000e+04
1.119300000000000000e+04
1.119400000000000000e+04
1.123100000000000000e+04
1.123400000000000000e+04
1.123800000000000000e+04
1.126100000000000000e+04
1.130600000000000000e+04
1.131100000000000000e+04
1.134600000000000000e+04
1.137300000000000000e+04
1.138000000000000000e+04
1.138400000000000000e+04
1.139800000000000000e+04
1.142100000000000000e+04
1.144300000000000000e+04
1.144800000000000000e+04
1.145200000000000000e+04
1.145900000000000000e+04
1.146000000000000000e+04
1.146200000000000000e+04
1.147100000000000000e+04
1.147700000000000000e+04
1.147800000000000000e+04
1.150600000000000000e+04
1.151800000000000000e+04
1.152200000000000000e+04
1.155700000000000000e+04
1.156400000000000000e+04
1.157300000000000000e+04
1.157500000000000000e+04
1.165700000000000000e+04
1.166600000000000000e+04
1.168900000000000000e+04
1.169000000000000000e+04
1.169800000000000000e+04
1.170000000000000000e+04
