4.000000000000000000e+00
7.000000000000000000e+00
8.000000000000000000e+00
1.100000000000000000e+01
2.000000000000000000e+01
2.100000000000000000e+01
2.400000000000000000e+01
2.800000000000000000e+01
3.000000000000000000e+01
3.200000000000000000e+01
3.400000000000000000e+01
3.700000000000000000e+01
4.300000000000000000e+01
4.600000000000000000e+01
5.500000000000000000e+01
6.300000000000000000e+01
8.100000000000000000e+01
8.200000000000000000e+01
8.700000000000000000e+01
9.100000000000000000e+01
1.010000000000000000e+02
1.060000000000000000e+02
1.070000000000000000e+02
1.110000000000000000e+02
1.270000000000000000e+02
1.310000000000000000e+02
1.380000000000000000e+02
1.410000000000000000e+02
1.490000000000000000e+02
1.500000000000000000e+02
1.560000000000000000e+02
1.570000000000000000e+02
1.610000000000000000e+02
1.640000000000000000e+02
1.690000000000000000e+02
1.730000000000000000e+02
1.740000000000000000e+02
1.750000000000000000e+02
1.760000000000000000e+02
1.770000000000000000e+02
1.790000000000000000e+02
1.800000000000000000e+02
1.830000000000000000e+02
1.840000000000000000e+02
1.860000000000000000e+02
1.970000000000000000e+02
2.020000000000000000e+02
2.080000000000000000e+02
2.100000000000000000e+02
2.120000000000000000e+02
2.230000000000000000e+02
2.240000000000000000e+02
2.290000000000000000e+02
2.320000000000000000e+02
2.390000000000000000e+02
2.410000000000000000e+02
2.450000000000000000e+02
2.500000000000000000e+02
2.620000000000000000e+02
2.660000000000000000e+02
2.680000000000000000e+02
2.780000000000000000e+02
2.890000000000000000e+02
2.970000000000000000e+02
2.980000000000000000e+02
2.990000000000000000e+02
3.000000000000000000e+02
3.160000000000000000e+02
3.260000000000000000e+02
3.270000000000000000e+02
3.310000000000000000e+02
3.570000000000000000e+02
3.600000000000000000e+02
3.650000000000000000e+02
3.830000000000000000e+02
3.910000000000000000e+02
3.990000000000000000e+02
4.020000000000000000e+02
4.130000000000000000e+02
4.190000000000000000e+02
4.200000000000000000e+02
4.220000000000000000e+02
4.230000000000000000e+02
4.270000000000000000e+02
4.330000000000000000e+02
4.410000000000000000e+02
4.440000000000000000e+02
4.500000000000000000e+02
4.830000000000000000e+02
4.960000000000000000e+02
5.000000000000000000e+02
5.070000000000000000e+02
5.090000000000000000e+02
5.190000000000000000e+02
5.220000000000000000e+02
5.310000000000000000e+02
5.350000000000000000e+02
5.500000000000000000e+02
5.520000000000000000e+02
5.690000000000000000e+02
5.710000000000000000e+02
5.750000000000000000e+02
5.840000000000000000e+02
5.980000000000000000e+02
6.000000000000000000e+02
6.110000000000000000e+02
6.120000000000000000e+02
6.150000000000000000e+02
6.180000000000000000e+02
6.350000000000000000e+02
6.420000000000000000e+02
6.450000000000000000e+02
6.470000000000000000e+02
6.580000000000000000e+02
6.600000000000000000e+02
6.650000000000000000e+02
6.720000000000000000e+02
6.750000000000000000e+02
6.780000000000000000e+02
6.810000000000000000e+02
6.870000000000000000e+02
6.880000000000000000e+02
6.910000000000000000e+02
7.000000000000000000e+02
7.040000000000000000e+02
7.110000000000000000e+02
7.150000000000000000e+02
7.190000000000000000e+02
7.330000000000000000e+02
7.430000000000000000e+02
7.440000000000000000e+02
7.450000000000000000e+02
7.610000000000000000e+02
7.630000000000000000e+02
7.660000000000000000e+02
7.670000000000000000e+02
7.740000000000000000e+02
7.770000000000000000e+02
7.780000000000000000e+02
7.930000000000000000e+02
7.940000000000000000e+02
7.960000000000000000e+02
8.000000000000000000e+02
8.180000000000000000e+02
8.260000000000000000e+02
8.270000000000000000e+02
8.300000000000000000e+02
8.310000000000000000e+02
8.360000000000000000e+02
8.390000000000000000e+02
8.450000000000000000e+02
8.510000000000000000e+02
8.550000000000000000e+02
8.570000000000000000e+02
8.580000000000000000e+02
8.770000000000000000e+02
8.800000000000000000e+02
8.810000000000000000e+02
8.920000000000000000e+02
8.950000000000000000e+02
8.990000000000000000e+02
9.010000000000000000e+02
9.140000000000000000e+02
9.170000000000000000e+02
9.180000000000000000e+02
9.230000000000000000e+02
9.250000000000000000e+02
9.280000000000000000e+02
9.310000000000000000e+02
9.390000000000000000e+02
9.430000000000000000e+02
9.530000000000000000e+02
9.570000000000000000e+02
9.590000000000000000e+02
9.710000000000000000e+02
9.840000000000000000e+02
9.880000000000000000e+02
9.910000000000000000e+02
9.970000000000000000e+02
9.990000000000000000e+02
1.006000000000000000e+03
1.012000000000000000e+03
1.013000000000000000e+03
1.015000000000000000e+03
1.017000000000000000e+03
1.020000000000000000e+03
1.024000000000000000e+03
1.046000000000000000e+03
1.052000000000000000e+03
1.054000000000000000e+03
1.059000000000000000e+03
1.066000000000000000e+03
1.069000000000000000e+03
1.070000000000000000e+03
1.087000000000000000e+03
1.088000000000000000e+03
1.093000000000000000e+03
1.094000000000000000e+03
1.103000000000000000e+03
1.105000000000000000e+03
1.108000000000000000e+03
1.111000000000000000e+03
1.113000000000000000e+03
1.114000000000000000e+03
1.139000000000000000e+03
1.140000000000000000e+03
1.143000000000000000e+03
1.151000000000000000e+03
1.155000000000000000e+03
1.161000000000000000e+03
1.163000000000000000e+03
1.169000000000000000e+03
1.171000000000000000e+03
1.172000000000000000e+03
1.173000000000000000e+03
1.179000000000000000e+03
1.182000000000000000e+03
1.187000000000000000e+03
1.189000000000000000e+03
1.196000000000000000e+03
1.208000000000000000e+03
1.225000000000000000e+03
1.232000000000000000e+03
1.242000000000000000e+03
1.245000000000000000e+03
1.249000000000000000e+03
1.251000000000000000e+03
1.254000000000000000e+03
1.266000000000000000e+03
1.271000000000000000e+03
1.272000000000000000e+03
1.275000000000000000e+03
1.279000000000000000e+03
1.299000000000000000e+03
1.305000000000000000e+03
1.310000000000000000e+03
1.312000000000000000e+03
1.315000000000000000e+03
1.317000000000000000e+03
1.318000000000000000e+03
1.319000000000000000e+03
1.330000000000000000e+03
1.331000000000000000e+03
1.337000000000000000e+03
1.342000000000000000e+03
1.344000000000000000e+03
1.350000000000000000e+03
1.355000000000000000e+03
1.364000000000000000e+03
1.368000000000000000e+03
1.369000000000000000e+03
1.372000000000000000e+03
1.373000000000000000e+03
1.381000000000000000e+03
1.393000000000000000e+03
1.413000000000000000e+03
1.417000000000000000e+03
1.419000000000000000e+03
1.429000000000000000e+03
1.432000000000000000e+03
1.436000000000000000e+03
1.440000000000000000e+03
1.451000000000000000e+03
1.452000000000000000e+03
1.453000000000000000e+03
1.466000000000000000e+03
1.472000000000000000e+03
1.473000000000000000e+03
1.474000000000000000e+03
1.475000000000000000e+03
1.479000000000000000e+03
1.493000000000000000e+03
1.494000000000000000e+03
1.495000000000000000e+03
1.504000000000000000e+03
1.505000000000000000e+03
1.511000000000000000e+03
1.514000000000000000e+03
1.519000000000000000e+03
1.525000000000000000e+03
1.528000000000000000e+03
1.529000000000000000e+03
1.532000000000000000e+03
1.540000000000000000e+03
1.544000000000000000e+03
1.545000000000000000e+03
1.547000000000000000e+03
1.554000000000000000e+03
1.557000000000000000e+03
1.567000000000000000e+03
1.573000000000000000e+03
1.585000000000000000e+03
1.588000000000000000e+03
1.589000000000000000e+03
1.597000000000000000e+03
1.601000000000000000e+03
1.608000000000000000e+03
1.622000000000000000e+03
1.625000000000000000e+03
1.627000000000000000e+03
1.629000000000000000e+03
1.639000000000000000e+03
1.640000000000000000e+03
1.645000000000000000e+03
1.653000000000000000e+03
1.654000000000000000e+03
1.662000000000000000e+03
1.665000000000000000e+03
1.667000000000000000e+03
1.681000000000000000e+03
1.688000000000000000e+03
1.690000000000000000e+03
1.692000000000000000e+03
1.708000000000000000e+03
1.709000000000000000e+03
1.711000000000000000e+03
1.714000000000000000e+03
1.727000000000000000e+03
1.745000000000000000e+03
1.746000000000000000e+03
1.754000000000000000e+03
1.758000000000000000e+03
1.762000000000000000e+03
1.764000000000000000e+03
1.771000000000000000e+03
1.781000000000000000e+03
1.792000000000000000e+03
1.797000000000000000e+03
1.803000000000000000e+03
1.811000000000000000e+03
1.814000000000000000e+03
1.815000000000000000e+03
1.827000000000000000e+03
1.829000000000000000e+03
1.838000000000000000e+03
1.843000000000000000e+03
1.845000000000000000e+03
1.847000000000000000e+03
1.858000000000000000e+03
1.861000000000000000e+03
1.873000000000000000e+03
1.875000000000000000e+03
1.881000000000000000e+03
1.882000000000000000e+03
1.886000000000000000e+03
1.888000000000000000e+03
1.892000000000000000e+03
1.896000000000000000e+03
1.897000000000000000e+03
1.898000000000000000e+03
1.899000000000000000e+03
1.905000000000000000e+03
1.907000000000000000e+03
1.912000000000000000e+03
1.914000000000000000e+03
1.918000000000000000e+03
1.925000000000000000e+03
1.926000000000000000e+03
1.928000000000000000e+03
1.930000000000000000e+03
1.934000000000000000e+03
1.938000000000000000e+03
1.941000000000000000e+03
1.945000000000000000e+03
1.961000000000000000e+03
1.965000000000000000e+03
1.970000000000000000e+03
1.975000000000000000e+03
1.979000000000000000e+03
1.980000000000000000e+03
1.986000000000000000e+03
1.992000000000000000e+03
1.994000000000000000e+03
2.005000000000000000e+03
2.007000000000000000e+03
2.018000000000000000e+03
2.020000000000000000e+03
2.041000000000000000e+03
2.047000000000000000e+03
2.049000000000000000e+03
2.053000000000000000e+03
2.060000000000000000e+03
2.067000000000000000e+03
2.074000000000000000e+03
2.075000000000000000e+03
2.080000000000000000e+03
2.082000000000000000e+03
2.084000000000000000e+03
2.087000000000000000e+03
2.090000000000000000e+03
2.092000000000000000e+03
2.099000000000000000e+03
2.110000000000000000e+03
2.114000000000000000e+03
2.118000000000000000e+03
2.122000000000000000e+03
2.128000000000000000e+03
2.143000000000000000e+03
2.147000000000000000e+03
2.148000000000000000e+03
2.151000000000000000e+03
2.154000000000000000e+03
2.158000000000000000e+03
2.162000000000000000e+03
2.164000000000000000e+03
2.175000000000000000e+03
2.187000000000000000e+03
2.188000000000000000e+03
2.189000000000000000e+03
2.190000000000000000e+03
2.192000000000000000e+03
2.202000000000000000e+03
2.213000000000000000e+03
2.214000000000000000e+03
2.218000000000000000e+03
2.219000000000000000e+03
2.227000000000000000e+03
2.229000000000000000e+03
2.231000000000000000e+03
2.238000000000000000e+03
2.240000000000000000e+03
2.251000000000000000e+03
2.257000000000000000e+03
2.260000000000000000e+03
2.261000000000000000e+03
2.262000000000000000e+03
2.265000000000000000e+03
2.274000000000000000e+03
2.275000000000000000e+03
2.276000000000000000e+03
2.300000000000000000e+03
2.305000000000000000e+03
2.315000000000000000e+03
2.323000000000000000e+03
2.324000000000000000e+03
2.325000000000000000e+03
2.330000000000000000e+03
2.341000000000000000e+03
2.343000000000000000e+03
2.354000000000000000e+03
2.357000000000000000e+03
2.358000000000000000e+03
2.360000000000000000e+03
2.367000000000000000e+03
2.370000000000000000e+03
2.403000000000000000e+03
2.405000000000000000e+03
2.409000000000000000e+03
2.416000000000000000e+03
2.419000000000000000e+03
2.423000000000000000e+03
2.425000000000000000e+03
2.426000000000000000e+03
2.428000000000000000e+03
2.429000000000000000e+03
2.437000000000000000e+03
2.446000000000000000e+03
2.447000000000000000e+03
2.451000000000000000e+03
2.461000000000000000e+03
2.464000000000000000e+03
2.470000000000000000e+03
2.472000000000000000e+03
2.483000000000000000e+03
2.484000000000000000e+03
2.494000000000000000e+03
2.508000000000000000e+03
2.527000000000000000e+03
2.528000000000000000e+03
2.534000000000000000e+03
2.538000000000000000e+03
2.539000000000000000e+03
2.542000000000000000e+03
2.554000000000000000e+03
2.558000000000000000e+03
2.563000000000000000e+03
2.567000000000000000e+03
2.580000000000000000e+03
2.587000000000000000e+03
2.588000000000000000e+03
2.601000000000000000e+03
2.607000000000000000e+03
2.611000000000000000e+03
2.628000000000000000e+03
2.629000000000000000e+03
2.634000000000000000e+03
2.636000000000000000e+03
2.643000000000000000e+03
2.648000000000000000e+03
2.654000000000000000e+03
2.656000000000000000e+03
2.661000000000000000e+03
2.664000000000000000e+03
2.675000000000000000e+03
2.677000000000000000e+03
2.678000000000000000e+03
2.683000000000000000e+03
2.690000000000000000e+03
2.699000000000000000e+03
2.705000000000000000e+03
2.709000000000000000e+03
2.712000000000000000e+03
2.714000000000000000e+03
2.716000000000000000e+03
2.717000000000000000e+03
2.721000000000000000e+03
2.725000000000000000e+03
2.732000000000000000e+03
2.733000000000000000e+03
2.734000000000000000e+03
2.737000000000000000e+03
2.742000000000000000e+03
2.747000000000000000e+03
2.750000000000000000e+03
2.754000000000000000e+03
2.756000000000000000e+03
2.758000000000000000e+03
2.779000000000000000e+03
2.796000000000000000e+03
2.800000000000000000e+03
2.801000000000000000e+03
2.807000000000000000e+03
2.812000000000000000e+03
2.815000000000000000e+03
2.818000000000000000e+03
2.823000000000000000e+03
2.824000000000000000e+03
2.837000000000000000e+03
2.857000000000000000e+03
2.859000000000000000e+03
2.865000000000000000e+03
2.870000000000000000e+03
2.876000000000000000e+03
2.878000000000000000e+03
2.879000000000000000e+03
2.889000000000000000e+03
2.897000000000000000e+03
2.900000000000000000e+03
2.902000000000000000e+03
2.906000000000000000e+03
2.907000000000000000e+03
2.917000000000000000e+03
2.924000000000000000e+03
2.926000000000000000e+03
2.928000000000000000e+03
2.931000000000000000e+03
2.932000000000000000e+03
2.945000000000000000e+03
2.953000000000000000e+03
2.957000000000000000e+03
2.958000000000000000e+03
2.961000000000000000e+03
2.969000000000000000e+03
2.973000000000000000e+03
2.975000000000000000e+03
2.976000000000000000e+03
3.007000000000000000e+03
3.021000000000000000e+03
3.026000000000000000e+03
3.032000000000000000e+03
3.041000000000000000e+03
3.044000000000000000e+03
3.047000000000000000e+03
3.054000000000000000e+03
3.065000000000000000e+03
3.072000000000000000e+03
3.084000000000000000e+03
3.088000000000000000e+03
3.092000000000000000e+03
3.093000000000000000e+03
3.099000000000000000e+03
3.106000000000000000e+03
3.111000000000000000e+03
3.112000000000000000e+03
3.116000000000000000e+03
3.125000000000000000e+03
3.128000000000000000e+03
3.135000000000000000e+03
3.139000000000000000e+03
3.145000000000000000e+03
3.154000000000000000e+03
3.155000000000000000e+03
3.161000000000000000e+03
3.163000000000000000e+03
3.172000000000000000e+03
3.178000000000000000e+03
3.192000000000000000e+03
3.201000000000000000e+03
3.213000000000000000e+03
3.223000000000000000e+03
3.225000000000000000e+03
3.234000000000000000e+03
3.242000000000000000e+03
3.243000000000000000e+03
3.252000000000000000e+03
3.262000000000000000e+03
3.270000000000000000e+03
3.271000000000000000e+03
3.290000000000000000e+03
3.298000000000000000e+03
3.305000000000000000e+03
3.309000000000000000e+03
3.310000000000000000e+03
3.320000000000000000e+03
3.329000000000000000e+03
3.333000000000000000e+03
3.337000000000000000e+03
3.342000000000000000e+03
3.345000000000000000e+03
3.347000000000000000e+03
3.353000000000000000e+03
3.354000000000000000e+03
3.356000000000000000e+03
3.360000000000000000e+03
3.361000000000000000e+03
3.372000000000000000e+03
3.377000000000000000e+03
3.381000000000000000e+03
3.382000000000000000e+03
3.390000000000000000e+03
3.391000000000000000e+03
3.392000000000000000e+03
3.395000000000000000e+03
3.417000000000000000e+03
3.419000000000000000e+03
3.423000000000000000e+03
3.433000000000000000e+03
3.440000000000000000e+03
3.447000000000000000e+03
3.452000000000000000e+03
3.455000000000000000e+03
3.456000000000000000e+03
3.461000000000000000e+03
3.473000000000000000e+03
3.476000000000000000e+03
3.477000000000000000e+03
3.480000000000000000e+03
3.482000000000000000e+03
3.484000000000000000e+03
3.490000000000000000e+03
3.495000000000000000e+03
3.500000000000000000e+03
3.503000000000000000e+03
3.505000000000000000e+03
3.506000000000000000e+03
3.508000000000000000e+03
3.516000000000000000e+03
3.520000000000000000e+03
3.521000000000000000e+03
3.523000000000000000e+03
3.525000000000000000e+03
3.528000000000000000e+03
3.532000000000000000e+03
3.544000000000000000e+03
3.549000000000000000e+03
3.552000000000000000e+03
3.555000000000000000e+03
3.559000000000000000e+03
3.566000000000000000e+03
3.581000000000000000e+03
3.590000000000000000e+03
3.595000000000000000e+03
3.599000000000000000e+03
3.604000000000000000e+03
3.612000000000000000e+03
3.616000000000000000e+03
3.619000000000000000e+03
3.620000000000000000e+03
3.625000000000000000e+03
3.629000000000000000e+03
3.643000000000000000e+03
3.645000000000000000e+03
3.652000000000000000e+03
3.653000000000000000e+03
3.657000000000000000e+03
3.671000000000000000e+03
3.673000000000000000e+03
3.683000000000000000e+03
3.700000000000000000e+03
3.701000000000000000e+03
3.703000000000000000e+03
3.704000000000000000e+03
3.709000000000000000e+03
3.711000000000000000e+03
3.724000000000000000e+03
3.726000000000000000e+03
3.730000000000000000e+03
3.732000000000000000e+03
3.739000000000000000e+03
3.741000000000000000e+03
3.757000000000000000e+03
3.759000000000000000e+03
3.774000000000000000e+03
3.781000000000000000e+03
3.785000000000000000e+03
3.786000000000000000e+03
3.789000000000000000e+03
3.796000000000000000e+03
3.807000000000000000e+03
3.810000000000000000e+03
3.814000000000000000e+03
3.825000000000000000e+03
3.843000000000000000e+03
3.845000000000000000e+03
3.851000000000000000e+03
3.852000000000000000e+03
3.858000000000000000e+03
3.867000000000000000e+03
3.880000000000000000e+03
3.885000000000000000e+03
3.887000000000000000e+03
3.896000000000000000e+03
3.897000000000000000e+03
3.908000000000000000e+03
3.924000000000000000e+03
3.930000000000000000e+03
3.933000000000000000e+03
3.937000000000000000e+03
3.941000000000000000e+03
3.942000000000000000e+03
3.944000000000000000e+03
3.955000000000000000e+03
3.956000000000000000e+03
3.962000000000000000e+03
3.964000000000000000e+03
3.972000000000000000e+03
3.981000000000000000e+03
3.982000000000000000e+03
3.984000000000000000e+03
3.991000000000000000e+03
3.994000000000000000e+03
3.996000000000000000e+03
4.007000000000000000e+03
4.008000000000000000e+03
4.016000000000000000e+03
4.022000000000000000e+03
4.023000000000000000e+03
4.027000000000000000e+03
4.032000000000000000e+03
4.037000000000000000e+03
4.041000000000000000e+03
4.049000000000000000e+03
4.054000000000000000e+03
4.062000000000000000e+03
4.063000000000000000e+03
4.067000000000000000e+03
4.080000000000000000e+03
4.081000000000000000e+03
4.083000000000000000e+03
4.086000000000000000e+03
4.087000000000000000e+03
4.099000000000000000e+03
4.100000000000000000e+03
4.105000000000000000e+03
4.117000000000000000e+03
4.118000000000000000e+03
4.119000000000000000e+03
4.128000000000000000e+03
4.133000000000000000e+03
4.140000000000000000e+03
4.159000000000000000e+03
4.163000000000000000e+03
4.165000000000000000e+03
4.168000000000000000e+03
4.198000000000000000e+03
4.206000000000000000e+03
4.212000000000000000e+03
4.221000000000000000e+03
4.224000000000000000e+03
4.232000000000000000e+03
4.240000000000000000e+03
4.242000000000000000e+03
4.245000000000000000e+03
4.247000000000000000e+03
4.249000000000000000e+03
4.250000000000000000e+03
4.253000000000000000e+03
4.262000000000000000e+03
4.272000000000000000e+03
4.275000000000000000e+03
4.287000000000000000e+03
4.295000000000000000e+03
4.299000000000000000e+03
4.303000000000000000e+03
4.304000000000000000e+03
4.313000000000000000e+03
4.314000000000000000e+03
4.319000000000000000e+03
4.323000000000000000e+03
4.325000000000000000e+03
4.330000000000000000e+03
4.342000000000000000e+03
4.344000000000000000e+03
4.348000000000000000e+03
4.366000000000000000e+03
4.373000000000000000e+03
4.374000000000000000e+03
4.379000000000000000e+03
4.382000000000000000e+03
4.389000000000000000e+03
4.403000000000000000e+03
4.404000000000000000e+03
4.408000000000000000e+03
4.414000000000000000e+03
4.420000000000000000e+03
4.421000000000000000e+03
4.430000000000000000e+03
4.435000000000000000e+03
4.436000000000000000e+03
4.445000000000000000e+03
4.448000000000000000e+03
4.453000000000000000e+03
4.456000000000000000e+03
4.460000000000000000e+03
4.462000000000000000e+03
4.464000000000000000e+03
4.467000000000000000e+03
4.471000000000000000e+03
4.475000000000000000e+03
4.478000000000000000e+03
4.480000000000000000e+03
4.487000000000000000e+03
4.488000000000000000e+03
4.489000000000000000e+03
4.494000000000000000e+03
4.496000000000000000e+03
4.497000000000000000e+03
4.498000000000000000e+03
4.500000000000000000e+03
4.503000000000000000e+03
4.511000000000000000e+03
4.517000000000000000e+03
4.522000000000000000e+03
4.547000000000000000e+03
4.549000000000000000e+03
4.552000000000000000e+03
4.554000000000000000e+03
4.555000000000000000e+03
4.556000000000000000e+03
4.558000000000000000e+03
4.559000000000000000e+03
4.562000000000000000e+03
4.566000000000000000e+03
4.568000000000000000e+03
4.573000000000000000e+03
4.575000000000000000e+03
4.579000000000000000e+03
4.582000000000000000e+03
4.583000000000000000e+03
4.584000000000000000e+03
4.585000000000000000e+03
4.595000000000000000e+03
4.600000000000000000e+03
4.602000000000000000e+03
4.605000000000000000e+03
4.617000000000000000e+03
4.625000000000000000e+03
4.626000000000000000e+03
4.639000000000000000e+03
4.644000000000000000e+03
4.648000000000000000e+03
4.649000000000000000e+03
4.654000000000000000e+03
4.659000000000000000e+03
4.663000000000000000e+03
4.672000000000000000e+03
4.677000000000000000e+03
4.678000000000000000e+03
4.681000000000000000e+03
4.689000000000000000e+03
4.703000000000000000e+03
4.715000000000000000e+03
4.718000000000000000e+03
4.719000000000000000e+03
4.722000000000000000e+03
4.725000000000000000e+03
4.732000000000000000e+03
4.733000000000000000e+03
4.749000000000000000e+03
4.752000000000000000e+03
4.753000000000000000e+03
4.755000000000000000e+03
4.756000000000000000e+03
4.760000000000000000e+03
4.765000000000000000e+03
4.784000000000000000e+03
4.789000000000000000e+03
4.798000000000000000e+03
4.806000000000000000e+03
4.813000000000000000e+03
4.814000000000000000e+03
4.820000000000000000e+03
4.826000000000000000e+03
4.830000000000000000e+03
4.834000000000000000e+03
4.843000000000000000e+03
4.848000000000000000e+03
4.860000000000000000e+03
4.863000000000000000e+03
4.873000000000000000e+03
4.875000000000000000e+03
4.876000000000000000e+03
4.882000000000000000e+03
4.883000000000000000e+03
4.889000000000000000e+03
4.892000000000000000e+03
4.895000000000000000e+03
4.896000000000000000e+03
4.898000000000000000e+03
4.903000000000000000e+03
4.904000000000000000e+03
4.905000000000000000e+03
4.912000000000000000e+03
4.914000000000000000e+03
4.936000000000000000e+03
4.937000000000000000e+03
4.940000000000000000e+03
4.941000000000000000e+03
4.945000000000000000e+03
4.948000000000000000e+03
4.953000000000000000e+03
4.956000000000000000e+03
4.965000000000000000e+03
4.972000000000000000e+03
4.975000000000000000e+03
4.986000000000000000e+03
4.988000000000000000e+03
4.990000000000000000e+03
4.994000000000000000e+03
5.002000000000000000e+03
5.007000000000000000e+03
5.010000000000000000e+03
5.012000000000000000e+03
5.018000000000000000e+03
5.024000000000000000e+03
5.025000000000000000e+03
5.057000000000000000e+03
5.060000000000000000e+03
5.069000000000000000e+03
5.077000000000000000e+03
5.087000000000000000e+03
5.089000000000000000e+03
5.108000000000000000e+03
5.111000000000000000e+03
5.117000000000000000e+03
5.125000000000000000e+03
5.131000000000000000e+03
5.133000000000000000e+03
5.135000000000000000e+03
5.136000000000000000e+03
5.153000000000000000e+03
5.169000000000000000e+03
5.172000000000000000e+03
5.173000000000000000e+03
5.174000000000000000e+03
5.176000000000000000e+03
5.178000000000000000e+03
5.180000000000000000e+03
5.183000000000000000e+03
5.186000000000000000e+03
5.189000000000000000e+03
5.192000000000000000e+03
5.195000000000000000e+03
5.216000000000000000e+03
5.217000000000000000e+03
5.226000000000000000e+03
5.229000000000000000e+03
5.245000000000000000e+03
5.246000000000000000e+03
5.252000000000000000e+03
5.254000000000000000e+03
5.261000000000000000e+03
5.281000000000000000e+03
5.282000000000000000e+03
5.284000000000000000e+03
5.305000000000000000e+03
5.308000000000000000e+03
5.310000000000000000e+03
5.322000000000000000e+03
5.325000000000000000e+03
5.327000000000000000e+03
5.331000000000000000e+03
5.334000000000000000e+03
5.337000000000000000e+03
5.341000000000000000e+03
5.349000000000000000e+03
5.351000000000000000e+03
5.353000000000000000e+03
5.366000000000000000e+03
5.373000000000000000e+03
5.385000000000000000e+03
5.389000000000000000e+03
5.392000000000000000e+03
5.404000000000000000e+03
5.407000000000000000e+03
5.411000000000000000e+03
5.423000000000000000e+03
5.424000000000000000e+03
5.426000000000000000e+03
5.427000000000000000e+03
5.433000000000000000e+03
5.434000000000000000e+03
5.435000000000000000e+03
5.446000000000000000e+03
5.473000000000000000e+03
5.475000000000000000e+03
5.479000000000000000e+03
5.487000000000000000e+03
5.490000000000000000e+03
5.491000000000000000e+03
5.495000000000000000e+03
5.512000000000000000e+03
5.516000000000000000e+03
5.530000000000000000e+03
5.536000000000000000e+03
5.539000000000000000e+03
5.540000000000000000e+03
5.542000000000000000e+03
5.545000000000000000e+03
5.547000000000000000e+03
5.563000000000000000e+03
5.568000000000000000e+03
5.573000000000000000e+03
5.574000000000000000e+03
5.575000000000000000e+03
5.577000000000000000e+03
5.579000000000000000e+03
5.586000000000000000e+03
5.589000000000000000e+03
5.591000000000000000e+03
5.608000000000000000e+03
5.621000000000000000e+03
5.624000000000000000e+03
5.631000000000000000e+03
5.636000000000000000e+03
5.646000000000000000e+03
5.665000000000000000e+03
5.675000000000000000e+03
5.682000000000000000e+03
5.690000000000000000e+03
5.693000000000000000e+03
5.701000000000000000e+03
5.722000000000000000e+03
5.726000000000000000e+03
5.752000000000000000e+03
5.757000000000000000e+03
5.764000000000000000e+03
5.766000000000000000e+03
5.774000000000000000e+03
5.776000000000000000e+03
5.777000000000000000e+03
5.780000000000000000e+03
5.811000000000000000e+03
5.812000000000000000e+03
5.813000000000000000e+03
5.818000000000000000e+03
5.835000000000000000e+03
5.860000000000000000e+03
5.865000000000000000e+03
5.866000000000000000e+03
5.868000000000000000e+03
5.870000000000000000e+03
5.877000000000000000e+03
5.886000000000000000e+03
5.887000000000000000e+03
5.891000000000000000e+03
5.893000000000000000e+03
5.902000000000000000e+03
5.918000000000000000e+03
5.924000000000000000e+03
5.935000000000000000e+03
5.971000000000000000e+03
5.973000000000000000e+03
5.981000000000000000e+03
5.986000000000000000e+03
6.000000000000000000e+03
6.005000000000000000e+03
6.017000000000000000e+03
6.019000000000000000e+03
6.024000000000000000e+03
6.031000000000000000e+03
6.040000000000000000e+03
6.043000000000000000e+03
6.051000000000000000e+03
6.059000000000000000e+03
6.064000000000000000e+03
6.066000000000000000e+03
6.076000000000000000e+03
6.080000000000000000e+03
6.081000000000000000e+03
6.091000000000000000e+03
6.092000000000000000e+03
6.094000000000000000e+03
6.097000000000000000e+03
6.098000000000000000e+03
6.099000000000000000e+03
6.105000000000000000e+03
6.110000000000000000e+03
6.122000000000000000e+03
6.131000000000000000e+03
6.136000000000000000e+03
6.141000000000000000e+03
6.149000000000000000e+03
6.159000000000000000e+03
6.162000000000000000e+03
6.164000000000000000e+03
6.169000000000000000e+03
6.170000000000000000e+03
6.177000000000000000e+03
6.195000000000000000e+03
6.204000000000000000e+03
6.209000000000000000e+03
6.211000000000000000e+03
6.220000000000000000e+03
6.224000000000000000e+03
6.232000000000000000e+03
6.241000000000000000e+03
6.246000000000000000e+03
6.254000000000000000e+03
6.261000000000000000e+03
6.262000000000000000e+03
6.269000000000000000e+03
6.272000000000000000e+03
6.282000000000000000e+03
6.288000000000000000e+03
6.297000000000000000e+03
6.303000000000000000e+03
6.305000000000000000e+03
6.308000000000000000e+03
6.312000000000000000e+03
6.316000000000000000e+03
6.323000000000000000e+03
6.324000000000000000e+03
6.326000000000000000e+03
6.337000000000000000e+03
6.343000000000000000e+03
6.344000000000000000e+03
6.347000000000000000e+03
6.350000000000000000e+03
6.360000000000000000e+03
6.364000000000000000e+03
6.368000000000000000e+03
6.372000000000000000e+03
6.373000000000000000e+03
6.382000000000000000e+03
6.402000000000000000e+03
6.410000000000000000e+03
6.423000000000000000e+03
6.425000000000000000e+03
6.430000000000000000e+03
6.431000000000000000e+03
6.439000000000000000e+03
6.443000000000000000e+03
6.454000000000000000e+03
6.455000000000000000e+03
6.466000000000000000e+03
6.471000000000000000e+03
6.472000000000000000e+03
6.473000000000000000e+03
6.474000000000000000e+03
6.475000000000000000e+03
6.481000000000000000e+03
6.484000000000000000e+03
6.488000000000000000e+03
6.496000000000000000e+03
6.497000000000000000e+03
6.504000000000000000e+03
6.509000000000000000e+03
6.513000000000000000e+03
6.516000000000000000e+03
6.520000000000000000e+03
6.538000000000000000e+03
6.550000000000000000e+03
6.560000000000000000e+03
6.561000000000000000e+03
6.562000000000000000e+03
6.563000000000000000e+03
6.569000000000000000e+03
6.572000000000000000e+03
6.578000000000000000e+03
6.579000000000000000e+03
6.586000000000000000e+03
6.588000000000000000e+03
6.592000000000000000e+03
6.593000000000000000e+03
6.599000000000000000e+03
6.604000000000000000e+03
6.606000000000000000e+03
6.609000000000000000e+03
6.621000000000000000e+03
6.635000000000000000e+03
6.636000000000000000e+03
6.643000000000000000e+03
6.644000000000000000e+03
6.645000000000000000e+03
6.646000000000000000e+03
6.648000000000000000e+03
6.653000000000000000e+03
6.665000000000000000e+03
6.667000000000000000e+03
6.668000000000000000e+03
6.679000000000000000e+03
6.683000000000000000e+03
6.684000000000000000e+03
6.698000000000000000e+03
6.699000000000000000e+03
6.707000000000000000e+03
6.708000000000000000e+03
6.712000000000000000e+03
6.728000000000000000e+03
6.749000000000000000e+03
6.750000000000000000e+03
6.752000000000000000e+03
6.754000000000000000e+03
6.755000000000000000e+03
6.757000000000000000e+03
6.762000000000000000e+03
6.766000000000000000e+03
6.773000000000000000e+03
6.786000000000000000e+03
6.814000000000000000e+03
6.816000000000000000e+03
6.823000000000000000e+03
6.834000000000000000e+03
6.842000000000000000e+03
6.863000000000000000e+03
6.876000000000000000e+03
6.885000000000000000e+03
6.888000000000000000e+03
6.902000000000000000e+03
6.903000000000000000e+03
6.905000000000000000e+03
6.907000000000000000e+03
6.916000000000000000e+03
6.917000000000000000e+03
6.928000000000000000e+03
6.937000000000000000e+03
6.938000000000000000e+03
6.945000000000000000e+03
6.954000000000000000e+03
6.975000000000000000e+03
6.980000000000000000e+03
6.989000000000000000e+03
7.012000000000000000e+03
7.016000000000000000e+03
7.024000000000000000e+03
7.025000000000000000e+03
7.030000000000000000e+03
7.034000000000000000e+03
7.035000000000000000e+03
7.037000000000000000e+03
7.040000000000000000e+03
7.044000000000000000e+03
7.056000000000000000e+03
7.059000000000000000e+03
7.066000000000000000e+03
7.073000000000000000e+03
7.075000000000000000e+03
7.084000000000000000e+03
7.089000000000000000e+03
7.090000000000000000e+03
7.091000000000000000e+03
7.095000000000000000e+03
7.096000000000000000e+03
7.098000000000000000e+03
7.103000000000000000e+03
7.107000000000000000e+03
7.117000000000000000e+03
7.119000000000000000e+03
7.121000000000000000e+03
7.124000000000000000e+03
7.127000000000000000e+03
7.135000000000000000e+03
7.137000000000000000e+03
7.145000000000000000e+03
7.150000000000000000e+03
7.153000000000000000e+03
7.156000000000000000e+03
7.160000000000000000e+03
7.161000000000000000e+03
7.174000000000000000e+03
7.178000000000000000e+03
7.192000000000000000e+03
7.199000000000000000e+03
7.206000000000000000e+03
7.210000000000000000e+03
7.222000000000000000e+03
7.227000000000000000e+03
7.228000000000000000e+03
7.251000000000000000e+03
7.257000000000000000e+03
7.260000000000000000e+03
7.265000000000000000e+03
7.268000000000000000e+03
7.275000000000000000e+03
7.289000000000000000e+03
7.295000000000000000e+03
7.304000000000000000e+03
7.322000000000000000e+03
7.327000000000000000e+03
7.328000000000000000e+03
7.336000000000000000e+03
7.337000000000000000e+03
7.345000000000000000e+03
7.348000000000000000e+03
7.354000000000000000e+03
7.362000000000000000e+03
7.365000000000000000e+03
7.368000000000000000e+03
7.369000000000000000e+03
7.380000000000000000e+03
7.388000000000000000e+03
7.402000000000000000e+03
7.404000000000000000e+03
7.413000000000000000e+03
7.416000000000000000e+03
7.418000000000000000e+03
7.424000000000000000e+03
7.436000000000000000e+03
7.437000000000000000e+03
7.440000000000000000e+03
7.441000000000000000e+03
7.449000000000000000e+03
7.454000000000000000e+03
7.458000000000000000e+03
7.464000000000000000e+03
7.465000000000000000e+03
7.467000000000000000e+03
7.482000000000000000e+03
7.491000000000000000e+03
7.503000000000000000e+03
7.510000000000000000e+03
7.515000000000000000e+03
7.520000000000000000e+03
7.522000000000000000e+03
7.525000000000000000e+03
7.526000000000000000e+03
7.527000000000000000e+03
7.528000000000000000e+03
7.530000000000000000e+03
7.541000000000000000e+03
7.542000000000000000e+03
7.545000000000000000e+03
7.547000000000000000e+03
7.553000000000000000e+03
7.556000000000000000e+03
7.557000000000000000e+03
7.559000000000000000e+03
7.560000000000000000e+03
7.563000000000000000e+03
7.564000000000000000e+03
7.568000000000000000e+03
7.574000000000000000e+03
7.578000000000000000e+03
7.583000000000000000e+03
7.600000000000000000e+03
7.601000000000000000e+03
7.605000000000000000e+03
7.606000000000000000e+03
7.618000000000000000e+03
7.619000000000000000e+03
7.620000000000000000e+03
7.623000000000000000e+03
7.624000000000000000e+03
7.633000000000000000e+03
7.635000000000000000e+03
7.639000000000000000e+03
7.643000000000000000e+03
7.652000000000000000e+03
7.659000000000000000e+03
7.668000000000000000e+03
7.680000000000000000e+03
7.686000000000000000e+03
7.688000000000000000e+03
7.692000000000000000e+03
7.703000000000000000e+03
7.710000000000000000e+03
7.717000000000000000e+03
7.725000000000000000e+03
7.729000000000000000e+03
7.730000000000000000e+03
7.731000000000000000e+03
7.735000000000000000e+03
7.739000000000000000e+03
7.740000000000000000e+03
7.741000000000000000e+03
7.759000000000000000e+03
7.778000000000000000e+03
7.781000000000000000e+03
7.786000000000000000e+03
7.787000000000000000e+03
7.791000000000000000e+03
7.794000000000000000e+03
7.798000000000000000e+03
7.804000000000000000e+03
7.809000000000000000e+03
7.827000000000000000e+03
7.828000000000000000e+03
7.829000000000000000e+03
7.834000000000000000e+03
7.843000000000000000e+03
7.851000000000000000e+03
7.853000000000000000e+03
7.855000000000000000e+03
7.856000000000000000e+03
7.873000000000000000e+03
7.886000000000000000e+03
7.887000000000000000e+03
7.893000000000000000e+03
7.898000000000000000e+03
7.899000000000000000e+03
7.927000000000000000e+03
7.929000000000000000e+03
7.936000000000000000e+03
7.948000000000000000e+03
7.949000000000000000e+03
7.955000000000000000e+03
7.957000000000000000e+03
7.960000000000000000e+03
7.979000000000000000e+03
7.989000000000000000e+03
7.990000000000000000e+03
7.994000000000000000e+03
7.996000000000000000e+03
8.017000000000000000e+03
8.022000000000000000e+03
8.023000000000000000e+03
8.024000000000000000e+03
8.032000000000000000e+03
8.038000000000000000e+03
8.042000000000000000e+03
8.045000000000000000e+03
8.047000000000000000e+03
8.050000000000000000e+03
8.053000000000000000e+03
8.054000000000000000e+03
8.055000000000000000e+03
8.061000000000000000e+03
8.064000000000000000e+03
8.074000000000000000e+03
8.085000000000000000e+03
8.091000000000000000e+03
8.093000000000000000e+03
8.094000000000000000e+03
8.095000000000000000e+03
8.104000000000000000e+03
8.130000000000000000e+03
8.133000000000000000e+03
8.134000000000000000e+03
8.135000000000000000e+03
8.146000000000000000e+03
8.148000000000000000e+03
8.150000000000000000e+03
8.152000000000000000e+03
8.155000000000000000e+03
8.156000000000000000e+03
8.165000000000000000e+03
8.167000000000000000e+03
8.171000000000000000e+03
8.172000000000000000e+03
8.176000000000000000e+03
8.197000000000000000e+03
8.200000000000000000e+03
8.202000000000000000e+03
8.205000000000000000e+03
8.206000000000000000e+03
8.210000000000000000e+03
8.215000000000000000e+03
8.224000000000000000e+03
8.244000000000000000e+03
8.247000000000000000e+03
8.259000000000000000e+03
8.264000000000000000e+03
8.267000000000000000e+03
8.270000000000000000e+03
8.273000000000000000e+03
8.274000000000000000e+03
8.276000000000000000e+03
8.283000000000000000e+03
8.286000000000000000e+03
8.288000000000000000e+03
8.292000000000000000e+03
8.302000000000000000e+03
8.313000000000000000e+03
8.318000000000000000e+03
8.320000000000000000e+03
8.321000000000000000e+03
8.329000000000000000e+03
8.330000000000000000e+03
8.333000000000000000e+03
8.343000000000000000e+03
8.344000000000000000e+03
8.356000000000000000e+03
8.363000000000000000e+03
8.366000000000000000e+03
8.368000000000000000e+03
8.373000000000000000e+03
8.381000000000000000e+03
8.387000000000000000e+03
8.389000000000000000e+03
8.398000000000000000e+03
8.399000000000000000e+03
8.400000000000000000e+03
8.403000000000000000e+03
8.459000000000000000e+03
8.462000000000000000e+03
8.464000000000000000e+03
8.469000000000000000e+03
8.471000000000000000e+03
8.478000000000000000e+03
8.488000000000000000e+03
8.489000000000000000e+03
8.493000000000000000e+03
8.512000000000000000e+03
8.513000000000000000e+03
8.519000000000000000e+03
8.526000000000000000e+03
8.533000000000000000e+03
8.537000000000000000e+03
8.548000000000000000e+03
8.560000000000000000e+03
8.563000000000000000e+03
8.564000000000000000e+03
8.567000000000000000e+03
8.572000000000000000e+03
8.574000000000000000e+03
8.575000000000000000e+03
8.580000000000000000e+03
8.583000000000000000e+03
8.585000000000000000e+03
8.591000000000000000e+03
8.603000000000000000e+03
8.612000000000000000e+03
8.613000000000000000e+03
8.614000000000000000e+03
8.615000000000000000e+03
8.617000000000000000e+03
8.627000000000000000e+03
8.630000000000000000e+03
8.632000000000000000e+03
8.635000000000000000e+03
8.637000000000000000e+03
8.638000000000000000e+03
8.645000000000000000e+03
8.656000000000000000e+03
8.657000000000000000e+03
8.664000000000000000e+03
8.667000000000000000e+03
8.668000000000000000e+03
8.674000000000000000e+03
8.694000000000000000e+03
8.696000000000000000e+03
8.703000000000000000e+03
8.724000000000000000e+03
8.726000000000000000e+03
8.731000000000000000e+03
8.735000000000000000e+03
8.744000000000000000e+03
8.747000000000000000e+03
8.750000000000000000e+03
8.752000000000000000e+03
8.753000000000000000e+03
8.760000000000000000e+03
8.764000000000000000e+03
8.768000000000000000e+03
8.779000000000000000e+03
8.784000000000000000e+03
8.789000000000000000e+03
8.791000000000000000e+03
8.797000000000000000e+03
8.802000000000000000e+03
8.805000000000000000e+03
8.807000000000000000e+03
8.814000000000000000e+03
8.818000000000000000e+03
8.824000000000000000e+03
8.827000000000000000e+03
8.838000000000000000e+03
8.839000000000000000e+03
8.849000000000000000e+03
8.859000000000000000e+03
8.865000000000000000e+03
8.867000000000000000e+03
8.881000000000000000e+03
8.886000000000000000e+03
8.904000000000000000e+03
8.930000000000000000e+03
8.932000000000000000e+03
8.935000000000000000e+03
8.943000000000000000e+03
8.950000000000000000e+03
8.956000000000000000e+03
8.960000000000000000e+03
8.968000000000000000e+03
8.971000000000000000e+03
8.974000000000000000e+03
8.978000000000000000e+03
8.980000000000000000e+03
8.997000000000000000e+03
8.998000000000000000e+03
9.000000000000000000e+03
9.049000000000000000e+03
9.051000000000000000e+03
9.052000000000000000e+03
9.053000000000000000e+03
9.055000000000000000e+03
9.058000000000000000e+03
9.061000000000000000e+03
9.068000000000000000e+03
9.082000000000000000e+03
9.085000000000000000e+03
9.086000000000000000e+03
9.087000000000000000e+03
9.088000000000000000e+03
9.089000000000000000e+03
9.096000000000000000e+03
9.102000000000000000e+03
9.113000000000000000e+03
9.117000000000000000e+03
9.121000000000000000e+03
9.129000000000000000e+03
9.145000000000000000e+03
9.154000000000000000e+03
9.156000000000000000e+03
9.160000000000000000e+03
9.165000000000000000e+03
9.168000000000000000e+03
9.170000000000000000e+03
9.181000000000000000e+03
9.184000000000000000e+03
9.186000000000000000e+03
9.187000000000000000e+03
9.193000000000000000e+03
9.199000000000000000e+03
9.203000000000000000e+03
9.206000000000000000e+03
9.214000000000000000e+03
9.215000000000000000e+03
9.217000000000000000e+03
9.221000000000000000e+03
9.222000000000000000e+03
9.227000000000000000e+03
9.233000000000000000e+03
9.240000000000000000e+03
9.242000000000000000e+03
9.246000000000000000e+03
9.256000000000000000e+03
9.260000000000000000e+03
9.271000000000000000e+03
9.279000000000000000e+03
9.282000000000000000e+03
9.283000000000000000e+03
9.287000000000000000e+03
9.289000000000000000e+03
9.293000000000000000e+03
9.311000000000000000e+03
9.313000000000000000e+03
9.317000000000000000e+03
9.319000000000000000e+03
9.336000000000000000e+03
9.341000000000000000e+03
9.346000000000000000e+03
9.351000000000000000e+03
9.356000000000000000e+03
9.357000000000000000e+03
9.364000000000000000e+03
9.375000000000000000e+03
9.390000000000000000e+03
9.392000000000000000e+03
9.393000000000000000e+03
9.395000000000000000e+03
9.398000000000000000e+03
9.404000000000000000e+03
9.413000000000000000e+03
9.423000000000000000e+03
9.426000000000000000e+03
9.433000000000000000e+03
9.435000000000000000e+03
9.439000000000000000e+03
9.447000000000000000e+03
9.456000000000000000e+03
9.458000000000000000e+03
9.460000000000000000e+03
9.465000000000000000e+03
9.469000000000000000e+03
9.470000000000000000e+03
9.473000000000000000e+03
9.480000000000000000e+03
9.483000000000000000e+03
9.486000000000000000e+03
9.488000000000000000e+03
9.496000000000000000e+03
9.502000000000000000e+03
9.504000000000000000e+03
9.513000000000000000e+03
9.517000000000000000e+03
9.518000000000000000e+03
9.523000000000000000e+03
9.528000000000000000e+03
9.536000000000000000e+03
9.537000000000000000e+03
9.548000000000000000e+03
9.550000000000000000e+03
9.553000000000000000e+03
9.554000000000000000e+03
9.556000000000000000e+03
9.558000000000000000e+03
9.569000000000000000e+03
9.588000000000000000e+03
9.591000000000000000e+03
9.594000000000000000e+03
9.600000000000000000e+03
9.607000000000000000e+03
9.615000000000000000e+03
9.617000000000000000e+03
9.630000000000000000e+03
9.635000000000000000e+03
9.640000000000000000e+03
9.664000000000000000e+03
9.672000000000000000e+03
9.684000000000000000e+03
9.688000000000000000e+03
9.697000000000000000e+03
9.704000000000000000e+03
9.713000000000000000e+03
9.715000000000000000e+03
9.727000000000000000e+03
9.745000000000000000e+03
9.746000000000000000e+03
9.750000000000000000e+03
9.761000000000000000e+03
9.763000000000000000e+03
9.771000000000000000e+03
9.775000000000000000e+03
9.781000000000000000e+03
9.791000000000000000e+03
9.792000000000000000e+03
9.800000000000000000e+03
9.803000000000000000e+03
9.809000000000000000e+03
9.815000000000000000e+03
9.817000000000000000e+03
9.824000000000000000e+03
9.832000000000000000e+03
9.833000000000000000e+03
9.845000000000000000e+03
9.846000000000000000e+03
9.854000000000000000e+03
9.855000000000000000e+03
9.856000000000000000e+03
9.858000000000000000e+03
9.862000000000000000e+03
9.885000000000000000e+03
9.894000000000000000e+03
9.900000000000000000e+03
9.901000000000000000e+03
9.904000000000000000e+03
9.929000000000000000e+03
9.950000000000000000e+03
9.954000000000000000e+03
9.958000000000000000e+03
9.965000000000000000e+03
9.966000000000000000e+03
9.968000000000000000e+03
9.971000000000000000e+03
9.983000000000000000e+03
1.000200000000000000e+04
1.000300000000000000e+04
1.001500000000000000e+04
1.003400000000000000e+04
1.005000000000000000e+04
1.007000000000000000e+04
1.008200000000000000e+04
1.009200000000000000e+04
1.010300000000000000e+04
1.010600000000000000e+04
1.010700000000000000e+04
1.011000000000000000e+04
1.011900000000000000e+04
1.012800000000000000e+04
1.013100000000000000e+04
1.013200000000000000e+04
1.013500000000000000e+04
1.014100000000000000e+04
1.015400000000000000e+04
1.016300000000000000e+04
1.016500000000000000e+04
1.016600000000000000e+04
1.017000000000000000e+04
1.017300000000000000e+04
1.018400000000000000e+04
1.018900000000000000e+04
1.019000000000000000e+04
1.019500000000000000e+04
1.019600000000000000e+04
1.020700000000000000e+04
1.020800000000000000e+04
1.020900000000000000e+04
1.021300000000000000e+04
1.021600000000000000e+04
1.022600000000000000e+04
1.023200000000000000e+04
1.024500000000000000e+04
1.024900000000000000e+04
1.025200000000000000e+04
1.026300000000000000e+04
1.026400000000000000e+04
1.026800000000000000e+04
1.027500000000000000e+04
1.027800000000000000e+04
1.027900000000000000e+04
1.028300000000000000e+04
1.029000000000000000e+04
1.029100000000000000e+04
1.029500000000000000e+04
1.029700000000000000e+04
1.029800000000000000e+04
1.030000000000000000e+04
1.030500000000000000e+04
1.030700000000000000e+04
1.030800000000000000e+04
1.030900000000000000e+04
1.031500000000000000e+04
1.032300000000000000e+04
1.033100000000000000e+04
1.034800000000000000e+04
1.036400000000000000e+04
1.037200000000000000e+04
1.038000000000000000e+04
1.038400000000000000e+04
1.038500000000000000e+04
1.039200000000000000e+04
1.039800000000000000e+04
1.041200000000000000e+04
1.041600000000000000e+04
1.041700000000000000e+04
1.042000000000000000e+04
1.042600000000000000e+04
1.043100000000000000e+04
1.043300000000000000e+04
1.043700000000000000e+04
1.044200000000000000e+04
1.044600000000000000e+04
1.044800000000000000e+04
1.045000000000000000e+04
1.045100000000000000e+04
1.045700000000000000e+04
1.046600000000000000e+04
1.046700000000000000e+04
1.047700000000000000e+04
1.047900000000000000e+04
1.049200000000000000e+04
1.049600000000000000e+04
1.050200000000000000e+04
1.052300000000000000e+04
1.052900000000000000e+04
1.053100000000000000e+04
1.053900000000000000e+04
1.054100000000000000e+04
1.054200000000000000e+04
1.054500000000000000e+04
1.055600000000000000e+04
1.056600000000000000e+04
1.057400000000000000e+04
1.057800000000000000e+04
1.057900000000000000e+04
1.058000000000000000e+04
1.058200000000000000e+04
1.059400000000000000e+04
1.059800000000000000e+04
1.060000000000000000e+04
1.061300000000000000e+04
1.063300000000000000e+04
1.063700000000000000e+04
1.065600000000000000e+04
1.065700000000000000e+04
1.066200000000000000e+04
1.066500000000000000e+04
1.067100000000000000e+04
1.067700000000000000e+04
1.068200000000000000e+04
1.068500000000000000e+04
1.069600000000000000e+04
1.069700000000000000e+04
1.070700000000000000e+04
1.070800000000000000e+04
1.070900000000000000e+04
1.071000000000000000e+04
1.071700000000000000e+04
1.071800000000000000e+04
1.072600000000000000e+04
1.074000000000000000e+04
1.074500000000000000e+04
1.075600000000000000e+04
1.076600000000000000e+04
1.077200000000000000e+04
1.077500000000000000e+04
1.077700000000000000e+04
1.079000000000000000e+04
1.080100000000000000e+04
1.080400000000000000e+04
1.080600000000000000e+04
1.081600000000000000e+04
1.082100000000000000e+04
1.082300000000000000e+04
1.082600000000000000e+04
1.083200000000000000e+04
1.083500000000000000e+04
1.083600000000000000e+04
1.084200000000000000e+04
1.084400000000000000e+04
1.084500000000000000e+04
1.085200000000000000e+04
1.085800000000000000e+04
1.085900000000000000e+04
1.086500000000000000e+04
1.086700000000000000e+04
1.087200000000000000e+04
1.087500000000000000e+04
1.088000000000000000e+04
1.089200000000000000e+04
1.089400000000000000e+04
1.089800000000000000e+04
1.090300000000000000e+04
1.090400000000000000e+04
1.090600000000000000e+04
1.091400000000000000e+04
1.091500000000000000e+04
1.091800000000000000e+04
1.092800000000000000e+04
1.093500000000000000e+04
1.093600000000000000e+04
1.094000000000000000e+04
1.094300000000000000e+04
1.094400000000000000e+04
1.095000000000000000e+04
1.095200000000000000e+04
1.095500000000000000e+04
1.095900000000000000e+04
1.096200000000000000e+04
1.096300000000000000e+04
1.096800000000000000e+04
1.097600000000000000e+04
1.098700000000000000e+04
1.099700000000000000e+04
1.101900000000000000e+04
1.102100000000000000e+04
1.102200000000000000e+04
1.104400000000000000e+04
1.104600000000000000e+04
1.105100000000000000e+04
1.105200000000000000e+04
1.106500000000000000e+04
1.107300000000000000e+04
1.107800000000000000e+04
1.108100000000000000e+04
1.108900000000000000e+04
1.110400000000000000e+04
1.111900000000000000e+04
1.113800000000000000e+04
1.114000000000000000e+04
1.114200000000000000e+04
1.114600000000000000e+04
1.115200000000000000e+04
1.115900000000000000e+04
1.116300000000000000e+04
1.116500000000000000e+04
1.116600000000000000e+04
1.116800000000000000e+04
1.117200000000000000e+04
1.117500000000000000e+04
1.117700000000000000e+04
1.118200000000000000e+04
1.118500000000000000e+04
1.118600000000000000e+04
1.118800000000000000e+04
1.119500000000000000e+04
1.119700000000000000e+04
1.119800000000000000e+04
1.120200000000000000e+04
1.121100000000000000e+04
1.121300000000000000e+04
1.121500000000000000e+04
1.122200000000000000e+04
1.122500000000000000e+04
1.123300000000000000e+04
1.124100000000000000e+04
1.124400000000000000e+04
1.126600000000000000e+04
1.127200000000000000e+04
1.127800000000000000e+04
1.128100000000000000e+04
1.129900000000000000e+04
1.130200000000000000e+04
1.131300000000000000e+04
1.132000000000000000e+04
1.133000000000000000e+04
1.133400000000000000e+04
1.133500000000000000e+04
1.133600000000000000e+04
1.134000000000000000e+04
1.134100000000000000e+04
1.134700000000000000e+04
1.134900000000000000e+04
1.135100000000000000e+04
1.135800000000000000e+04
1.136500000000000000e+04
1.136800000000000000e+04
1.139700000000000000e+04
1.140000000000000000e+04
1.140100000000000000e+04
1.140900000000000000e+04
1.141500000000000000e+04
1.142900000000000000e+04
1.143200000000000000e+04
1.143300000000000000e+04
1.143400000000000000e+04
1.143500000000000000e+04
1.143700000000000000e+04
1.145500000000000000e+04
1.147000000000000000e+04
1.147300000000000000e+04
1.147600000000000000e+04
1.148000000000000000e+04
1.149600000000000000e+04
1.150200000000000000e+04
1.150700000000000000e+04
1.150800000000000000e+04
1.151100000000000000e+04
1.151400000000000000e+04
1.152600000000000000e+04
1.153700000000000000e+04
1.154400000000000000e+04
1.156100000000000000e+04
1.156700000000000000e+04
1.157600000000000000e+04
1.157700000000000000e+04
1.158300000000000000e+04
1.158400000000000000e+04
1.158800000000000000e+04
1.159400000000000000e+04
1.160900000000000000e+04
1.161100000000000000e+04
1.161900000000000000e+04
1.162100000000000000e+04
1.162200000000000000e+04
1.163900000000000000e+04
1.164200000000000000e+04
1.165900000000000000e+04
1.166000000000000000e+04
1.166200000000000000e+04
1.166400000000000000e+04
1.168400000000000000e+04
1.168500000000000000e+04
1.169500000000000000e+04
